coef,rank
-0.55,9269
0.336,652
-0.249,9627
0.126,3254
0.341,2029
0.189,1045
-0.0261,6161
-0.13,8034
-0.105,7254
-0.249,9814
0.139,1209
-0.0602,7837
0.067,2790
0.28,615
-0.086,6254
1.35,226
0.00744,4768
-0.0668,9039
0.0161,4509
-0.229,10186
-0.253,9711
0.269,2065
0.0678,3052
0.0454,3680
-0.207,7993
0.123,2651
-0.0563,7342
2.09,64
-0.301,9987
0.106,1907
-0.123,8515
0.174,2915
0.371,239
-0.087,6217
-0.0193,5630
-0.0214,6152
0.279,96
-0.381,10254
-0.175,9322
-0.123,8157
0.0985,1436
0.0194,4013
-0.0237,5602
-0.135,9444
-0.0322,5759
-0.321,10154
-0.033,6969
0.0389,2679
0.433,173
-0.0946,8116
-0.108,7780
-0.297,10039
-0.07,7104
-0.098,9462
-0.0418,6534
0.0995,2935
-0.327,8405
0.0479,3931
-0.119,9918
-0.165,10101
-0.0182,5338
-0.0387,6048
0.0881,1815
-0.0388,7499
0.103,1491
-0.116,9527
-0.00457,5468
0.0726,2459
0.067,3238
-0.323,7425
-0.165,10199
-0.116,8920
0.104,2378
0.105,2619
0.0278,4617
-0.0329,6384
0.0453,3407
-0.0101,5346
0.222,129
-0.0128,5689
-0.157,6572
0.287,858
-0.0142,5965
-0.077,8146
0.0943,2273
0.285,988
-0.113,8786
-0.409,10045
0.0744,1602
-0.0199,6389
0.0543,3846
-0.0941,7578
0.271,1120
0.06,3792
-0.05,6457
0.0153,4376
0.219,1493
-0.0618,7796
-0.0116,5539
0.314,192
0.00883,4699
0.0105,4710
-0.0146,5712
0.296,692
-0.0958,6589
0.06,3811
0.0204,4502
-0.153,8706
-0.074,6846
-0.0955,7503
-0.244,7965
0.203,1063
0.0378,3193
0.119,449
0.00968,4926
-0.0785,7687
0.0167,4209
0.0458,3720
-0.0742,7221
0.0673,1889
0.0692,2237
-0.0463,7388
0.31,1003
0.221,2324
-0.118,9576
-0.023,5480
-0.124,7135
-0.0342,5848
0.239,680
-0.17,9374
0.14,683
-0.0401,6736
-0.143,8015
0.0427,3700
-0.42,6472
-0.171,7701
-0.0226,6048
-0.0395,6543
-0.0221,4924
-0.0522,7740
-0.0144,5350
-0.00253,4889
0.134,1577
-0.0276,6323
-0.0922,7201
0.212,1296
-0.0641,7833
-0.196,8881
0.128,1693
-0.0208,6076
1.23,253
0.0346,4260
-0.172,7552
0.105,2193
-0.0594,6648
-0.0449,6675
-0.133,7520
0.11,1994
-0.219,9562
-0.0803,7271
0.0971,2850
0.0457,2486
0.201,861
0.00212,5160
-0.162,10076
-0.00095,5310
0.209,846
-0.0301,6544
0.173,1226
-0.163,7556
-0.00111,5388
-0.0153,5880
0.0471,2141
0.149,1146
-0.0504,7225
0.077,2945
0.0875,3667
-0.0139,6093
0.00378,4775
0.0615,3544
0.0496,3139
-0.177,10198
-0.0857,9139
-0.116,10348
0.015,4674
-0.0067,5334
0.0958,2694
0.0156,4569
-0.378,9414
-0.0865,8474
-0.136,8786
-0.0577,8856
0.0181,4382
-0.0776,6891
0.138,2767
-0.0834,8479
-0.0158,5559
0.286,1131
-0.108,9800
-0.0745,6457
0.00807,4570
-0.198,8524
-0.0359,6799
0.111,2504
0.0782,3186
-0.0101,5271
-0.143,8989
0.189,1342
0.161,562
-0.0411,7048
-0.0439,7050
0.184,1521
-0.0853,6990
-0.0419,5982
0.169,43
-0.188,10299
-0.0125,5703
0.129,1826
0.165,2421
-0.109,3860
0.00379,5022
-0.0144,5806
0.0442,2655
-0.05,6324
-0.105,6614
0.283,507
-0.18,9954
0.031,3428
0.0715,1797
0.0758,3315
0.128,1694
-0.0303,5459
-0.138,7921
-0.033,7175
-0.281,10250
0.0703,3245
0.212,2564
-0.0386,6035
-0.244,9393
0.278,1990
-0.0496,5782
-0.0395,6733
-0.136,9437
-0.00916,5325
-0.0583,7115
0.154,1288
0.405,283
-0.11,8821
-0.181,9053
-0.00247,5210
-0.0761,9051
0.0983,3298
0.232,1791
-0.334,9949
0.389,1300
-0.11,8590
0.068,2391
-0.124,9155
0.21,722
-0.0561,6758
0.156,1680
-0.102,8800
0.214,743
0.115,2655
-0.124,8936
0.103,2276
-0.369,9123
-0.169,8766
-0.0516,8609
0.123,1970
-0.0203,5710
0.0616,3452
-0.0383,6461
-0.109,8409
-0.137,8206
-0.226,10182
-0.108,8203
0.0831,3354
-0.0942,8235
-0.00977,5284
-0.108,7234
0.0763,3209
0.0517,3904
-0.0438,6093
0.0807,2885
0.0744,1780
0.0101,4630
-0.119,7831
0.0252,4335
0.475,110
-0.21,8521
0.0416,3176
0.0999,1728
0.356,955
-0.146,9623
-0.0715,6863
0.907,6
-0.0194,5723
0.0259,4006
-0.0907,7431
-0.0861,7512
0.0505,3863
-0.0674,5709
0.0585,2250
-0.0228,5717
0.0802,2331
-0.338,9223
-0.21,9059
-0.0457,7009
-0.125,10083
-0.0495,6834
-0.0721,7117
0.00564,4730
0.0198,4579
0.0763,3105
-0.307,9619
-0.168,8833
0.181,1927
0.0246,4181
-0.0497,6127
-0.347,9498
0.0671,2243
-0.128,9285
-0.12,9283
0.127,2020
0.003,4765
-0.063,5252
-0.0359,7073
0.0294,3772
-0.147,8142
0.00229,4848
0.369,348
-0.317,5258
-0.0534,7501
-0.0168,5986
-0.148,9408
-0.0972,8835
0.213,293
0.0937,3337
0.0511,2624
1.47,745
0.0695,3663
-0.093,9597
0.0622,1931
0.392,237
-0.0529,7582
0.0981,2450
-0.464,6649
0.0274,4282
-0.688,8230
-0.361,6247
-0.434,7685
-0.199,9010
-0.0846,6702
-0.118,8616
0.245,729
-0.07,8778
-0.0464,7831
-0.163,5399
-0.11,7059
0.0293,4190
0.628,557
0.0435,3726
-0.0131,5794
0.119,3195
0.137,2218
0.0428,3741
-0.0553,6945
0.0742,3436
-0.00627,5474
-0.0234,5726
-0.047,6181
-0.0425,6193
0.362,703
-0.142,8287
0.078,2387
0.198,1542
0.0171,4262
-0.00652,5289
0.272,2448
-0.0499,7084
-0.000414,4753
-0.126,8573
0.072,2941
-0.207,8666
-0.153,9129
-0.027,6099
0.107,1648
0.105,2104
-0.29,9637
0.193,760
0.091,3325
-0.231,9765
0.153,911
-0.058,5930
-0.077,7834
-0.152,8568
0.18,1059
-0.114,8626
-0.061,7529
0.00874,4892
0.0533,3815
0.0868,3057
-0.565,9803
0.0623,428
0.0194,4379
-0.0962,6962
0.0898,3365
-0.237,9742
0.242,948
-0.0697,8012
0.0461,2085
-0.0359,9603
0.123,1786
-0.221,8570
0.00994,4679
-0.197,8715
0.116,798
0.00131,4979
0.14,2010
0.0369,4330
-0.0436,5984
0.0868,3151
-0.0782,8286
0.0719,3229
-0.0538,6152
-0.227,9699
-0.136,8670
0.0287,3841
0.0376,3760
0.112,2773
-0.0352,6210
-0.0714,6900
-0.122,9043
0.233,834
-0.0253,6074
0.00826,4657
0.175,3014
0.158,2166
0.0301,4387
-0.389,9720
-0.079,8434
0.0909,2518
-0.199,9056
0.203,2583
0.0146,4579
0.228,1380
0.0744,2427
0.284,1192
-0.0714,6088
0.0629,3556
0.171,1532
0.082,2727
0.25,169
0.0669,1514
-0.0895,7189
0.166,1395
0.115,2499
-0.0372,6734
0.0681,2419
-0.0298,5693
-0.0435,6057
0.467,278
-0.176,9286
0.0299,4057
-0.154,9841
-0.0664,7605
-0.174,9110
-0.0954,7536
-0.0424,6884
0.0893,2293
-0.0573,6804
-0.168,8667
-0.175,10015
-0.21,8412
-0.0355,6011
-0.0217,5644
0.119,988
-0.163,7716
0.0181,4662
-0.00532,5088
-0.155,8401
0.0625,3420
0.108,1697
0.0727,2107
-0.193,10253
-0.0938,8685
-0.115,8598
0.171,1079
0.00376,4866
-0.237,10281
-0.0274,6190
-0.165,7663
0.0374,4156
0.0496,3279
0.0962,2411
-0.121,9257
-0.0611,6772
0.00901,4924
0.573,78
0.124,1320
-0.0458,7595
-0.0863,8450
-0.167,7925
0.158,1139
-0.268,8690
0.0398,4274
-0.323,10059
0.00849,4685
0.0597,4105
0.0922,3365
0.358,714
-0.161,6874
0.0647,1995
-0.098,9116
0.0137,4531
-0.126,8550
0.241,1205
-0.0758,7355
-0.0655,7925
-0.115,8530
-0.316,9269
0.507,61
0.199,1584
-0.113,6427
0.0805,1861
-0.127,8897
-0.103,8021
-0.0903,8241
-0.00303,5312
0.165,1512
-0.0831,8473
-0.0507,8301
-0.457,7693
-0.693,9115
0.216,3014
-0.0749,7283
0.0547,3764
0.19,591
0.247,839
-0.00226,4948
0.272,298
-0.146,9438
0.0684,3434
-0.0976,7816
0.0254,4421
-0.399,8659
-0.189,6484
0.225,168
0.11,2635
-0.107,8651
-0.236,9899
0.184,1312
-0.174,9506
0.41,50
0.0395,3850
0.139,1539
0.193,402
-0.0093,5380
-0.277,10346
-0.0147,5687
0.134,1148
-0.0511,6955
0.0237,4153
-0.0473,6022
0.189,266
-0.058,7520
-0.0238,5665
0.0446,3790
-0.0325,5905
-0.0441,6533
-0.0102,5386
0.0562,3349
0.185,156
-0.223,8134
0.185,648
-0.34,10111
0.621,365
-0.0326,6403
-0.0061,5040
-0.271,9597
-0.0908,8553
0.0586,2771
-0.0145,5273
0.198,252
0.209,314
-0.157,9322
0.06,3073
0.388,370
-0.158,7452
0.011,4364
0.231,659
0.434,129
-0.369,10442
0.255,433
0.125,1348
0.093,2624
0.174,482
0.0737,3453
-0.164,8048
0.398,49
-0.244,9638
0.085,2326
0.0925,1504
-0.0883,7027
-0.0737,8424
0.0233,4552
-0.107,6845
0.187,600
-0.00752,5325
-0.0693,6811
0.129,1364
-0.212,9276
0.121,2362
-0.161,9507
-0.0239,6038
0.0506,2621
0.0548,3475
0.0763,2894
-0.0332,6180
0.131,904
0.119,2365
0.0057,4762
0.698,1498
0.0728,4038
-0.0531,7193
-0.0458,7264
-0.0102,5542
-0.103,9052
0.126,2467
0.0185,4617
-0.123,9719
-0.0717,9381
-0.0152,5648
0.149,1948
-0.152,7731
-0.253,9771
-0.0207,5883
0.0382,3685
-0.183,5290
-0.0667,7065
-0.111,7037
0.254,662
0.0992,1511
-0.0814,7003
-1.07,9341
-0.139,9675
0.345,1261
-0.268,9508
-0.0861,9184
0.129,2594
-0.337,7109
-0.807,9847
-0.174,8644
0.234,1637
-0.231,10256
-0.00277,5129
-0.116,8457
-0.0488,8234
0.0971,2391
0.222,1568
-0.375,8751
0.079,1989
0.112,1812
0.0595,2512
-0.0385,5841
-0.0635,7439
0.165,2716
0.198,283
-0.195,9866
-0.0561,7142
0.192,1462
-0.23,8783
-0.176,8991
0.138,2218
-0.12,9648
0.0695,2959
-0.15,8217
-0.0327,6761
0.0625,3797
-0.0323,5517
-0.0337,6512
0.05,4054
-0.2,9219
0.0571,3969
0.036,4030
0.313,627
0.0564,3006
0.0118,4495
0.0473,4000
0.521,212
0.106,2406
0.13,2836
-0.0764,6367
0.0784,2923
0.102,2226
-0.385,8989
-0.0655,6755
0.000588,4937
0.12,1537
0.0081,4644
-0.0667,7924
0.219,879
0.474,614
-0.351,7092
-0.125,9574
-0.0742,8496
-0.0679,8113
0.241,1125
0.00492,4790
0.253,1610
-0.0331,6010
-0.0484,7074
0.0289,4485
0.37,258
-0.318,10372
0.0112,4936
-0.000567,5074
0.0942,1884
-0.192,7391
-0.112,6809
0.609,998
-0.119,7036
-0.164,10337
0.433,76
0.397,228
-0.173,10017
-0.167,9659
-0.287,8898
-0.15,9123
0.0663,3109
0.0158,4457
-0.0818,8087
-0.255,8377
0.0103,4779
-0.213,10411
0.0934,1350
0.0428,3473
0.151,1664
0.0163,4808
0.188,1675
0.148,734
-0.147,9216
0.141,1895
0.225,2136
-0.0629,6917
-0.0317,6493
0.000114,5074
0.00519,4787
0.0439,3737
-0.125,7356
-0.00857,5365
-0.106,8099
0.149,2377
-0.0673,8310
0.0208,4234
-0.098,7559
-0.0162,5712
0.169,2447
-0.0893,8000
-0.114,8002
0.0289,4323
0.248,1709
0.0696,3587
-0.197,9211
0.152,361
0.1,3179
0.215,2341
-0.233,9765
-0.254,9264
-0.138,8129
-0.0532,7040
-0.127,8769
-0.155,7869
-0.0575,8064
-0.223,8235
-0.0931,6747
0.134,2099
-0.0728,8323
0.0672,3203
0.177,1539
-0.0866,7203
-0.121,7656
-0.0999,8883
-0.0777,7133
0.0227,2456
-0.0027,6257
0.00117,5318
0.0109,2971
-0.0333,10130
2.04,523
0.363,407
-1.28,9985
0.118,1620
0.0371,3844
0.289,1495
-0.0258,5642
0.345,527
-0.0214,5957
-0.0685,6465
0.0744,2933
-0.212,8608
-0.0739,9301
-0.283,10362
-0.0445,6632
-0.581,9981
-0.242,7207
0.547,390
-0.434,9075
-0.0977,7710
-0.0132,5347
-0.0196,4953
0.224,1099
-0.218,9405
-0.517,10030
-0.237,10286
-0.0135,5491
0.308,1465
-0.126,8509
0.0349,3856
0.111,1282
0.485,561
0.315,437
-0.00857,5270
-0.0744,6177
0.0334,4282
0.0266,3988
0.000121,5173
0.0945,2623
-0.128,8788
-0.0618,6867
-0.343,10031
-0.0331,5611
0.0218,4441
0.0641,3582
-0.105,8276
0.205,1107
0.226,195
0.126,1027
-0.155,9215
-0.0771,7448
0.0519,2917
0.0387,4321
0.0132,4767
-0.0442,6608
-0.262,10413
-0.0809,6712
0.0608,2885
-0.0211,5597
0.174,2344
-0.0116,5505
0.111,2158
0.0182,4440
-0.129,9687
-0.235,9929
-0.0463,6821
-0.00931,5663
-0.196,10200
-0.183,10138
0.0142,4621
0.136,1957
0.491,219
0.142,515
-0.2,10412
-0.268,8394
-0.191,8463
-0.129,8902
0.0434,4040
-0.00677,5486
-0.0225,6238
-0.0888,8438
-0.369,9130
0.0824,2541
-0.0351,6614
-0.0669,5160
0.106,1987
1.4,69
-0.0562,8291
-0.0434,6826
0.116,1105
-0.58,7795
0.0337,3920
-0.0177,4903
0.227,2263
0.173,1091
0.504,672
-0.126,8738
-0.108,8661
-0.0566,6815
-0.0054,5290
0.0529,3472
0.131,1943
-0.153,8706
-0.016,5480
0.121,1733
-0.0395,6334
-0.243,9407
0.0339,3830
-0.127,7928
0.000256,4832
0.0315,4186
0.0187,4726
-0.967,10104
-0.883,8803
-0.108,7662
0.00279,4862
-0.225,9213
0.451,178
-0.0755,6513
0.293,240
-0.0308,5843
0.0375,3533
-0.0664,7336
-0.0215,6975
-0.0934,7681
0.153,1964
-0.293,10207
0.0943,1349
-0.00913,5062
0.177,182
-0.391,9922
-0.228,9753
-0.357,9821
-0.184,9262
-0.0159,6058
0.0237,4473
0.278,2069
-0.0724,7397
0.0726,2993
0.000293,5041
0.14,720
0.166,1673
-0.172,7717
-0.071,7288
0.111,2050
-0.239,9265
0.0262,3690
-0.0517,7269
-0.416,7158
-0.248,6245
-0.185,8553
-0.019,6067
-0.0613,5960
0.24,1199
-0.0544,5852
0.323,700
0.164,1296
0.141,2794
0.163,234
0.28,692
-0.168,4769
-0.406,9361
0.323,2401
-0.0885,7999
-0.0152,5376
-0.0954,7852
-0.184,7811
-0.32,8941
0.322,2204
-0.0139,6143
0.00704,4712
-0.351,9734
-0.0341,6086
-0.0945,6409
-0.0793,7908
0.02,4143
-0.0416,7193
-0.053,8746
0.173,1028
-0.0747,8356
0.0644,2250
0.0158,4423
-0.0869,8126
-0.013,5302
0.0211,4047
0.0217,4559
-0.418,9806
0.00809,4694
-0.122,8328
0.1,2178
0.216,1139
0.0993,2494
-0.0123,5153
0.041,3828
0.0219,4301
-0.151,4037
-0.367,10083
0.582,608
-0.0477,5991
-0.0821,6975
-0.114,8435
0.255,1433
-0.103,7744
0.185,666
-0.149,8855
-0.0786,7666
0.0515,936
-0.00444,5074
0.287,2889
0.00509,4749
-0.151,8698
-0.154,10140
-0.172,9784
-0.162,8241
0.0135,4388
-0.177,7333
0.164,554
-0.0756,7196
-0.0308,6608
-0.121,7951
0.0283,4414
-0.291,8783
-0.0595,6167
-0.277,9517
0.0573,2896
-0.234,10011
-0.0336,6266
0.126,2360
-0.2,7528
0.019,4285
0.0846,2050
0.044,4171
-0.0241,5562
-0.143,8607
-0.0164,5146
0.0976,1816
0.201,367
-0.0998,7128
0.163,1514
0.155,2473
0.783,54
0.0296,4236
0.203,369
-0.0116,5456
0.0675,3348
0.181,466
0.145,3481
0.00313,4897
-0.0747,8079
-0.15,7519
0.179,1614
-0.12,7306
-0.114,8119
-0.0343,5907
0.0273,4376
-0.106,6961
-0.17,8968
-0.015,5858
-0.142,9632
-0.0447,7190
-0.0397,6672
-0.0374,6526
-0.102,8597
-0.000778,5099
-0.176,8910
0.0502,3005
0.0231,4287
0.00564,4800
0.115,3019
0.0667,2864
0.172,2245
-0.196,9716
-0.131,9861
-0.388,9863
-0.0741,7001
-0.0672,6892
-0.423,9925
-0.0703,7035
0.0251,4298
0.178,2197
0.00617,4898
1.22,499
0.0403,3895
-0.00431,5401
-0.0809,7796
0.114,1412
-0.0433,6168
2.27,479
-0.11,8917
0.121,2043
-0.13,9534
-0.126,6877
-0.304,8963
-0.0421,6525
-0.113,8641
-0.195,10406
0.153,1228
-0.112,8025
0.112,2475
-0.0618,6653
0.0534,3074
0.0903,2338
0.000724,4818
0.106,2034
-0.185,8670
-0.128,7699
0.045,2881
-0.135,10021
0.0779,3034
0.031,3978
0.0703,3920
0.0326,4347
0.0322,4139
0.0476,3904
0.244,705
0.0744,3513
-0.185,7903
-0.141,7559
0.0805,2111
-0.0885,8581
-4.73e-05,4734
-0.0369,6436
0.0467,3772
0.114,3029
-0.137,9407
0.0866,1577
-0.29,9791
0.0301,4312
0.397,159
0.0839,3767
-0.0591,6129
0.0129,4580
0.0306,3771
0.208,1090
0.198,155
-0.0261,5176
0.0995,644
0.648,5
0.266,1278
-0.369,9019
-0.361,8086
0.0506,4347
0.18,955
-0.0237,6214
0.0111,4695
-0.0216,5925
-0.0966,6517
-0.172,8844
-0.0819,8720
0.104,1311
0.0202,4582
0.311,930
-0.174,9132
0.0767,2769
0.0613,2361
-0.0629,6945
-0.182,9110
-0.0389,6501
-0.296,10453
0.0318,4408
0.273,273
-0.106,6952
0.0284,3910
0.00579,5064
-0.0404,7475
0.0405,4025
-0.0858,9268
-0.217,9371
-0.0191,5391
-0.0949,8682
-0.485,9697
0.074,3202
7.82e-06,5176
-0.0263,5625
-0.00561,5084
0.203,955
-0.0268,5407
-0.232,8638
0.0684,2211
-0.0926,8864
0.17,1972
0.125,2722
0.0826,3376
0.304,288
0.0782,2992
-0.0474,7058
-0.454,8319
-0.0376,6203
-0.256,9030
0.00607,4875
-0.0913,8087
0.745,215
-0.0393,6736
-0.245,9092
0.0321,4301
0.141,1556
-0.0862,8739
0.0361,3910
0.0546,3270
-0.00281,5307
0.208,1122
0.149,973
0.0169,4388
0.0506,2841
-0.0559,7786
0.495,781
0.0123,4766
-0.0269,6225
0.0947,2139
0.00788,4965
11.7,1
-0.362,9381
0.0158,4706
-0.266,6174
0.0199,4272
-0.0398,5665
-0.0335,6431
0.108,1915
-0.193,9476
-0.291,10298
-0.16,8083
0.0328,3543
0.0647,2727
-0.0883,7602
0.27,1388
-0.343,9725
0.14,1612
-0.105,9857
-0.178,9737
0.0805,2529
-0.164,9527
0.11,1502
0.068,1984
-0.0289,6302
0.203,512
0.246,1207
0.419,1655
-0.284,8750
-0.152,8890
0.134,1392
-0.109,7477
-0.00706,5562
0.306,543
-0.177,8432
-0.172,9068
0.00987,4827
0.293,457
-0.376,7860
0.203,731
0.11,3134
0.0617,2636
-0.0147,5763
-0.074,8192
0.216,1782
0.035,4174
0.0323,4111
-0.0134,5783
0.0192,4369
-0.278,10391
0.131,1640
-0.194,10068
0.159,2248
0.0477,3894
-0.332,9494
-0.254,9798
-0.0973,7547
0.365,796
0.735,933
-0.116,8497
-0.316,9634
0.22,770
0.221,868
0.176,1702
0.061,4030
-0.213,10223
-0.0587,6925
0.0229,4239
0.0446,4415
0.0961,1632
-0.115,8193
0.213,92
0.0866,2444
0.0593,4088
0.0025,4702
-0.24,7823
0.117,1493
-0.00143,5088
-0.13,7675
0.214,595
0.423,428
-0.118,8989
0.0968,1590
-0.0031,5509
-0.194,9101
-0.118,9573
-0.0132,5495
-0.13,9834
0.0871,1620
0.0693,2448
0.421,37
-0.255,9207
-0.123,7729
0.0857,1596
0.0121,4751
0.311,265
-0.111,8518
-0.182,8936
-0.0978,6560
0.0644,3475
0.0896,1945
-0.115,9147
-0.163,8688
0.00583,4890
-0.322,9167
0.0147,4265
0.0705,2291
-0.0612,7469
-0.316,10009
0.00121,5404
0.148,2922
-0.0282,6117
0.0581,1784
-0.07,8429
0.0178,4490
0.0444,3557
0.171,1377
0.351,941
-0.145,8716
0.0773,2115
0.0062,4706
0.0484,3361
0.817,26
-0.0143,5224
0.073,3295
0.00324,4957
0.0588,3066
0.0839,2905
0.0176,4536
-0.0358,5699
-0.126,8059
-0.0397,6754
0.0544,3633
0.0195,4604
0.0887,2681
-0.315,9942
-0.099,7956
-0.21,9819
-0.174,8561
0.144,1268
-0.0658,7273
2.05,544
0.0924,3042
-0.0174,5459
-0.14,9679
0.0649,3044
0.0317,4241
0.0457,3260
0.0658,2909
-0.158,9739
0.0647,3968
-0.39,5789
-0.756,9922
0.242,895
-0.00789,4833
0.0543,4126
0.26,603
-0.0141,5246
0.0511,3834
-0.18,9512
0.00708,4700
0.373,264
-0.298,10007
0.0639,3323
-0.142,7970
-0.0595,7253
-0.0329,6695
-0.172,9073
0.0787,2948
0.0279,4464
0.00202,4981
-0.0457,5899
-0.111,9314
0.432,580
-0.142,9580
0.0283,4307
-0.0147,5502
-0.0276,6842
-0.0152,5960
0.0354,3933
0.143,1115
-0.209,7886
-0.201,6002
-0.0197,6197
-0.0784,9366
-0.278,9861
-0.0903,7632
0.737,1196
0.606,1220
-0.0303,6258
-0.139,8942
0.00829,4719
0.0373,3582
-0.157,9432
0.245,491
0.0835,2506
-0.0587,8222
0.0394,3237
0.242,157
-0.0125,5648
-0.202,10152
-0.0171,6669
-0.0014,5051
0.384,690
0.121,873
-0.335,9573
0.116,2002
-0.0743,8504
-0.0719,7539
-0.252,9745
-0.173,8133
-0.0612,7587
0.0806,3510
0.15,477
-0.0173,5783
-0.00362,6084
0.503,888
-0.0242,8847
-0.0743,6678
-0.0608,6679
-0.213,7259
-0.0861,6550
0.327,372
-0.284,10126
-0.364,9369
-0.0816,7140
0.0348,4455
0.181,1920
0.0163,4505
-0.0393,5489
0.0271,4272
-0.189,9365
-0.0576,6133
0.0413,3721
-0.162,9644
-0.132,8581
-0.392,8334
-0.215,6769
-0.182,8268
-0.115,8672
0.121,1554
0.0313,3778
0.0596,3065
-0.02,5583
0.0901,3462
0.206,1158
0.0581,1395
0.0453,3820
0.0369,3693
-0.0143,4926
-0.0205,5821
-0.193,8685
-0.0712,8533
0.0154,4387
-0.0442,6590
-0.0992,8117
0.0654,2707
-0.0737,6262
-0.056,6399
-0.0468,6625
0.144,1442
-0.224,9946
0.0274,4684
0.673,344
0.0281,4107
0.265,66
-0.147,9435
-0.249,9794
0.00113,5225
-0.0566,6201
-0.235,10358
-0.16,9466
-0.196,9822
0.0911,2534
-0.286,8483
-0.0366,6144
-0.0316,6548
0.0175,4400
0.144,2069
-0.076,7321
0.0215,4298
0.0648,3651
0.0937,2551
0.0513,2047
-0.282,9717
0.35,383
-0.1,7188
-0.42,10300
-0.0929,8368
-0.113,8730
0.118,1810
0.122,2555
0.289,1362
0.776,150
0.235,16
0.126,326
0.0356,3928
-0.0973,8500
-0.174,6950
0.109,1143
-0.0304,6485
-0.157,8524
0.0576,3579
-0.0402,5588
-0.129,7261
0.0578,3270
-0.0846,7703
0.153,979
-0.0169,5878
0.0816,2169
0.0262,4303
0.126,1854
0.172,849
-0.111,9465
-0.00971,5098
0.115,2658
0.0751,3194
0.176,739
0.0194,3877
0.0805,1649
0.118,3070
0.272,2059
-0.156,7653
-0.0998,7377
-0.0298,5792
0.0321,3968
-0.0567,7716
0.0085,4809
0.114,2475
0.0417,3867
-0.0733,7459
-0.162,8809
-0.325,9483
-0.207,9138
0.0429,4194
0.0186,4492
-0.0285,6566
0.379,460
-0.146,8424
-0.000296,5367
-0.354,9506
0.126,2704
-0.0238,6364
-0.126,8795
0.0489,3182
-0.194,3867
-0.263,7995
0.0229,4337
-0.0206,5851
-0.149,9521
0.045,4005
0.0803,3866
-0.256,10460
0.361,13
0.472,200
-0.0524,6878
0.00678,5048
0.0622,3310
-0.036,6055
-0.0727,7882
-0.127,8651
0.0637,2826
0.0877,2406
-0.0154,5535
0.0012,5074
0.0086,4770
-0.114,8499
-0.0121,5348
0.052,3796
0.131,1530
-0.0275,5610
-0.0282,5814
-0.0702,9060
0.0509,2304
0.311,2082
0.106,3050
1.02,213
-0.107,7364
-0.0594,8001
-0.0144,5949
-0.214,9945
0.119,2357
-0.0259,5908
0.153,1010
0.00558,4799
0.589,60
-0.0419,6289
-0.0801,7117
0.14,1061
-0.107,7842
-0.105,7993
-0.00807,5452
-0.0651,7216
0.276,620
-0.0125,5595
0.0252,4360
0.00457,5026
0.0252,3877
0.0988,2527
-0.212,9401
0.278,1286
0.45,1483
0.174,855
0.0407,3705
0.383,641
0.0758,3798
0.0494,3510
-0.121,8929
-0.0556,7266
-0.0751,8330
0.0376,3023
0.319,752
0.0554,3384
0.0551,3418
-0.271,10436
-0.0783,8164
0.0572,3342
0.26,535
0.103,1023
-0.194,7615
-0.0484,7666
-0.00564,5415
0.0236,4489
-0.0488,5579
0.168,1184
-0.00949,5205
0.0221,4048
0.168,2059
0.0751,2600
-0.153,8843
0.075,3795
-0.141,8368
0.0343,3871
0.0151,4695
-0.184,9871
0.0536,3575
-0.0266,5408
0.0541,2753
-0.0886,9196
-0.0604,6024
-0.291,8146
0.0642,3116
-0.0461,6481
-0.171,9712
0.239,420
0.0489,3047
-0.0132,5363
0.209,1319
-0.135,8961
-0.102,8355
-0.0245,5380
-0.0932,7112
-0.0177,5474
0.122,3074
0.108,3227
-0.0353,6381
0.00439,5008
0.151,815
0.027,3999
0.112,2733
-0.228,8840
0.0836,1453
-0.0036,5170
-0.281,9118
-0.0377,6784
0.281,697
-0.0926,6942
-0.169,9382
0.0922,2609
0.0163,4388
0.0761,2879
0.0571,3173
-0.147,9167
0.172,515
-0.134,9642
-0.183,8667
0.0903,2552
0.228,514
-0.478,9965
-0.0867,6503
-0.0265,6173
-0.0664,7186
-0.0927,7649
0.397,34
-0.049,5821
0.036,3830
-0.0593,7589
0.517,517
-0.0943,8336
-0.108,8243
-0.0714,6784
0.0191,4389
-0.02,5646
0.076,1999
0.385,918
0.0864,3418
0.108,3123
0.203,721
-0.0456,6602
0.0372,3456
0.242,1374
0.273,528
0.316,396
0.188,1119
-0.0285,6215
-0.291,8922
-0.293,9636
-0.0749,6101
-1.14,10054
-0.142,8625
0.157,2163
0.0419,3873
-0.221,10018
0.104,1425
0.0151,4482
-0.124,7318
0.0889,2823
0.0489,3817
-0.000494,5259
0.00361,5102
-0.116,9577
-0.149,7377
-0.221,9516
0.273,1136
0.127,1515
0.0287,2964
0.0999,1598
0.323,271
-0.221,8326
0.0554,4018
-0.228,8695
0.0334,3917
-0.0973,9258
-0.029,5756
-0.183,9211
-0.0457,6272
0.109,1775
-0.189,10340
0.0335,4121
-0.875,8739
0.158,2072
0.113,2145
-0.0414,6288
-0.146,7828
0.498,8
0.0656,3394
-0.138,8542
-0.0132,5804
-0.0755,8285
0.13,1725
0.053,3864
-0.244,10140
0.181,1822
-0.0464,6742
-0.155,9218
0.0711,3418
0.452,161
0.45,415
0.165,989
0.246,957
-0.0792,6920
-0.0961,7552
0.153,1516
0.00666,5170
-0.133,8820
2.52,430
-0.0884,7475
-0.106,5186
0.0577,2306
0.0945,1573
-0.291,4953
1.76,700
0.174,1878
-0.0747,6384
-0.107,6391
0.0476,3440
-0.0516,7096
-0.419,10326
-0.0984,6343
-0.223,9307
-0.0246,6210
0.0547,3126
-0.0188,5464
-0.00639,5339
0.168,2227
-0.162,5365
-0.0763,8606
0.0172,4663
0.0694,3140
-0.17,8023
-0.0938,7645
0.236,667
-0.0115,5795
0.127,2682
0.013,4682
-0.128,8774
0.191,2316
-0.133,7680
-0.0586,6597
0.166,595
0.057,2987
-0.158,8690
-0.115,8916
-0.193,9633
0.0114,4234
-0.025,6890
0.253,1154
0.00731,4582
-0.164,10195
0.271,559
-0.0238,6157
-0.131,9535
-0.406,9731
-0.0258,5368
-0.166,6759
-0.188,8907
-0.0274,5698
-0.205,9047
-0.198,9781
0.482,420
-0.159,8278
-0.0998,7554
-0.104,8496
0.29,710
0.31,490
-0.387,9663
0.216,926
0.138,1739
0.0891,1555
-0.116,8504
0.0876,1257
-0.00586,5553
0.00421,4941
-0.0305,5861
0.18,692
0.0471,3510
-0.114,9174
-0.075,6929
-0.125,5929
-0.0557,7959
0.26,375
-0.052,7317
-0.176,8752
-0.242,8210
-0.0831,7835
-0.116,6640
0.0132,4650
0.0388,4062
-0.0648,7081
0.0526,3249
0.188,145
0.129,1676
0.097,1948
0.0584,3298
-0.043,5979
-0.0488,6832
0.124,2161
-0.195,9310
-0.0721,8854
-0.0665,7784
-0.102,7416
0.0183,4511
0.0997,1188
-0.0139,5673
0.0472,3450
0.133,1600
0.141,1690
0.0463,3519
0.0315,4304
-0.0675,6308
0.176,1017
-0.0757,8281
0.00278,4966
-0.447,8627
-0.116,7438
0.0612,3483
-0.0415,5903
0.052,3260
0.108,2741
0.335,1100
-0.113,9827
0.0835,2543
0.0274,4306
-0.197,10235
-0.541,8113
-0.0689,6871
0.106,2405
0.1,3691
-0.0736,7773
-0.318,10103
0.0533,3357
0.0391,3738
0.109,1698
0.116,2942
0.0707,1912
-0.0908,8653
0.235,1197
-0.151,8182
0.163,1030
-0.053,7407
-0.106,9603
-0.0542,8348
-0.119,9063
-0.13,8059
0.0337,3710
-0.0893,7635
-0.00793,5451
0.0421,3810
0.13,1422
0.00487,4917
-0.115,7025
0.353,10
0.00227,4891
-0.137,8589
0.113,3306
0.022,4151
0.352,1123
-0.137,9072
-0.034,7333
0.0717,3831
0.0624,3691
0.062,2899
0.034,3756
0.0656,3402
-0.0742,8474
0.0891,2492
-0.259,9082
0.239,1443
0.508,383
-0.0579,5573
-0.0913,8231
-0.096,9130
0.0426,2926
0.103,3087
0.213,1238
0.215,976
-0.177,9613
-0.195,9850
-0.0875,7436
0.186,771
-0.239,8446
0.0863,3562
0.106,1530
0.0908,2170
-0.233,9207
-0.0266,6264
-0.0115,5222
0.287,2363
0.0424,3208
0.226,1141
0.154,1255
-0.0719,7679
-0.149,8894
-0.176,7346
0.0112,5036
0.0821,3402
-0.0262,6185
-0.186,9227
0.0593,3626
-0.028,6018
-0.0739,7688
-0.485,10409
0.384,751
0.102,1685
0.571,339
0.0676,3464
-0.00411,5502
-0.0645,7219
-0.112,8739
0.124,1079
-0.163,8979
-0.176,9911
0.258,1010
-0.0344,6724
-0.0715,7323
0.113,2779
-0.0274,5245
0.0473,3374
-0.0118,5206
0.0475,3829
-0.139,8498
-0.0473,6320
0.175,685
-0.331,9328
0.02,4000
-0.0882,8544
0.0716,1889
0.116,1122
-0.17,10131
-0.049,6251
-0.241,8281
-0.13,7780
-0.0291,6246
-0.0643,6649
0.426,620
0.0405,4112
0.0134,4780
-0.00424,5747
-0.226,9919
0.0746,2918
0.154,2201
0.173,2300
0.347,200
-0.166,8993
-0.0912,7597
-0.138,8135
0.0504,3081
0.185,466
-0.0281,5960
-0.0158,5967
0.156,1799
0.0628,2851
-0.182,7499
-0.296,9943
0.00864,4715
0.0864,1792
-0.0433,6033
-0.0527,7324
-0.00624,5143
-0.00233,5126
0.403,197
0.0815,1609
0.212,808
-0.0161,5791
-0.17,8329
0.373,1281
-0.0905,6425
-0.17,8544
0.0651,3274
0.076,3311
0.0335,4022
0.0137,4635
-0.328,9703
-0.0259,5871
0.151,1723
-0.157,9840
0.0276,3969
-0.013,5190
0.111,590
0.152,24
-0.133,7821
-0.139,7624
-0.105,9786
0.25,2193
0.00548,4856
-0.0709,8123
0.0301,4038
0.205,1161
-0.128,7853
0.0403,4227
-0.0902,7416
-0.0102,5402
0.0694,2661
-0.0744,7615
-0.107,7146
0.0409,3704
0.395,120
0.0567,2632
0.0665,2814
-0.204,8023
-0.177,8411
0.0284,4238
0.0236,3865
-0.0595,7484
-0.00946,5525
-0.109,7013
-0.19,8080
-0.274,9844
0.214,63
0.0214,3695
-0.195,8594
-0.279,9001
-0.0726,5893
0.281,1387
0.0251,4686
-0.048,6174
0.0408,3917
-0.0268,6084
-0.268,8805
-0.0286,6013
0.137,975
-0.0222,5350
0.59,116
0.0861,2184
0.12,3172
0.275,1913
0.0317,3589
-0.137,8984
0.0692,3512
0.167,1755
0.752,48
0.059,3735
0.465,47
-0.113,7986
0.211,535
0.0153,4585
-0.112,5118
-0.0597,5888
0.177,878
0.0774,3429
0.0532,3425
-0.0334,5997
-0.0649,6957
-0.0858,8069
0.105,2133
0.029,4134
0.0476,3665
-0.0815,5431
-0.162,9302
0.249,924
0.00862,4843
-0.113,9973
-0.143,8565
0.229,1221
0.122,1250
0.543,133
-0.0284,6831
0.0727,1538
0.151,2396
-0.0438,6287
0.335,173
-0.16,9230
-0.185,8863
-0.0819,8005
0.0752,3108
0.218,2154
0.0216,4367
0.159,2801
0.134,2094
0.208,104
-0.134,7903
-0.0776,7396
-0.0459,6504
-0.351,8672
0.0542,3064
0.0159,4285
-0.01,5249
0.0403,3208
0.0118,4572
0.0157,4638
0.182,1417
0.0595,2666
-0.062,6882
0.107,1695
0.24,1242
-0.0539,6795
-0.0351,6703
0.0276,4141
-0.402,9576
0.0986,3348
0.149,2392
-0.101,8231
-0.0921,9215
-0.139,10216
0.067,3353
-0.181,7920
1.28,139
-0.123,5339
0.0196,4305
0.0884,1488
-0.176,9299
0.216,461
0.00611,4948
-0.157,7750
-0.221,10343
-0.0239,6220
0.291,247
-0.288,10193
-0.127,9014
-0.279,9381
0.0633,2141
0.0243,4394
0.131,2720
-0.0563,6872
-0.0958,7934
0.185,1384
0.0519,3050
0.106,1627
0.134,1862
-0.0477,6254
0.341,626
0.151,1583
-0.164,10365
0.238,2527
-0.0292,6605
-0.16,8911
0.135,2251
-0.197,7881
-0.0518,6847
-0.0561,7786
-0.016,5321
-0.0235,5630
-0.181,8926
0.291,1807
-0.172,8681
-0.107,7439
-0.0703,6233
0.0022,5005
0.0799,3194
0.164,833
-0.0824,8540
0.0701,3329
0.129,693
0.233,1199
0.0504,3815
0.636,628
0.105,1951
-0.3,7047
-0.184,9149
0.0466,3724
0.0992,2095
-0.176,9684
-0.0369,6792
-0.331,10198
0.111,1943
-0.225,7759
-0.152,10348
0.185,959
-0.167,10077
-0.0589,6748
-0.0221,5616
0.143,1828
-0.149,8779
-0.0358,6086
0.213,2030
-0.069,6861
-0.204,9455
-0.0115,5352
0.123,1478
0.679,3
-0.0644,8640
0.216,2029
-0.0894,4869
0.239,1981
-0.0343,6204
0.252,743
-0.136,9572
0.0748,2965
-0.353,10387
-0.149,7387
-0.0824,7901
0.14,1500
-0.156,9951
0.0844,2939
0.0159,4552
0.0363,4510
-0.0354,5266
-0.287,10414
0.0691,1704
0.0902,1604
0.288,269
0.245,1991
0.853,518
0.0193,4176
-0.0295,6801
0.0119,4782
-0.244,9297
-0.308,7914
-0.0211,5552
0.279,170
-0.0523,7548
-0.0606,6791
0.355,622
-0.166,10099
0.281,4
-0.00373,5023
0.0227,4167
0.00897,4815
0.246,219
0.0799,3025
-0.0325,6176
0.0421,4031
0.129,1767
-0.276,9875
-0.0927,7687
0.288,969
-0.377,10260
-0.0072,5331
0.068,3042
-0.164,9171
-0.174,8140
0.363,2485
-0.151,8566
-0.0904,8029
0.268,687
-0.487,10339
-0.11,10166
-0.209,10233
0.018,4476
-0.042,7223
-0.0147,5866
-0.0622,6078
-0.0478,6611
0.0541,3592
0.0414,4062
0.124,2033
0.123,1723
0.126,2093
0.244,695
0.0156,4448
0.0383,4120
-0.145,8047
0.165,1212
-0.228,10017
0.183,2928
0.0935,3313
0.0719,3683
0.235,1454
-0.21,10101
0.12,2300
0.0862,2215
-0.0819,6391
0.0192,4011
-0.0443,7045
-0.00396,5169
-0.0189,5481
0.204,2297
-0.055,7991
-0.0623,6756
0.0195,4161
-0.181,9327
-0.0923,7295
0.0335,3997
-0.343,9182
-0.0449,5607
-0.0492,7021
0.118,1092
-0.0446,6916
-0.138,10212
0.116,910
0.128,1257
-0.26,9484
0.0321,3871
0.0603,3112
-0.139,8803
0.125,1713
0.0502,3666
-0.18,8069
0.0111,4856
0.494,558
0.335,1071
-0.0323,6692
0.198,678
0.0299,4198
-0.00885,5592
-0.0238,5973
0.408,9
-0.0826,7807
-0.126,8509
-0.207,9620
-0.146,7110
0.00744,4788
-0.253,10280
-0.03,6365
0.268,1097
0.0515,3560
0.073,2053
-0.114,8512
-0.0452,6477
-0.12,8011
-0.12,7288
0.104,2497
0.0277,4319
-0.0291,6440
0.107,1291
-0.348,9628
-0.117,7893
-0.0872,7093
0.0814,2566
-0.0624,7053
-0.0568,6338
0.0336,4110
-0.0923,8114
0.2,1705
-0.0512,7449
0.021,4441
-0.109,9654
0.00799,4690
0.0604,3745
0.0787,3440
-0.263,9898
0.0813,3422
0.112,1366
0.00262,5198
-0.0966,7777
0.0255,4066
0.0362,4419
0.0816,1358
0.135,1121
-0.296,8340
0.114,3437
0.0301,4460
0.145,1272
0.00491,4751
-0.0451,7183
-0.103,5880
-0.318,8627
0.197,1429
0.00995,4814
-0.124,8428
-0.0758,6553
-0.306,5446
-0.563,7754
-0.366,5791
0.0753,3835
-0.0552,7302
0.0983,2900
0.216,818
-0.553,8132
-0.252,9453
-0.067,7705
0.15,52
-0.0355,5903
-0.0965,7388
0.0175,4430
0.196,2443
-0.149,9262
0.1,1647
0.085,3505
0.119,1997
0.114,3262
0.197,542
0.0822,2577
-0.138,9533
-0.111,7429
0.308,785
0.0163,4687
0.0789,1547
-0.107,6911
-0.00528,5246
-0.121,8024
0.0733,3249
-0.0357,6273
0.0405,3796
0.0629,3295
-0.0706,7450
0.165,779
-0.0094,5236
0.131,3217
-0.0793,7674
0.0846,464
0.0856,2388
-0.122,7247
0.0716,3115
-0.111,6859
-0.107,9156
0.0209,4279
0.0514,3952
-0.272,9401
-0.0657,7020
0.211,2281
-0.0722,6570
-0.237,10368
-0.0705,6889
-0.188,8494
-0.0349,6373
0.29,2250
0.116,1296
-0.0703,7782
-0.15,9069
0.0504,3736
-0.083,6902
-0.0489,6315
-0.0273,5815
-0.18,8443
0.0466,3641
0.342,326
0.121,2588
0.214,2196
-0.0805,6961
0.18,534
0.0362,3899
0.162,1396
0.0667,3147
-0.15,7968
0.0915,1310
0.0324,3028
-0.0811,6830
-0.223,7128
0.406,1212
0.0383,4405
-0.0597,6959
0.0672,2479
-0.0102,5662
-0.434,10014
-0.373,9188
0.206,837
0.143,2875
-0.0713,6214
-0.058,6586
-0.0515,5654
-0.00769,4715
-0.0593,7436
0.294,124
-0.0449,6925
-0.0973,7396
0.0227,4370
-0.157,9069
-0.259,10404
0.2,1462
0.0205,4024
-0.0594,5885
-0.0452,6117
-0.0148,5086
-0.267,9768
-0.0244,6380
0.0237,3687
-0.182,8252
-0.187,9018
-0.308,9146
0.12,3050
-0.0338,6501
0.147,819
0.175,1503
-0.119,8042
-0.259,9020
-0.141,8279
-0.0387,7716
-0.0342,6665
-0.14,7968
-0.0138,5295
-0.199,10039
0.337,390
0.0264,4185
0.11,1666
-0.0703,7421
-0.514,9729
0.275,1894
-0.0409,6001
0.0359,3715
-0.129,8922
0.27,172
-0.0957,7864
-0.107,8480
-0.174,8633
0.11,1384
0.0433,3372
-0.0959,7290
-0.0352,6054
0.126,1883
0.218,1386
-0.00413,5319
-0.113,7890
0.167,2405
0.0268,4418
-0.209,8152
0.192,2731
0.0362,3732
-0.122,8676
0.285,492
-0.115,8381
0.0469,3719
0.0223,4503
0.0471,2888
0.00176,5183
-0.194,10000
0.056,3964
-0.115,7111
0.00644,4886
0.0391,2675
-0.141,9173
0.0228,4306
-0.148,9517
0.0275,4051
-0.0065,5043
0.512,209
-0.0914,9264
0.0697,2989
-0.211,9817
0.0772,2722
-0.149,7426
0.0335,3514
-0.103,9023
0.128,1535
-0.297,10084
0.306,1057
-0.179,7076
0.16,671
0.0689,2982
0.204,278
-0.0628,7426
0.0272,4274
0.225,905
-0.00758,5459
0.00841,4851
0.0276,4279
0.0318,4230
-0.396,9026
-0.0687,6806
-0.155,9366
-0.0815,6869
0.00536,4810
-0.0907,6892
-0.2,9373
0.209,3037
-0.107,8098
-0.0115,5564
0.166,1200
0.108,2230
0.0685,4166
-0.0734,6702
-0.0138,5526
0.00851,4717
-0.00442,5400
0.17,964
0.145,2339
-0.191,7152
0.358,114
-0.174,9425
-0.0483,5329
0.144,3364
0.396,48
0.207,484
0.165,1484
-0.0481,6722
0.317,229
0.31,266
0.147,1559
0.232,1448
-0.122,9103
-0.0978,8696
0.142,1623
-0.0597,7643
0.311,1011
-0.0402,5675
0.186,801
0.0665,1195
-0.395,9253
0.171,1341
-0.179,10064
-0.117,9705
-0.14,10011
0.0577,3339
0.048,3456
-0.137,8319
-0.0546,5997
0.00348,4749
-0.0569,8198
-0.0296,6341
-0.128,7684
-0.33,9918
-0.227,9881
0.048,3973
-0.0593,8234
-0.226,10255
-0.108,7905
0.443,209
-0.0248,5595
0.217,228
0.0251,3688
-0.0517,7620
0.182,1378
-0.00726,5363
0.0629,3634
-0.152,7840
0.126,2614
0.033,3383
-0.16,7672
-0.0639,6752
-0.265,8782
-0.0709,8016
-0.137,10162
0.0797,2419
-0.269,9708
0.0544,3968
0.124,2625
-0.0251,6146
-0.0755,9450
-0.108,8687
0.263,455
-0.177,7597
-0.0834,5853
0.265,1049
0.0557,3099
-0.124,9558
-0.186,7435
-0.288,9419
-0.264,10138
-0.0215,5200
0.0824,1777
-0.144,8946
-0.117,8209
-0.0728,7179
0.308,518
-0.14,9426
-0.179,4838
0.158,1788
-0.194,7834
-0.15,9060
0.0934,3754
-0.106,7253
0.121,195
0.0254,4380
-0.213,5304
0.454,586
0.361,958
-0.191,7767
0.157,451
0.0116,4589
1.38,771
-0.335,7447
1.16,1265
-0.00519,5168
-0.222,7731
-0.463,10143
-0.206,8031
0.0185,4846
0.0339,4053
0.0888,2474
-0.891,9149
-0.287,5229
-0.485,10215
-0.0106,5804
-0.0853,8621
-0.517,8281
0.247,2168
0.269,1982
0.169,2378
0.0784,2997
0.334,2368
-0.207,7613
-0.0486,7865
-0.115,7626
0.327,94
-0.0974,7226
-0.383,6821
-0.198,9427
0.768,30
-0.0203,5450
-0.229,10001
-0.927,10155
0.228,2345
0.113,2297
-0.179,6160
0.116,2914
0.0162,4516
-0.142,6653
-0.156,8320
0.0822,3466
-0.201,5128
-0.0358,6397
0.0754,2412
-0.0618,6749
0.0284,3747
-0.269,9618
0.145,2035
-0.0852,8341
0.0741,2263
0.777,6
-0.21,9013
0.151,1807
-0.214,9676
-0.0647,7213
-0.38,10016
0.059,3303
-0.0748,8567
-0.0804,9547
0.094,2917
-0.0495,6721
-0.083,7668
0.0264,4045
-0.0633,8679
0.0999,2084
-0.784,9644
-0.347,6773
2,2
-0.00518,4611
-0.512,9929
0.0927,2439
0.0532,3572
-0.0881,5997
-0.00778,5360
-0.0532,6981
0.0968,858
-0.0318,5921
0.0579,3605
-0.08,8558
-0.164,8416
-0.0935,8570
0.142,1686
-0.582,9937
-0.0641,7346
-0.0383,6350
-0.154,7945
-0.041,6986
0.00668,4782
0.0196,4302
-0.0068,5020
-0.0926,8642
-0.13,8970
0.186,935
-0.0441,5991
0.0793,1453
-0.119,7568
0.0353,4013
0.384,170
0.0076,4622
-0.0336,5852
0.206,1370
-0.00527,5258
-0.33,9667
-0.0914,7272
0.0215,3948
0.00468,4668
-0.117,8166
-0.0447,5745
-0.097,9120
0.0482,3369
-0.233,9654
0.00676,4692
0.0486,3684
-0.215,7869
-0.333,9940
0.0726,2797
0.0142,4471
-0.0888,7119
-0.117,8735
0.195,2053
0.166,1820
-0.144,7528
-0.148,10367
0.0612,2696
-0.0135,5546
-0.143,8808
0.164,1744
-0.134,7943
0.00263,4988
-0.124,9129
-0.0674,8877
-0.108,7894
-0.238,9779
0.118,1377
0.127,2269
0.0768,3026
-0.29,10209
0.12,2680
-0.00309,4835
-0.47,9052
0.0968,1206
-0.0565,7683
0.13,787
-0.231,10112
-0.0657,5538
0.0993,1188
0.0416,2402
0.0629,3487
-0.063,6380
-0.0365,5666
0.21,985
0.0697,2944
-0.197,9743
0.0953,1405
0.0499,3216
-0.169,9426
0.191,2768
0.258,2419
-0.0513,7125
-0.0151,5889
-0.139,6903
0.00883,4715
0.452,1217
0.139,3143
0.153,2067
-0.0884,6583
-0.21,6685
0.269,682
-0.0673,4942
0.565,60
-0.204,8159
-0.229,7958
-0.175,9682
0.183,291
0.0735,3648
0.142,2411
0.0419,2325
0.0244,4558
-0.0268,6502
-0.0883,8170
-0.129,7111
-0.192,9481
0.0995,1055
-0.0417,6670
0.307,362
-0.0208,5576
-0.283,10006
-0.0397,6313
-0.156,9665
0.144,405
-0.153,8668
0.0515,3709
-0.0814,6290
-0.0663,6799
-0.121,9731
0.215,884
0.0589,3257
0.0198,4160
0.0185,4651
0.19,2580
0.0154,4407
0.0607,2177
0.0667,3412
-0.186,9326
-0.108,10028
-0.041,6255
0.0226,3840
-0.181,10060
-0.101,6436
0.167,2126
-0.0293,5441
-0.109,7563
-0.238,9966
-0.018,6642
-0.0613,6919
-0.0888,8181
0.268,303
-0.00244,4974
-0.145,9279
-0.0278,6322
0.0505,3304
0.0422,3388
-0.0482,6384
-0.103,6935
-0.0344,6481
-0.0454,6536
0.136,1868
0.233,1764
-0.146,7648
0.0799,2331
-0.0629,7042
-0.196,8660
-0.151,8442
0.0437,3067
0.0585,3298
-0.0712,5821
0.0506,3726
0.0543,3335
0.348,349
-0.0204,5549
0.522,121
0.0927,2632
-0.402,10406
-0.0248,5891
-0.188,9081
0.317,830
-0.301,9166
-0.00626,5152
-0.0331,6964
0.19,1360
0.0638,3547
0.141,2113
3.05,315
0.0189,4193
-0.162,9785
0.279,105
0.194,2133
-0.158,5561
0.0937,3389
-0.286,9173
-0.0977,7896
-0.205,9111
-0.173,7583
0.0471,3284
0.118,875
-0.0134,5880
0.0149,4723
0.12,1068
-0.045,6866
0.146,957
-0.185,8822
-0.085,7277
0.0912,1324
-0.162,8191
-0.00241,5089
-0.248,9757
-0.0501,5998
0.167,2790
0.0645,3503
0.0197,3987
0.0525,3521
0.0357,4002
-0.2,10161
0.142,1851
-0.0714,6537
-0.0131,6079
-0.466,6327
0.0989,3104
-0.0868,3454
0.612,1451
0.181,3290
0.00161,3705
-0.19,4265
0.0928,3256
0.575,4
0.226,633
0.0318,3539
-0.087,8046
-0.118,7783
0.238,757
-0.149,8616
-0.163,9154
0.0353,2984
-0.129,7903
0.168,2019
0.207,2213
0.0795,3024
0.0714,2614
-0.135,7869
-0.0343,6123
0.105,1522
-0.0875,7916
-0.325,9883
-0.0984,9578
0.0381,2982
-0.058,7582
0.0278,3652
-0.105,7971
-0.248,8445
0.0746,1835
-0.0154,5554
0.0585,3374
0.0325,4013
-0.268,9812
-0.0654,5858
-0.164,9324
0.0433,2979
-0.0346,5714
0.118,2625
-0.00522,5245
-0.0708,7375
0.0751,2663
-0.237,8231
-0.114,7697
-0.0432,5790
-0.0729,7402
-0.0226,6543
-0.0303,6203
-0.0919,6655
-0.172,7143
-0.195,8181
-0.0671,6066
-0.0232,5971
-0.129,8143
-0.0573,6824
0.143,1606
-0.032,5759
0.17,459
-0.0275,6008
-0.192,8908
-0.125,8408
-0.198,9970
0.0957,2801
0.153,1127
0.138,555
0.00455,4767
0.143,1445
0.0781,3577
-0.122,7197
0.103,2626
0.0342,3215
-0.0802,7793
-0.0234,6159
-0.0911,7184
-0.17,8614
-0.2,10306
0.201,1081
-0.195,10118
-0.294,10381
-0.081,7962
0.161,1782
0.112,1446
-0.00177,5126
-0.184,9747
-0.178,9486
-0.211,9077
-0.0281,6126
-0.0389,7674
-0.0074,5316
-0.0601,7477
0.282,1024
0.0851,3050
-0.0232,6155
-0.12,9421
-0.0336,6811
-0.237,9799
-0.118,8289
0.0177,4762
-0.0777,6644
-0.089,9064
0.0318,3526
-0.112,6985
0.0351,4337
-0.188,9827
0.0407,3859
-0.00477,5265
-0.109,8381
-0.148,8990
-0.205,9368
0.238,1069
-0.0404,7468
-0.238,9947
0.0414,3567
-0.254,7945
-0.29,8861
0.727,408
-0.0805,7922
0.279,20
0.205,1710
0.181,2573
0.0833,3434
0.308,1229
-0.112,8699
0.196,303
0.141,1294
-0.0125,5372
-0.105,7578
-0.158,7667
-0.00988,5698
-0.0913,9420
-0.354,6319
-0.0863,6524
-0.0343,5760
0.113,2594
-0.0281,7021
0.124,1071
0.145,1976
0.0613,4000
0.0667,2832
0.0428,4146
0.107,1349
-0.106,9201
0.0949,1343
-0.118,8656
-0.0698,7582
-0.26,10162
-0.0575,8244
-0.0557,8210
-0.0177,6052
-0.232,9479
0.153,1999
0.0385,3811
-0.0365,5818
0.109,2738
0.108,3276
0.0971,2392
0.0326,4241
-0.245,8677
-0.00553,5082
-0.0797,9344
0.0909,1222
0.00142,5074
0.391,316
-0.0302,6249
-0.128,8589
-0.131,9880
-0.0164,5985
0.278,651
-0.0477,7162
-0.167,8891
0.0031,4863
-0.00125,5153
-0.298,8813
0.339,2034
0.45,136
0.0545,3735
-0.00881,5343
-0.113,9372
-0.0481,6184
-0.147,8373
0.2,2323
-0.455,9833
-0.00655,5238
0.093,2125
-0.0147,6018
0.077,3450
-0.216,9410
-0.122,7524
-0.0311,6932
0.0342,3391
-0.0178,5178
0.088,2683
0.526,616
0.237,1707
0.107,1986
-0.528,9016
0.0596,3398
0.343,750
0.0608,3941
0.0799,1938
-0.00715,5700
-0.25,8475
0.0925,2426
-0.233,10224
-0.0747,5791
-0.0703,7244
-0.159,9300
-0.127,7915
0.0748,2446
-0.242,6717
0.254,1115
0.145,886
0.21,737
0.0316,3008
0.325,1766
-0.0389,6675
-0.0444,6355
0.0945,1712
-0.0449,6522
0.0702,3165
0.0919,2340
-0.0625,8113
0.0439,4054
-0.29,10299
-0.079,8442
0.0359,2135
0.277,1364
-0.0123,5454
0.204,582
0.12,2362
-0.325,10435
0.13,1193
-0.155,9930
0.507,221
-0.0869,7916
-0.0403,6259
-0.061,7849
0.127,1321
-0.192,9426
-0.233,8951
0.278,46
0.0279,4079
0.00892,4670
-0.0729,7881
0.134,3264
0.109,2416
-0.0437,6461
-0.0509,4691
-0.0104,5253
0.0137,3944
0.101,808
-0.0811,7794
0.118,2141
-0.0262,5715
0.145,846
-0.0642,7035
-0.102,8299
0.0512,4196
-0.0251,5829
0.255,153
0.039,3011
-0.183,9979
0.023,4152
-0.08,8338
-0.0721,5396
0.413,727
-0.067,8875
0.184,474
0.489,171
0.2,547
0.074,3450
-0.109,8251
0.14,1530
-0.14,8798
0.0829,2615
-0.00703,5133
0.0605,3659
0.0821,2074
0.322,93
0.0437,2862
-0.134,8686
-0.114,8497
-0.118,7951
-0.0512,6111
0.197,672
0.0828,2753
-0.124,8780
0.0101,4514
-0.126,8501
0.00894,4749
-0.0713,8266
0.0823,2614
0.191,398
-0.0092,5273
0.204,1035
0.05,3729
0.103,1291
-0.0189,6959
-0.111,7930
0.209,334
0.333,695
-0.111,7561
0.166,1319
0.0143,4322
0.132,2097
0.0834,1380
0.0607,2510
-0.0281,7134
-0.0787,7452
-0.0579,8090
0.14,1336
-0.133,9555
0.302,2031
0.156,2268
-0.173,9895
-0.107,7685
0.189,1618
-0.0132,5321
0.246,2360
-0.0506,6725
0.0757,3630
-0.0309,5842
0.442,251
0.0445,3926
-0.0862,7162
-0.113,7988
-0.0396,6323
-0.0305,6583
-0.124,9148
0.257,2592
-0.206,9365
0.0466,3371
0.143,2333
-0.0749,9116
0.475,37
0.128,1808
0.00829,4696
-0.109,6500
0.0445,3372
0.0151,4297
0.0679,3233
-0.126,7115
0.021,4375
0.241,1402
0.0993,1450
-0.215,10132
-0.103,8510
0.077,3020
-0.0311,5642
0.348,400
0.0128,4100
-0.0576,7952
-0.0435,6348
-0.00682,5293
-0.207,9823
-0.0054,5018
0.146,1485
-0.169,9131
0.138,876
0.102,1619
-0.00366,5068
-0.0418,5994
-0.0542,6431
0.0833,2984
0.513,184
0.00772,4768
-0.197,9008
0.164,407
-0.154,9402
0.0592,2517
0.253,39
0.0187,4213
0.0859,2143
0.081,3308
-0.00771,5308
0.0599,2959
-0.1,8794
-0.164,10081
0.0296,4234
-0.319,9807
0.0294,2485
0.0786,2256
0.182,1965
-0.0502,6571
0.0538,3060
-0.00713,5076
-0.0201,5931
-0.0884,8450
0.222,706
-0.0503,6245
-0.0715,6995
-0.0129,5332
0.012,4544
0.0824,1412
0.0353,3902
0.462,803
-0.0743,7771
-0.000699,5011
-0.327,10303
0.0612,2492
-0.0672,8828
0.4,20
-0.091,7840
0.28,2755
-0.0523,7920
-0.0689,6407
-0.122,7898
0.206,1627
-0.153,8488
-0.12,6894
0.129,1272
-0.0182,6752
0.125,1163
-0.0556,5561
-0.017,5657
-0.000591,5235
-0.0275,6160
0.0244,4402
0.385,1222
-0.228,9248
-0.124,8198
-0.115,9460
0.0917,2834
-0.0415,6933
0.23,831
0.0498,3540
-0.272,8548
-0.109,8567
0.0444,4132
0.192,2987
-0.0561,8724
-0.0382,7170
0.0517,3535
0.167,1554
0.125,1583
-0.129,6058
0.0867,2248
0.0821,2428
-0.0447,7113
-0.131,8557
-0.139,9386
0.0105,4526
-0.113,9487
0.0679,2274
-0.34,9961
-0.0384,6427
-0.157,8817
0.0459,3923
-0.103,7967
-0.0963,9543
-0.204,9137
0.135,1539
-0.13,8615
-0.00594,5180
-0.0149,6898
-0.102,8106
-0.089,7797
-0.00604,5022
-0.0452,7194
-0.00872,5241
-0.148,9158
0.133,513
-0.213,8445
0.116,1248
0.0883,2782
-0.303,9174
-0.0161,5573
-0.0313,6447
-0.0283,6179
0.133,3125
0.0874,2922
-0.00303,5158
-0.133,8788
0.0821,1827
0.0337,4287
0.374,789
-0.313,8825
0.0764,1689
-0.00666,5236
-0.0174,5893
-0.0514,6579
-0.286,10311
-0.0425,6422
-0.0851,6890
0.0875,1480
0.0114,4711
0.0528,3895
0.126,1747
0.308,574
0.0725,3241
-0.00379,5349
0.0613,2707
0.00119,4865
0.155,1933
-0.255,9100
-0.07,5695
-0.0961,8293
0.0206,4244
-0.0753,8002
0.316,1540
-0.103,8063
-0.00974,5624
0.0104,4780
0.00517,4831
0.00832,4657
-0.297,9305
0.368,45
-0.0434,6836
0.0617,3108
0.277,1111
0.0131,4624
-0.142,8417
-0.1,6821
0.118,1648
-0.101,9514
0.0638,2468
0.501,230
-0.315,10312
0.0768,3663
-0.245,10339
0.16,960
0.106,2427
0.535,244
0.302,555
0.0322,4213
-0.254,5565
-0.0442,6637
-0.0192,6315
-0.262,10123
0.267,464
-0.0765,8472
0.282,948
-0.0513,7643
-0.0455,6954
-0.137,8671
-0.0232,6567
-0.0625,6957
-0.0277,5707
-0.0566,9088
0.00532,4964
0.176,2011
-0.0776,8633
-0.276,9140
-0.0311,6800
-0.0965,9068
0.0163,4388
-0.0998,7722
-0.0249,6770
0.0371,4088
-0.0556,8056
-0.184,10221
0.0952,2043
-0.0283,5450
0.316,237
0.174,1290
-0.193,7565
-0.383,10199
0.0474,3740
0.2,711
0.51,310
0.0491,4100
-0.087,7529
0.042,4138
0.0672,3450
0.403,202
0.143,1353
-0.103,8189
-0.125,7794
0.0153,4334
-0.0957,8157
-0.111,6330
-0.348,8114
-0.176,8023
0.265,989
-0.156,10071
0.253,847
0.0882,2995
0.0636,2139
-0.0341,6182
0.164,1696
-0.000173,5403
0.126,1327
-0.0345,5881
-0.0272,5876
0.0715,3045
0.285,1576
-0.248,10393
0.0545,3463
-0.0179,5271
0.162,2744
0.106,3353
-0.187,9750
0.024,4436
-0.0429,6932
0.2,840
-0.00913,5418
0.306,2546
-0.0928,7436
-0.0381,6215
-0.0333,5803
0.111,1484
0.115,1946
0.0296,3998
0.188,664
-0.00367,5462
0.0492,3761
0.0786,3164
0.164,1883
-0.0558,6789
0.423,175
-0.0231,5431
0.146,1597
-0.214,9811
-0.0616,7133
0.301,1423
0.0235,4208
0.0729,1493
0.0215,4416
0.116,2023
0.143,999
0.25,1323
-0.209,10345
-0.211,9948
0.0201,3426
0.00873,4938
0.0813,3371
-0.0907,6012
-0.147,8607
-0.151,10064
0.0776,2871
0.114,954
-0.229,10021
0.14,477
0.0659,2784
-0.0732,8369
-0.167,9283
-0.302,9155
-0.51,8345
-0.656,7984
-0.354,9979
-0.00173,5159
0.06,3089
-0.204,10204
-0.282,10003
0.0636,3711
-0.325,7689
-0.0822,7033
-0.143,10305
-0.0589,7746
-0.0557,7212
-0.0371,7013
-0.115,7008
0.0487,2993
-0.0566,7930
-0.195,6921
0.0997,2868
0.105,3165
-0.19,6869
0.09,2408
-0.0947,8046
-0.168,9228
0.0819,2835
-0.166,9206
0.132,1116
-0.0203,5810
0.023,4373
-0.0668,6905
0.0481,3375
-0.0591,7268
-0.334,5318
0.393,104
-0.0134,5493
-0.0495,7313
0.1,943
-0.0313,5716
0.157,1200
0.212,799
0.327,373
-0.0464,6239
0.00555,4922
-0.0503,6020
-0.0248,6117
0.0764,2145
-0.15,9948
-0.0782,7838
0.0799,3604
-0.0716,7946
0.125,2116
0.00196,5150
0.105,1831
0.051,4021
-0.162,10263
-0.0241,6365
-0.197,8589
-0.0215,6961
-0.051,7731
-0.125,9180
-0.108,5676
-0.0934,6741
-0.0713,6406
-0.00202,5238
0.177,1201
0.163,1882
-0.0609,6066
0.0146,4607
-0.285,10152
-0.0807,7462
0.107,1833
0.116,3490
-0.00294,5264
-0.236,9429
0.0252,4223
0.0763,2228
0.0401,3585
0.0866,3235
-0.298,9782
0.0603,3886
0.0442,3965
0.11,1995
-0.0676,7731
-0.114,7822
0.0265,4252
-0.0293,5661
-0.0122,5321
0.0871,2069
-0.0207,6031
-0.0289,6251
-0.13,7739
-0.0814,7468
-0.00702,5417
-0.0522,7109
0.0918,1743
0.0742,3072
0.173,1521
-0.0673,4347
0.305,809
0.124,1214
-0.0544,7476
0.06,3531
0.127,1319
0.676,527
-0.0398,7522
-0.044,7346
-0.0342,6964
0.0994,2680
0.00121,4931
0.573,338
-0.597,10385
-0.0526,7586
-0.129,7425
0.223,2729
0.298,297
0.0474,3954
0.00811,4595
-0.252,9864
-0.0245,6533
-0.0355,6435
0.179,2357
-0.0978,9418
-0.276,10081
-0.0833,7811
-0.0484,6955
0.0149,4844
0.338,977
0.00128,4690
0.0109,4746
-0.149,9512
-0.0131,5475
0.046,4021
-0.136,8021
-0.0728,5888
-0.0868,8312
-0.0158,5885
-0.0284,5552
-0.0826,8209
-0.126,8196
0.299,777
-0.102,8307
-0.206,9018
-0.157,10235
-0.122,8322
-0.0476,6443
0.505,388
-0.478,10305
0.0773,2661
0.0525,3574
-0.0256,6227
0.365,204
0.00879,4826
0.185,1157
-0.04,6955
-0.00905,5669
0.104,2687
0.0763,3068
0.105,2722
0.0388,4158
-0.182,10113
-0.0124,5592
-0.000493,5009
0.134,513
-0.00379,4933
-0.0564,5610
-0.274,10258
0.0436,3790
0.0166,1573
0.13,2435
-0.144,8680
-0.0194,5763
-0.321,6432
0.0447,3420
0.11,1568
-0.0264,5824
-0.155,8293
-0.192,8920
-0.185,8051
0.0473,3382
-0.0513,7344
-0.0619,7410
0.00271,4699
-0.134,8764
0.261,2127
-0.245,10300
0.0559,3021
-0.193,9511
-0.0573,7060
-0.153,9599
0.161,1826
0.119,1429
-0.00818,5414
-0.119,7078
-0.155,8586
0.051,4147
-0.101,5517
-0.017,5572
0.0237,4319
0.0627,2692
-0.224,9501
-0.349,8505
-0.0599,7171
-0.158,9731
-0.00719,5314
-0.0483,6058
-0.178,10118
0.173,1556
-0.238,10397
-0.106,6956
0.0699,2589
-0.0662,6691
0.0601,3294
-0.0954,7943
0.194,1194
0.0101,4762
-0.0745,8216
-0.132,9225
-0.0166,5818
-0.321,8448
-0.14,9018
0.0102,4549
-0.0249,6235
0.191,894
3.38,18
0.0509,4108
0.0827,3801
0.0387,3751
0.619,70
0.0425,4496
-0.0105,5591
0.272,613
0.343,678
0.224,264
0.235,465
0.0708,3499
-0.151,8768
0.107,2275
0.0786,3307
-0.199,8663
-0.0134,5746
0.0806,3192
0.263,371
-0.075,6842
0.196,1688
0.034,4114
0.0349,3604
0.0326,4198
1.68,4
0.102,936
0.349,1029
-0.0749,7816
-0.0279,7612
-0.0129,5770
0.018,4396
-0.0447,5454
-0.0941,8707
-0.177,9967
0.138,485
-0.0797,6796
-0.226,9315
-0.156,7323
-0.304,9527
0.303,21
0.237,1142
0.563,17
0.158,1915
0.137,1955
-0.349,9281
-0.0495,7137
0.0893,2679
0.0707,3596
-0.122,8935
0.278,801
0.332,645
0.0839,2538
-0.0257,6122
0.0848,2518
0.051,3131
-0.133,9795
0.0404,4026
-0.395,10449
-0.00399,5066
-0.147,9534
0.0508,3281
-0.113,8799
-0.301,10082
-0.00489,5348
-0.0333,7777
0.0287,4196
0.0337,4204
-0.449,9852
0.104,2058
-0.1,8495
0.0474,3692
-0.24,9526
-0.0167,5684
-0.0406,6601
0.0712,752
0.0144,4551
0.0447,3816
-0.0961,9004
-0.0131,5523
-0.141,8186
0.0888,3102
0.0738,2524
-0.0264,6337
-0.228,9855
-0.065,7021
-0.0978,7241
0.0595,3807
-0.146,10075
0.141,1735
-0.179,8248
0.0906,1580
0.546,327
-0.0252,6384
0.0526,3770
0.136,1308
-0.108,8729
0.324,444
-0.0881,6566
0.942,240
0.28,491
0.42,218
-0.274,9511
0.134,817
0.165,2683
0.201,1615
0.00793,4472
-0.0601,7810
0.013,4308
0.109,1718
-0.0162,5977
-0.0809,7049
-0.0428,6558
-0.217,10362
-0.276,10145
0.0556,3947
-0.32,9786
-0.0713,6740
0.104,1154
0.0581,2884
0.0778,3227
-0.218,9085
-0.251,8291
-0.254,10044
-0.207,10321
-0.0973,6324
0.00113,5121
0.000402,4569
0.905,824
0.0809,3660
0.142,1723
0.0424,4009
0.144,2296
-0.295,9074
-0.0338,6187
0.169,458
-0.0946,8112
0.385,1006
0.145,1920
0.0842,2869
0.379,64
0.023,4120
-0.0302,6796
-0.319,10050
0.0704,2963
-0.126,7473
-0.232,8489
-0.0568,7139
-0.0612,8227
0.092,1467
-0.21,9136
0.0026,4881
0.458,1379
0.116,1518
-0.00772,5652
-0.17,7622
0.186,1601
0.469,565
-0.0312,6368
0.0565,2783
0.172,1206
0.0585,2605
-0.0542,6453
-0.181,9502
-0.271,9918
0.0484,2241
-6.45e-05,5286
-0.0685,6447
-0.274,10190
-0.0465,7080
0.478,146
-0.0464,7381
-0.142,9729
-0.0125,5921
0.229,1014
-0.138,8228
0.218,1329
-0.108,9068
0.195,150
0.0214,4331
-0.374,10063
0.000714,4765
-0.264,8907
-0.14,10252
0.0521,2936
0.225,416
-0.239,9911
0.00102,4782
0.0636,3490
-0.0507,7010
0.0654,2970
0.06,3275
-0.0923,7739
-0.0449,6649
0.0316,4156
0.00179,5009
-0.0485,7508
-0.125,7658
-0.0799,6232
-0.131,6979
-0.057,6735
-0.00424,5285
0.00367,4782
-0.0787,7549
0.358,202
-0.000652,4707
0.0412,4004
0.0819,1477
-0.0595,6724
-0.178,10008
0.37,386
-0.109,9593
0.0356,3976
-0.0253,6339
0.0633,3077
0.137,1844
0.0111,4722
-0.11,8078
-0.302,7079
-0.0121,5862
0.0137,4376
0.321,244
0.102,2950
0.00133,4584
-0.291,6794
0.124,2299
0.0731,2220
-0.11,8319
0.124,1670
0.11,3725
-0.273,7589
0.763,12
0.00476,5167
0.119,1956
-0.132,8100
-0.0899,6309
-0.0471,6891
-0.0649,7349
0.106,3320
-0.136,8661
-0.0505,5530
-0.12,6647
0.111,3039
-0.0244,5669
0.181,1301
0.207,567
0.0521,3563
0.0207,4284
0.0677,2991
0.0367,2409
0.134,1168
0.285,493
0.0263,4480
-0.00995,5315
-0.165,7382
-0.039,6764
0.0828,3167
-0.121,9326
-0.0357,5810
0.358,858
0.205,812
0.22,620
0.0276,4463
0.0881,3489
0.0468,3808
-0.114,7787
0.0906,2851
-0.179,9802
0.245,726
-0.165,9791
-0.0912,7249
0.294,1207
-0.0957,6011
0.103,1624
0.0751,3252
-0.343,10049
-0.0304,5599
-0.0641,5803
0.0567,2620
0.0938,1813
-0.045,6413
0.08,2365
0.00539,5062
-0.286,7208
0.0838,2296
-0.0339,6196
-0.042,6324
0.0332,4462
0.0621,2297
-0.0239,5994
-0.167,9947
0.0409,4070
-0.0109,5407
0.0662,2802
0.146,540
0.0324,4366
0.0414,3943
-0.0831,7711
0.0317,3772
-0.103,7518
0.186,1462
-0.00288,5091
-0.0335,5651
-0.0177,6027
-0.071,8013
0.0711,2765
-0.139,8085
0.159,1769
0.00444,4721
-0.16,9436
0.00224,4946
-0.0439,7109
-0.333,10356
-0.0734,6677
0.0693,3213
0.0562,2457
0.0695,1902
-0.121,8591
-0.0815,6942
-0.022,6125
-0.042,6449
0.0892,1358
-0.0742,7962
-0.0943,7874
-0.136,7133
0.196,2331
-0.0894,6815
-0.0151,6194
0.00815,4650
0.0435,4035
-0.166,9858
0.0767,3805
0.0164,4354
0.0892,2126
-0.102,9933
0.0302,3975
-0.24,10359
0.0272,3132
-0.154,8983
-0.11,8569
-0.147,8394
-0.267,10254
0.151,1964
0.0329,4161
-0.164,8209
0.0956,1611
-0.00249,5169
-0.0603,6841
0.19,639
-0.0257,5760
0.198,1141
0.139,1394
-0.038,6616
-0.193,8891
0.346,1248
-0.235,5279
-0.214,6882
0.0092,4664
0.0887,2920
0.0497,3831
0.0188,4575
0.192,2463
-0.219,7712
-0.0892,9682
0.0423,3249
-0.189,8214
0.0728,3254
-0.213,6655
0.152,2599
-0.0491,6975
-0.538,8938
0.0376,4049
-0.148,9621
-0.108,8878
0.0712,3622
0.286,252
0.158,956
0.00199,5035
-0.25,9095
0.1,2309
-0.395,9572
-0.216,9581
0.158,1545
0.286,477
-0.136,9369
-0.154,8738
-0.105,8254
-0.0335,6423
0.0308,2568
0.191,2913
-0.0008,5252
0.23,672
0.0927,1389
0.237,896
-0.0287,6644
-0.181,9097
-0.189,7355
0.0421,4052
0.125,2547
-0.0411,5729
0.303,781
-0.088,6184
0.191,1370
-0.137,7483
0.387,660
0.146,2682
0.00717,4630
0.301,292
-0.0278,6248
0.0531,3658
0.0897,2904
0.0137,4398
0.0652,1151
0.18,1338
-0.0908,8163
0.117,3452
0.163,919
0.0515,3403
0.153,1922
-0.0805,7007
0.134,2090
-0.0977,6914
-0.469,8618
-0.0907,9505
0.204,999
-0.132,9609
-0.382,9344
-0.126,7816
0.0129,4664
0.0299,3805
-0.00488,5555
-0.0722,6286
-0.117,7830
0.0767,2958
0.12,2915
-0.0709,8104
-0.16,9823
-0.116,6838
-0.0905,7483
0.147,2832
-0.141,8558
-0.283,10373
0.0458,2778
-0.0992,8292
-0.0489,6358
0.0512,4133
-0.0508,7437
-0.0961,8354
0.0556,3312
0.0506,2966
-0.0728,7239
0.111,2531
0.15,2552
0.0456,3013
-0.0575,7874
0.0981,2344
0.0315,3886
0.0351,4260
0.00931,4853
-0.00842,5118
-0.0408,5788
-0.212,8614
-0.0968,8113
0.112,2068
-0.22,8936
-0.0678,8181
0.00962,4796
0.209,632
0.501,224
-0.363,9066
0.317,1480
0.031,3130
0.164,343
-0.121,7222
-0.0741,8339
-0.498,9067
0.297,1940
-0.0302,6486
-0.161,9876
0.0982,2222
-0.285,10105
0.143,3045
-0.171,8167
-0.0652,7214
0.0858,1728
0.139,2753
-0.285,9923
0.307,1163
-0.0435,5469
-0.214,9412
0.0762,2352
-0.124,7999
-0.0588,6862
0.31,874
0.121,2849
-0.0674,8856
0.0314,4182
-0.266,8120
-0.0111,5214
-0.0137,5125
0.0551,3356
-0.073,9368
-0.0179,6006
-0.109,6900
0.187,1054
-0.0195,5269
0.138,2112
0.151,2072
0.0489,2620
0.402,830
-0.00876,5426
-0.0363,6279
0.0222,4305
0.116,2039
-0.0876,9980
0.118,1699
0.206,276
0.0253,4479
-0.0359,5871
0.0702,1968
0.0762,3574
0.0327,2612
0.029,4119
-0.174,9530
0.23,1032
-0.0264,6079
0.00854,4806
0.25,61
0.246,517
-0.121,9040
-0.0903,6977
-0.0188,5554
-0.0159,5878
-0.115,8803
0.0146,4592
0.137,1737
0.138,2707
-0.257,8922
-0.0164,6483
0.0592,1741
-0.407,7579
0.124,3242
0.0385,4198
-0.127,6942
-0.00896,5448
-0.18,10431
-0.24,9529
-0.0123,5649
-0.252,9761
-0.115,7540
0.0166,4324
-0.209,10411
0.019,4766
-0.0325,6782
-0.0913,7151
-0.265,8557
0.0582,3201
0.366,174
0.0758,3262
0.193,1076
-0.308,9937
0.0604,3964
0.0269,3975
0.0749,2160
-0.0115,5610
0.487,160
-0.0537,5444
0.194,784
-0.0193,5920
0.0288,3792
0.367,2041
0.353,1231
0.0525,2554
0.00562,5056
0.0738,3690
-0.131,9763
-0.347,10455
0.216,1247
-0.337,10275
0.168,340
-0.0383,6152
0.421,807
0.0943,2279
0.0873,3277
0.165,1586
0.0505,3927
0.0351,3730
0.0908,2076
-0.223,9591
-0.027,6015
-0.285,9927
-0.32,10272
-0.0754,8017
0.0301,4331
-0.135,9450
0.0668,3437
-0.0524,6891
-0.064,8038
-0.147,9149
0.319,217
-0.251,9804
-0.0726,6749
0.165,872
-0.0765,8033
-0.0355,6675
0.257,420
-0.0818,7487
-0.279,10030
-0.123,6416
0.111,2250
-0.11,9795
-0.414,10046
0.0322,4068
0.0153,4495
0.339,870
-0.14,9381
-0.159,9051
-0.287,9979
-0.155,8417
-0.0862,7361
0.00431,4973
-0.0176,5823
-0.17,8232
-0.376,7840
-0.00652,5186
0.00269,4652
-0.197,7561
-0.0506,6609
-0.0245,6472
0.182,412
0.162,1407
-0.0547,7127
-0.145,9448
-0.0538,6952
-0.0998,10051
0.112,2525
-0.0554,7243
0.251,42
-0.0711,7018
0.00792,4835
0.36,191
-0.0878,7473
0.214,938
0.015,4670
0.0655,1971
-0.0159,5518
-0.0743,7770
-0.188,10031
-0.0938,7957
0.011,4781
-0.157,9259
-0.00789,5760
-0.237,9267
-0.148,5357
0.0866,2530
0.159,3231
0.0232,4399
0.00815,4726
-0.114,7921
-0.565,8632
-0.202,8322
0.112,1314
0.0425,4046
-0.0127,5445
0.0895,1312
-0.0286,5573
0.153,653
-0.114,7665
0.394,883
-0.0214,5978
0.0614,3421
-0.199,8457
0.0687,3038
0.107,2358
-0.113,7642
0.085,2347
0.102,2352
0.0256,3951
-0.0691,5735
0.0688,2674
-0.164,9238
-0.0164,5839
-0.115,9206
0.0857,2654
-0.0621,7795
0.066,3519
-0.114,8496
-0.00814,5249
-0.00605,5367
0.092,2557
-0.0248,5991
-0.0607,7201
-0.00621,5210
-0.0445,6467
-0.21,10072
0.129,2215
-0.171,9786
-0.112,7835
-0.193,8273
-0.0672,7741
0.246,432
0.113,1920
0.0901,2075
-0.322,8503
-0.0867,6309
-0.0731,7190
0.199,1386
0.17,1435
-0.112,8674
-0.0283,5875
-0.122,8530
0.066,2203
0.0454,3953
0.0377,3804
-0.0431,5637
0.416,290
-0.232,10417
-0.151,10011
-0.136,8046
-0.375,10391
-0.299,8017
-0.0482,6278
0.211,770
0.0845,2667
-0.815,8695
-0.27,8243
-0.0982,4310
0.00238,4933
0.254,2915
0.222,1904
-0.119,8144
-0.0218,5320
0.18,1085
0.0961,1456
-0.176,10120
0.159,2184
0.198,797
0.0133,4363
0.132,2303
0.00573,4839
0.0065,4831
0.161,1783
0.207,1074
-0.257,8817
0.385,625
-0.0144,5713
-0.0782,7837
-0.112,7640
0.394,34
0.341,244
-0.0245,5618
0.129,1005
0.0125,4730
-0.134,9155
0.137,1412
-0.129,8741
0.216,1364
-0.0566,6806
0.14,1555
0.136,2135
0.00357,5161
0.225,644
-0.0577,6462
0.0917,2688
-0.0448,7660
-0.622,8056
0.0436,4187
0.027,4297
-0.0561,6333
-0.0206,6180
-0.265,10236
0.0467,2918
0.221,821
0.0808,3203
-0.177,8506
-0.217,10177
-0.0755,10149
0.306,184
2.71,35
-0.159,9736
-0.0173,5560
0.289,41
0.0296,3750
0.445,136
-0.00608,5501
-0.0253,6490
-0.0119,5443
0.0808,2584
0.0566,1899
-0.128,9183
-0.227,7164
0.123,2524
-0.185,7333
0.0625,4031
-0.143,8857
-0.108,7788
0.181,2054
-0.0615,6202
-0.0859,7287
-0.123,7215
0.0293,3968
-0.458,8457
-0.207,5547
-0.119,7852
-0.0522,6253
0.0743,3450
-0.00748,5781
-0.0464,6831
0.00712,4532
0.0647,3325
0.0835,2978
-0.207,8711
0.042,4135
0.236,1314
0.0115,4627
1.1,569
-0.17,7871
-0.206,9549
-0.0776,6927
0.0272,4249
0.103,3011
0.302,109
-0.127,8586
-0.163,8129
0.326,227
0.0319,3421
-0.116,8138
-0.206,9427
-0.057,6932
0.464,721
-0.135,7143
-0.0174,6384
-0.0101,5690
0.0131,4561
-0.0605,7071
0.0519,3897
0.00933,4828
-0.153,10298
-0.0868,8232
-0.0487,6426
-0.206,9916
-0.201,9050
-0.262,9139
-0.0269,6242
-0.169,9803
-0.205,9923
0.035,4123
-0.217,7381
0.0627,3979
0.0419,3867
0.0698,2175
-0.244,10200
0.308,451
0.214,1587
-0.0331,5968
0.0374,3635
0.247,543
-0.0128,5440
-0.268,9869
-0.0325,5159
-0.0238,5807
-0.0364,6516
-0.0543,6903
0.373,150
-0.0878,7823
0.000658,5064
0.184,878
0.0248,3974
0.171,24
0.164,1582
0.0763,2915
-0.0726,6969
0.0656,3584
0.309,337
-0.0549,7013
-0.105,7827
0.143,2417
0.251,1051
0.545,658
-0.386,9771
0.0269,4354
0.114,3257
0.347,2326
-0.135,7562
0.0088,4898
-0.142,7836
-0.0328,5906
0.128,2204
-0.114,6556
-0.00822,5379
-0.084,8342
-0.101,8193
-0.134,7239
0.179,454
0.00256,4921
-0.278,10050
0.0699,3059
0.0769,1430
0.218,691
-0.0667,7503
0.191,3359
-0.0753,6440
-0.0808,7932
-0.0601,6977
0.0158,4606
0.294,1628
-0.0619,7972
-0.127,8639
0.0621,2730
-0.257,9310
-0.0812,9870
-0.206,9707
-0.322,8942
0.134,2769
0.268,378
-0.0654,6825
-0.0859,7166
-0.0558,6825
0.151,717
0.3,32
-0.00574,5252
-0.073,8211
-0.0871,8448
0.201,476
0.108,2784
-0.0994,6599
0.238,2749
0.167,574
0.0962,2772
0.0448,2892
0.00651,4759
0.00295,4771
-0.0392,5948
0.122,1353
-0.136,7242
0.0434,3332
0.111,2321
0.0657,3751
-0.05,7395
-0.0933,8856
-0.147,9164
0.0864,3461
-0.111,6886
-0.327,10195
-0.00472,5314
-0.00729,5255
-0.0996,2887
-0.551,7520
-0.485,7735
0.471,92
-0.141,6281
0.216,2332
-0.0395,5949
-0.00708,5533
-0.114,7579
-0.157,8216
-0.0296,6182
0.00434,4933
-0.194,8622
-0.234,6713
-0.205,8888
-0.283,6032
-0.56,8400
-0.292,8622
-0.0528,6082
-0.0853,8158
-0.455,9979
-0.0639,6265
-0.00681,5573
-0.0712,7973
-0.309,9674
-0.0945,8241
0.0852,2426
0.0901,3846
0.174,26
0.198,434
0.134,1833
-0.118,7038
-0.142,7844
0.449,174
0.183,1077
0.166,1068
-0.433,9916
0.489,815
0.185,2937
0.199,976
-0.0651,7124
-0.0986,8996
-0.186,8900
-0.118,8523
-0.102,7988
0.0149,4876
0.107,792
0.119,992
0.114,2590
-0.0843,7707
-0.0746,6606
-0.0739,6486
0.111,1836
-0.0648,7945
-0.0414,7220
-0.0588,7281
0.327,1814
0.0464,2322
-0.189,9809
0.0197,4215
0.0297,3769
-0.0801,6013
0.27,2112
-0.0359,6202
-0.264,9926
0.0326,3962
-0.0311,6140
-0.261,9660
0.0227,4392
0.0167,4368
0.0926,1466
0.116,991
0.0533,3274
-0.215,8971
0.195,1135
0.543,1383
-0.15,8978
0.0617,3109
-0.19,9975
-0.0169,5082
-0.0866,6669
-0.14,7046
-0.00251,5339
0.043,3708
-0.121,8870
0.163,1924
0.0883,3500
-0.281,8009
0.0863,2496
-0.0353,6869
0.0616,3380
-0.129,8074
0.0578,1635
-0.124,6934
0.0342,3253
-0.194,9772
0.216,1453
-0.0741,7223
-0.0588,6134
-0.113,7768
-0.0451,5892
0.121,1206
0.112,2133
-0.107,9911
-0.275,7895
-0.108,8231
-0.00249,5155
0.107,1060
0.202,987
-0.087,7519
-0.032,4832
-0.0885,6591
0.00606,4655
-0.0915,9347
0.0614,2854
0.202,1879
0.0811,4102
-0.0494,7266
-0.0413,5870
0.0148,4351
-0.236,8513
0.903,1356
-0.374,8705
-0.0543,7021
-0.352,8352
0.0102,4443
-0.201,9686
0.3,1393
0.0178,4467
0.156,563
0.0467,3319
0.403,658
0.136,2284
-0.321,9822
-0.0247,5914
-0.192,10080
0.0484,3015
0.264,129
-0.0604,6794
0.00417,5005
0.137,1650
-0.0396,6269
-0.166,9192
-0.0266,5232
-0.162,9581
0.282,2581
-0.462,9999
-0.0128,5261
0.0875,2707
-0.0903,7957
-0.262,10387
-0.102,7662
0.221,846
0.166,1240
0.136,2647
0.225,806
-0.147,9483
0.156,2347
0.294,647
0.28,1643
0.0452,3792
0.198,2641
0.242,2022
0.0585,3210
-0.0407,6465
-0.0514,6651
0.0266,4179
0.33,51
-0.0295,5563
-0.359,10194
-0.151,8177
0.198,1341
-0.0445,6780
-0.179,7661
-0.199,10298
0.234,638
-0.0487,6686
0.0256,4026
-0.0295,5787
0.174,694
0.0781,2743
-0.201,8706
0.161,1309
0.00807,4684
-0.118,9605
0.00922,4858
-0.0779,6442
-0.0255,5760
0.0416,4053
-0.00294,5538
0.0639,3390
0.167,1618
0.153,2198
-0.159,8533
0.216,742
-0.213,9549
-0.0128,5456
-0.357,9784
-0.179,8496
0.123,2857
0.157,1925
-0.0887,8750
-0.104,9108
0.126,2956
0.187,1508
-0.0472,5711
-0.498,10389
0.409,1289
-0.0569,7587
-0.0528,6619
0.227,473
-0.304,7410
-0.196,6747
0.115,643
0.0562,2827
0.155,1346
-0.176,9746
0.116,1793
-0.0602,6144
-0.0848,8758
-0.0215,6399
-0.028,5859
-0.179,9164
-0.804,9662
0.3,286
-0.215,9167
-0.197,10198
0.0409,3765
-0.108,7258
-0.0496,5781
-0.123,8389
0.0757,1682
0.0319,3880
-0.374,8901
-0.401,9546
-0.01,5022
0.137,1450
0.0597,2994
-0.338,9765
0.19,1789
-0.0339,6341
0.0547,3755
-0.0252,5463
0.0087,4760
0.00971,4436
-0.387,9928
0.0982,2520
-0.122,8800
-0.268,9377
-0.119,9818
0.289,576
-0.0148,5645
0.2,970
0.0368,3995
0.345,127
-0.0975,7955
0.00743,4850
0.0436,3671
0.0182,4722
0.149,2413
-0.023,6641
-0.225,10125
-0.108,9526
-0.0565,6570
-0.0273,5749
-0.297,9540
0.00676,4970
-0.0776,8077
-0.0627,7644
0.182,1486
-0.107,7283
-0.0677,6684
-0.05,6892
-0.148,9506
0.108,2005
-0.168,8576
-0.116,8544
0.105,977
-0.061,7013
0.122,1717
-0.0074,5413
-0.00198,4894
0.0867,3152
-0.176,7887
0.0613,3666
0.243,554
-0.066,7973
0.0439,4253
-0.178,8402
0.159,1860
-0.106,6734
-0.119,9285
-0.0191,6149
0.13,2376
-0.199,8774
0.17,2031
-0.124,7428
-0.111,8547
0.108,2154
0.372,110
0.194,1801
-0.14,9404
-0.0407,6136
-0.0699,8049
0.0628,2982
0.00394,4760
0.313,391
0.0452,4161
-0.226,8461
0.222,1832
0.149,873
-0.19,8519
-0.208,8949
0.0865,3230
-0.0141,5661
0.0218,4277
0.0842,1660
-0.109,7565
-0.126,7143
-0.227,10303
0.0383,4156
-0.151,9613
-0.0321,6950
-0.101,7450
-0.326,10271
-0.105,8156
0.181,1088
0.0936,2276
0.0213,3825
0.109,2288
0.0191,4343
-0.0322,5538
0.0187,4378
-0.0802,8225
-0.0541,8449
0.147,1758
0.0612,2664
-0.137,8539
-0.356,7307
-0.0358,6820
0.329,38
0.0193,4160
-0.187,9262
0.0577,3905
-0.00038,4874
-0.151,9747
0.0339,4157
-0.00886,5464
-0.323,8283
-0.0526,6049
-0.155,8949
0.126,1408
0.107,2597
0.228,1490
-0.0228,5469
0.199,473
-0.278,7905
0.199,936
-0.0546,7322
0.28,849
0.104,2435
-0.174,9773
0.153,1663
-0.0896,9426
-0.0492,6472
-0.0237,5648
-0.0625,7845
-0.132,7673
-0.0987,6500
0.031,3845
0.201,222
-0.378,9911
-0.296,10309
-0.11,7656
-0.0515,5935
-0.122,9261
-0.000357,5060
0.296,738
-0.0486,5791
0.0788,3243
0.146,1265
-0.0129,5397
-0.178,9754
0.088,2486
0.056,3999
-0.25,9742
0.0352,3966
-0.11,9026
0.531,349
-0.274,10468
-0.123,8085
-0.547,9409
-0.00828,5780
-0.169,9550
0.0286,3978
-0.209,9770
-0.0708,7737
-0.0855,7003
0.0364,3809
0.0629,2490
-0.0391,5853
-0.196,8424
0.027,4598
-0.0466,6103
-0.0942,7410
-0.0956,7763
0.235,911
0.16,1141
-0.0884,7456
0.242,708
-0.0247,6621
-0.00114,5201
-0.0334,5640
0.0751,2870
-0.0921,7491
-0.153,7080
0.122,882
-0.0999,9541
0.244,939
0.0673,2834
-0.122,7414
-0.147,7003
-0.0662,8645
-0.0236,5685
-0.00426,5467
-0.154,8235
0.0689,3558
-0.0608,7774
0.0381,4044
0.152,1090
0.1,2896
0.168,344
0.604,947
-0.0641,6553
0.0165,4471
0.0613,2578
-0.111,7784
-0.0352,6479
0.00197,4709
0.214,1344
-0.0246,6115
-0.114,7978
0.228,959
0.279,682
-0.208,7823
-0.455,9571
-0.116,8701
-0.0197,5532
-0.269,7896
0.197,2020
0.00707,4940
-0.067,6649
0.104,1837
-0.27,10434
0.231,596
-0.0135,5784
0.0806,823
0.0703,3218
0.0388,3300
-0.0259,6164
-0.228,4809
-0.378,5913
0.225,3202
0.0231,4359
-0.284,7130
-0.134,9746
0.2,2496
-0.167,8798
0.0975,2221
0.151,1543
-0.0609,7209
-0.016,5669
0.0232,4307
0.0972,3019
-0.246,9765
-0.03,3639
-0.144,9468
0.0836,1520
-0.0142,5654
0.0536,3283
-0.0201,5496
-0.3,10033
-0.0328,6234
0.0118,3889
0.138,3258
0.106,2473
-0.105,6033
0.16,1971
-0.0439,6483
-0.047,8098
0.0962,3308
0.109,1333
-0.129,9157
0.23,411
-0.0214,6443
-0.000815,5319
0.0223,4309
-0.16,9988
0.0169,4323
0.00851,4752
0.0256,3699
-0.126,7620
-0.188,8644
-0.069,6499
0.124,1037
-0.102,8301
-0.134,9160
0.332,651
0.0786,3981
-0.124,7268
0.48,259
0.17,678
0.0176,4473
-0.129,10021
-0.188,8837
-0.121,7723
-0.237,8476
0.201,3115
-0.116,9182
0.0123,4389
0.222,1063
-0.298,9313
-0.0589,6909
-0.458,9734
-0.115,8073
-0.0357,6965
-0.192,9557
-0.238,9012
0.0205,4497
0.369,697
-0.0445,6562
0.0642,3480
0.00203,4975
-0.0138,5384
0.0849,2676
0.162,1555
-0.0984,8909
-0.0333,6289
0.0165,4442
0.387,195
0.092,3550
-0.179,7368
0.083,894
0.0267,4365
0.185,461
-0.0429,6470
-0.00517,4963
-0.356,10199
-0.141,8967
-0.322,9686
-0.168,8904
-0.00988,5234
-0.294,9566
-0.396,10306
-0.026,6261
-0.0124,5858
0.327,1529
-0.0564,8382
0.195,2223
0.341,799
0.116,2571
0.223,758
0.196,283
-0.206,9282
-0.0911,6506
-0.113,9173
-0.125,8493
-0.0201,6713
0.0974,2466
0.381,366
-0.308,10190
-0.0371,5995
-0.0577,7651
0.291,270
-0.0678,6014
0.293,855
0.0282,3457
0.00497,4854
-0.055,7247
0.166,290
0.0707,2808
-0.19,9420
0.00155,4875
-0.24,9248
-0.26,9876
-0.11,9794
-0.525,7287
-0.279,8972
0.122,1242
0.0322,4221
-0.0215,5849
0.00163,4957
0.0143,4742
0.0074,4883
-0.0315,5624
-0.0712,7644
0.252,739
-0.142,9406
-0.0557,6628
0.0225,3896
0.209,1820
-0.236,9507
0.0741,2227
0.0526,3300
0.142,2128
0.0208,4372
-0.181,9139
0.093,1695
0.285,662
0.15,1138
-0.218,10337
0.137,1615
-0.0486,6739
-0.342,10210
0.0067,4876
-0.107,7638
-0.136,8598
-0.372,9317
-0.145,9489
0.0206,4498
0.271,464
-0.12,8388
-0.116,8657
-0.156,7789
-0.252,4530
0.132,1924
0.0503,3655
-0.0515,6778
-0.344,6560
0.189,3095
0.307,672
-0.644,8438
-0.0894,6448
-0.142,9161
0.0985,3307
-0.146,8294
0.12,858
0.0437,2719
-0.105,8353
-0.138,7116
-0.106,7083
-0.0245,5635
0.147,87
0.0493,2445
-0.0515,6458
-0.0919,8960
0.0636,2777
0.159,1597
0.117,2256
-0.00744,5411
-0.326,8759
-0.0866,8021
0.00175,5130
0.334,971
0.0782,2729
0.106,970
0.167,2751
0.0176,4426
-0.104,7778
0.0711,3059
0.138,1600
0.127,2411
-0.0116,5141
0.15,709
0.225,350
0.173,2510
-0.0795,8158
0.145,1044
0.199,1744
-0.166,8017
-0.0299,5576
-0.215,9088
-0.0531,7914
0.0182,4738
0.479,206
-0.149,8318
0.0397,4024
-0.0855,7218
0.155,829
0.0285,3773
-0.0094,5496
-0.00539,5089
-0.361,9182
-0.0984,7398
0.127,1839
-0.0214,6336
-0.0748,7399
0.169,2176
-0.0654,6547
-0.145,9001
-0.0481,7161
0.0424,3622
-0.0387,6266
0.0246,4137
-0.0917,6853
0.0639,3334
0.0338,3621
-0.186,10053
-0.0366,5729
0.0257,4328
-0.229,9000
-0.00516,5150
0.00667,4830
-0.204,10054
-0.0849,7349
-0.0626,8031
-0.0912,8198
0.0144,4087
-0.0669,6811
-0.0599,7342
0.139,2086
0.0196,4227
0.00147,5102
0.238,965
-0.108,9287
0.00544,4898
-0.0192,6054
-0.0455,6968
-0.0698,7438
0.0645,3302
-0.0764,7515
-0.0642,6858
-0.18,9341
0.237,797
-0.037,6149
-0.105,8208
-0.0249,5546
-0.0654,6977
0.0338,4380
-0.204,9089
-0.236,8995
-0.057,5705
0.00478,5017
-0.115,9328
0.0695,2656
0.00669,4729
-0.0779,7666
-0.298,9579
0.0631,2328
0.00202,5017
-0.0759,7729
0.0766,3278
-0.241,7654
-0.221,8883
-0.0634,8047
0.0466,3351
-0.0136,5353
0.0322,3858
-0.116,7288
0.17,1728
0.0324,4142
-0.047,7491
0.0461,3409
0.144,1793
-0.0221,5445
-0.147,9709
-0.00363,4876
-0.126,7900
0.278,722
0.117,2837
-0.366,7824
-0.265,8199
0.0284,4021
0.000601,5285
-0.155,8474
-0.348,9405
0.0064,4792
0.0564,3873
-0.00587,5273
0.0557,2580
0.125,2436
-0.0554,6989
0.331,167
-0.0538,5683
-0.0373,5462
0.00633,4817
0.0454,4010
-0.165,7944
-0.00732,5291
0.00563,4921
-0.0565,8652
-0.093,8869
0.00199,4707
-0.065,7217
0.0131,4676
0.194,609
0.143,146
-0.00154,5162
0.128,1318
-0.171,9207
-0.0664,6214
0.0376,4046
0.141,1097
-0.0645,8104
0.0187,4345
0.505,11
-0.0082,5636
0.148,3556
-0.0498,6932
0.387,17
0.042,3925
-0.0127,5076
-0.0126,5434
0.0625,3707
0.0613,2639
-0.00896,5579
-0.112,7556
0.144,1066
0.13,1718
-0.057,7085
-0.187,9829
0.226,640
0.0476,2930
-0.164,9155
0.00534,4727
0.0149,4558
-0.0156,5392
-0.17,9955
0.116,1596
0.011,4987
0.463,365
-0.359,6188
-0.0218,6139
0.0803,1901
0.178,681
0.00785,4727
-0.146,8101
0.0643,3305
0.119,1824
-0.0857,8730
-0.0345,6057
-0.00573,5305
-0.174,7639
0.0891,2792
0.0089,4566
-0.115,8985
0.0575,3233
-0.0776,7879
0.223,1697
0.174,428
-0.102,8921
0.342,210
-0.159,9699
0.0287,4484
0.109,1788
0.0817,3328
-0.31,10389
-0.0756,7633
-0.208,9088
-0.0298,5529
0.0863,2667
0.0786,4016
-0.0217,6170
0.0828,1931
-0.00183,5165
-0.307,6970
-0.11,8104
-0.0414,5038
0.0723,2999
0.15,794
0.171,2774
-0.19,9219
0.0844,3769
-0.0286,5534
0.128,994
-0.0483,6762
-0.0175,5317
0.341,929
-0.22,9299
0.11,1518
0.15,301
-0.00481,5548
0.0857,3469
0.287,1360
-0.105,7834
0.133,2034
0.238,2275
-0.00899,5613
-0.277,10111
-0.134,8936
-0.0794,6462
-0.097,8079
-0.136,6948
0.0525,2839
0.194,386
0.347,766
-0.3,7036
0.121,1918
-0.0939,8327
0.202,960
0.0318,4307
0.0349,4022
-0.0206,5309
-0.256,9008
0.112,1157
-0.219,10283
-0.231,9762
-0.136,8628
-0.0708,6791
0.416,4
0.149,928
-0.0425,6887
0.0388,3844
-0.00293,5139
0.149,3644
-0.156,8662
-0.121,9532
-0.0977,8700
0.158,2348
-0.188,9837
-0.00644,5160
-0.0902,8299
0.0914,1828
-0.424,9501
-0.0802,7370
-0.0301,5511
-0.122,8014
0.00793,4886
0.106,2262
-0.0301,5935
0.212,1717
0.0596,1812
-0.158,8621
-0.00862,5377
-0.168,9507
-0.0229,6379
-0.284,10105
0.0114,4580
-0.00515,5173
0.0378,4352
-0.108,8923
0.0493,2728
0.0366,4105
-0.102,7660
-0.179,9207
-0.0508,6530
-0.239,9577
-0.257,10440
-0.331,9612
-0.343,9885
0.00483,5038
-0.0644,6544
0.325,203
0.11,973
0.00254,5073
-0.113,6894
-0.122,9079
0.087,3613
-0.138,8882
0.207,122
-0.0315,5919
-0.552,9947
-0.0945,7031
-0.28,9574
0.0229,3381
-0.217,10186
0.249,596
0.0354,4000
0.0713,3509
0.217,840
-0.0194,5806
0.186,883
-0.145,8919
-0.228,9923
0.167,1768
0.0176,4556
0.0912,2070
-0.113,7735
0.00911,4671
0.474,1743
-0.348,8201
1.53,826
-0.0952,8165
-0.0196,6141
0.141,1459
0.343,470
0.162,1061
-0.0808,7129
-0.0182,5616
0.255,2041
0.0155,4603
-0.296,10253
0.0488,2754
0.0715,2761
0.16,1672
0.00861,4647
0.354,304
-0.0901,7538
0.0554,3145
-0.145,6207
-0.136,9279
-0.0587,6274
-0.223,6303
-0.157,8112
0.125,1846
-0.287,9824
-0.0384,6334
-0.00687,5065
-0.333,8938
-0.0295,5948
0.0589,3459
-0.0939,8537
0.00183,5203
-0.00486,5336
-0.0602,6887
0.0415,4197
-0.209,6797
-0.0344,7247
-0.0198,5804
0.0099,4648
-0.14,8004
-0.0833,6379
-0.466,7888
-0.372,9417
0.141,828
0.0913,2765
-0.24,9222
-0.109,9297
0.182,2115
-0.0476,6013
-0.203,9780
0.124,2134
-0.0962,7811
-0.0787,6832
0.0709,3281
-0.0646,6420
-0.0823,8800
0.0277,3893
-0.0481,6889
-0.0145,5688
0.0743,3045
0.126,1968
-0.18,9946
0.0394,4282
0.128,1668
-0.194,9778
-0.00573,5258
-0.0878,7415
0.044,3154
0.263,601
-0.115,6812
-0.0944,7536
-0.0916,6918
0.133,3349
0.17,1055
0.168,83
0.131,947
-0.0649,8070
0.118,2404
0.0868,2080
0.00537,4703
-0.0176,5525
0.44,1834
0.129,3619
0.108,2074
-0.0847,4750
-0.142,9219
-0.0275,7535
0.489,1
0.0616,2959
-0.286,9571
0.0899,1779
0.165,972
0.0547,3487
0.338,340
-0.211,10204
-0.0597,6797
-0.0548,7770
0.112,1758
-0.0384,7287
-0.263,9861
-0.0714,6853
0.175,1032
-0.0124,5340
-0.0938,6810
-0.0478,6138
-0.0896,7436
0.00191,4523
-0.061,6263
0.154,2138
-0.0558,7967
-0.0734,7401
0.0608,2965
0.191,2624
-0.0584,6698
-0.167,7576
0.018,4337
-0.142,9027
-0.368,10281
0.113,2096
-0.0552,7437
-0.311,8542
-0.0935,8697
-0.0258,7056
-0.174,8991
-0.0788,6657
0.16,2103
-0.224,7870
-0.155,9500
-0.0954,7312
-0.323,9825
-0.0319,5701
-0.428,7174
0.612,185
0.0295,3935
-0.144,9697
0.276,789
0.0112,4715
0.0669,3184
0.0579,4063
0.251,83
-0.01,5664
0.182,1571
0.18,673
-0.144,9285
-0.135,7615
-0.114,8922
0.266,159
-0.0647,7233
0.159,1245
0.0435,3199
-0.0465,7019
0.247,559
0.0659,2578
-0.27,9903
-0.162,8509
-0.114,9118
0.642,101
0.0198,3993
0.167,1123
0.0576,3968
-0.0863,8858
-0.0458,5054
0.0456,3734
0.0596,2851
-0.0649,7876
0.43,1912
-0.279,9376
0.474,727
-0.135,10126
0.0201,4046
-0.0926,7744
0.036,3876
-0.137,8474
-0.234,9594
-0.0218,5870
0.329,493
0.231,216
-0.00575,4865
-0.182,7727
-0.291,10254
0.215,1444
-0.121,8237
0.0206,4259
-0.199,8374
-0.0884,6722
0.0259,4391
0.482,458
-0.106,6109
-0.329,8156
-0.0342,5644
0.0292,4381
0.331,101
0.0457,2470
-0.0629,8255
0.0511,3566
-0.0909,8059
-0.1,7275
0.0808,2627
0.00479,4927
-0.172,9244
0.126,3151
0.0246,4403
-0.0568,7002
0.141,1383
-0.0145,5384
0.407,622
0.113,2235
0.122,1119
0.376,278
-0.125,9330
0.147,1060
-0.0614,9900
-0.181,8190
-0.0433,6282
-0.0168,5496
-0.233,9796
-0.0119,5619
-0.0393,6821
-0.0217,5462
0.112,1288
0.394,45
0.233,1145
0.0782,2062
-0.202,10081
-0.506,7196
-0.171,9371
0.18,1782
-0.126,9195
-9.55e-05,5128
-0.0889,7909
-0.0806,7568
0.0243,4069
0.375,939
-0.146,6782
0.0142,4404
-0.248,10123
0.0987,1793
0.238,1431
0.531,341
-0.125,7470
0.0402,4097
-0.0597,6780
0.0638,3345
0.007,4994
0.00254,5003
0.0787,3057
-0.0958,8363
-0.316,9967
0.0141,4549
0.0584,3741
0.211,1037
-0.179,9278
-0.114,8279
-0.0592,7572
-0.0211,5578
0.0474,4035
-0.135,8784
-0.0309,5906
-0.0101,5802
0.00211,5016
-0.166,10064
0.0142,4522
0.049,4001
-0.257,9348
-0.00612,5569
-0.0918,9066
0.132,2065
0.0498,3903
0.229,791
-0.239,8528
-0.159,9491
0.123,1708
0.0606,2949
-0.314,10397
-0.121,9405
-0.158,9465
0.0994,2293
-0.0286,5477
-0.106,6854
0.0513,3821
0.0199,4548
0.241,1631
0.0272,4315
0.0488,3668
-0.239,9098
0.224,252
-0.0871,6508
-0.0194,5095
-0.0104,5431
-0.143,9164
0.248,635
-0.0974,8162
0.0787,2476
0.0789,3431
-0.149,9408
0.0319,3719
-0.0186,2497
0.0135,4581
-0.257,9892
-0.041,6035
-0.12,9059
-0.0927,7005
-0.228,9957
0.0209,4478
-0.105,8903
-0.135,10266
0.0361,3372
-0.0532,7898
-0.0018,5239
0.0628,2552
-0.0903,6905
-0.326,9600
0.0356,3633
0.184,593
-0.024,5883
-0.0148,5333
-0.149,7591
-0.0151,6238
0.0806,2113
-0.161,9795
-0.15,6442
-0.0261,7266
-0.0316,6992
-0.174,10347
0.0183,4386
-0.0159,4557
-0.0949,7388
-0.0181,6666
-0.0582,9282
-0.459,7849
-0.605,7506
0.00301,5136
-0.127,9302
0.181,1695
0.121,1838
-0.132,7756
-0.245,9653
0.0838,2929
0.0019,4895
0.268,359
-0.126,7401
-0.243,9987
-0.184,9824
0.131,1910
-0.05,7855
-0.161,10051
0.0863,3107
0.125,3370
0.0739,3331
-0.0257,5612
-0.313,9924
0.318,1
-0.0673,7340
-0.256,9938
-0.0916,5843
0.121,2846
0.00424,4969
-0.117,7742
0.139,733
0.0488,3532
-0.105,7779
0.111,2776
-0.0918,8141
0.0758,2252
-0.0701,7459
-0.176,9470
-0.0008,5257
-0.266,8461
-0.0779,8847
-0.229,10343
-0.0864,7451
0.067,2946
-0.25,8487
0.0231,4179
-0.228,10438
-0.217,10154
0.0242,4497
-0.233,9798
0.0386,3730
0.199,1016
-0.0628,6762
-0.0162,6592
-0.021,5893
0.144,1285
-0.181,8436
0.0932,1566
-0.0458,7892
-0.114,9665
-0.138,9229
-0.387,8741
0.0414,3251
-0.209,9163
-0.0405,7363
-0.0918,8858
0.136,1526
-0.166,8876
0.000625,5175
0.176,1546
-0.356,10041
-0.0864,7996
0.154,2198
0.00846,4912
0.0227,4537
-0.00221,4702
0.0155,4601
-0.108,7537
-0.0472,6742
0.371,91
-0.0734,7107
-0.0478,6507
-0.141,9053
-0.00313,5457
-0.00392,5207
-0.198,9609
-0.0989,7926
-0.1,8061
-0.0678,8875
-0.0304,6603
-0.167,9261
0.132,2884
-0.0458,6186
-0.15,9970
-0.0813,7610
0.226,531
0.326,158
-0.137,7276
0.174,2186
-0.127,8792
0.314,192
-0.0886,4857
-0.815,10098
-0.145,8316
-0.421,8980
-0.0615,7771
-0.3,10003
0.338,784
-0.0508,6613
0.00986,4474
-0.118,8627
-0.101,8067
-0.474,10065
-0.126,8812
-0.285,9953
-0.0757,7815
0.0633,2644
0.0169,4459
-0.29,8948
-0.172,8287
0.0386,3326
0.242,264
-0.143,9243
0.0491,3506
-0.151,7084
0.00367,4931
-0.206,9653
-0.208,9917
-0.0262,5939
0.0314,4068
0.0553,3498
0.444,79
-0.15,7865
0.0883,2835
-0.07,7047
-0.408,6375
-0.115,8473
0.384,400
-0.00368,4696
0.129,789
0.0547,3080
-0.15,10264
-0.0598,6098
0.0754,2927
-0.0404,6061
-0.033,5588
-0.126,7477
-0.0255,6308
-0.103,7768
-0.0347,5187
-0.161,9222
-0.116,9520
0.25,249
-0.268,10382
0.156,1961
0.183,2833
0.339,2230
-0.00141,5044
0.172,69
-0.199,9873
-0.0616,4834
0.0796,2934
-0.124,9472
-0.197,10274
0.357,303
-0.0301,6308
1.13,29
-0.352,7784
0.15,942
0.128,1308
0.136,1472
-0.0638,7105
-0.162,8596
-0.00825,5114
0.121,306
0.116,2460
-0.0363,6231
0.0151,4430
-0.219,8379
0.253,454
-0.0213,6125
0.108,1382
-0.0761,8032
-0.0666,7090
-0.00616,5142
-0.089,6581
0.0144,4681
0.166,1028
-0.204,9687
0.27,118
-0.0323,5471
-0.0586,6627
-0.0461,6726
-0.0649,7501
-0.00289,5061
0.00714,4611
0.0586,3415
-0.099,7868
0.267,104
0.0186,4239
-0.15,7617
-0.504,8692
0.18,2923
-0.18,6990
-0.0466,7274
-0.00823,5474
-0.168,9274
-0.0297,5852
0.117,1943
-0.159,7554
0.194,188
0.0749,3223
-0.102,7648
-0.139,9236
-0.124,8181
-0.0899,7601
-0.0214,5834
-0.0167,5719
0.179,1379
0.889,5
-0.0236,5573
-0.0918,7331
0.109,1087
0.0374,2710
0.556,179
0.213,663
-0.168,8897
-0.179,8044
-0.0156,5421
-0.241,9275
0.0752,2693
0.0344,3756
0.0251,4396
0.114,1210
-0.132,10351
0.0399,4321
0.14,1047
-0.118,7028
0.195,874
0.0153,4127
-0.0171,5840
-0.114,8608
-0.153,9119
0.0278,4188
-0.131,6543
-0.127,9520
0.0889,1758
-0.011,5540
-0.00307,5173
0.219,2684
0.506,384
-0.381,10215
-0.162,9863
-0.0404,6110
0.132,791
0.145,2315
-0.0676,6572
-0.0697,7166
-0.0396,7363
0.0421,3880
0.129,2140
-0.109,8623
0.22,471
-0.00894,5630
0.0444,3322
-0.14,7203
0.21,979
0.189,1814
0.213,1888
-0.166,9126
0.0697,3396
0.123,3366
0.231,2262
0.29,3014
-0.0598,5574
-0.117,7665
-0.125,9306
0.0949,2164
0.0163,4402
-0.282,9134
0.0229,4468
-0.065,7314
0.0739,3914
-0.145,7631
-0.0472,5901
0.0782,3096
-0.114,6857
-0.0459,7247
-0.155,9821
-0.00991,5254
-0.256,4981
-0.0163,5446
-0.0464,6519
0.0951,2710
0.27,670
-0.254,9025
0.037,4150
-0.228,7058
-0.117,7163
-0.00589,5354
-0.0482,7616
-0.1,7963
-0.0299,5699
0.161,3026
-0.137,8963
0.0337,3711
-0.18,9294
-0.0454,6331
-0.193,8836
-0.167,9273
-0.033,6287
-0.0405,6884
-0.132,9721
0.149,1567
-0.173,9263
-0.0218,6311
-0.169,9518
-0.0932,9467
-0.0877,7789
0.0572,3449
-0.0965,8066
-0.117,7850
0.0499,3716
0.0217,3850
-0.0175,5821
0.192,403
0.302,119
-0.0467,5221
0.0214,4369
0.101,1562
-0.221,10351
-0.118,8614
-0.117,6918
-0.0178,6061
0.0821,3756
-0.0256,6618
0.0839,785
-0.0988,6353
0.107,2852
0.106,2744
0.0634,3481
0.132,1989
0.064,2472
0.153,1319
0.00448,4814
-0.108,6942
-0.0874,8193
-0.0654,8816
0.0944,3395
-0.151,6934
-0.141,9157
-0.219,8249
-0.0805,5689
-0.179,10035
-0.126,9187
-0.186,8764
-0.182,7357
-0.118,7369
-0.235,10145
0.0519,2199
0.224,607
-0.132,8835
-0.479,9792
-0.233,10217
0.328,230
0.123,949
-0.118,6539
-0.0995,7280
0.0496,3215
0.0548,3416
0.0923,831
-0.026,6125
-0.109,7476
0.279,173
-0.0786,6704
-0.223,8969
0.0473,2731
0.0671,3524
-0.395,9663
0.576,1614
0.268,888
0.19,3221
0.196,2136
0.0133,4803
0.045,3382
-0.205,9887
0.0573,2724
0.198,279
-0.00474,5215
0.0389,3325
0.0313,4234
-0.00345,5067
0.0538,2948
-0.0266,5780
-0.203,9231
-0.213,9761
-0.0886,7374
0.0913,834
0.0246,3853
-0.263,10444
0.155,1518
-0.104,7351
0.0539,3291
-0.00707,5121
-0.164,8934
-0.0498,6726
-0.358,10101
-0.0488,6552
-0.0168,5169
0.0797,2416
-0.0608,7199
-0.156,9065
0.31,134
0.188,1725
-0.0947,8834
0.0206,4331
-0.269,9713
0.254,473
0.058,3422
-0.168,8447
-0.122,7449
0.00175,5092
0.0194,3839
0.359,450
0.137,555
-0.0963,7714
-0.0386,5490
-0.00677,5283
-0.0713,8480
0.00672,4829
0.143,2448
0.0828,3649
0.658,424
-0.29,10415
0.0743,2334
0.0709,1339
0.232,1077
0.06,3718
-0.15,7985
0.184,1197
0.079,1838
-0.146,9680
-0.0436,6679
-0.116,8380
-0.0613,7822
-0.0983,8047
0.0179,4275
-0.00202,5195
0.0167,4474
0.135,1542
-0.0306,6468
-0.0984,9676
-0.0451,6618
0.018,4405
0.0408,4127
0.106,2330
0.207,359
-0.251,9713
0.19,584
0.176,1088
-0.133,8998
0.712,67
-0.106,7807
-0.314,10032
0.279,118
-0.0367,6293
-0.13,7223
0.145,2574
0.015,4412
0.118,2637
-0.316,10373
0.00176,5007
0.0571,3809
-0.098,8831
-0.25,8037
0.749,500
-0.225,9577
0.333,881
0.0257,4456
-0.124,8696
-0.0821,7533
0.0325,3878
0.0412,3891
-0.138,8460
-0.419,10434
0.0741,3312
-0.0834,7202
-0.236,10230
-0.0219,5889
0.0694,2884
-0.349,10469
-0.0155,5437
0.0203,4380
-0.0295,6511
-0.239,8482
-0.1,7183
-0.133,8879
0.281,636
0.104,723
0.405,29
-0.0177,5556
0.151,1221
-0.0447,6449
-0.0837,7324
0.0434,4084
0.131,1431
-0.145,10146
-0.191,9617
0.185,1165
-0.0304,6094
-0.189,9040
-0.205,9833
-0.0982,6970
-0.189,9929
-0.2,8531
-0.395,8692
-0.101,9065
-0.0877,9611
-0.0859,7663
-0.136,8911
-0.0704,7667
-0.283,8167
-0.0682,8770
0.0975,1617
-0.226,9710
0.25,1157
0.495,522
-0.0646,6923
0.035,4109
0.253,269
0.0215,4177
-0.222,9850
0.0203,4588
0.0354,4420
0.114,2203
-0.104,8358
-0.239,9640
0.304,814
-0.108,7840
0.493,542
-0.0195,6300
-0.101,8998
0.012,4638
-0.0426,6465
-0.0994,8005
-0.249,8225
0.143,910
-0.116,7593
-0.45,9253
-0.09,8279
0.0244,4309
-0.104,9043
0.0479,2986
-0.131,10087
0.12,2237
0.125,1332
0.165,1475
0.0407,3820
0.0941,1224
0.0459,2415
0.155,889
0.283,301
0.311,436
0.0987,2976
0.0514,3760
-0.128,9767
0.149,1543
-0.0722,6280
0.125,1977
-0.0907,7520
-0.0598,8022
0.0283,3998
-0.0678,6439
-0.0725,7386
0.107,3081
-0.22,9443
-0.0202,6908
-0.126,9331
-0.0785,6799
-0.158,8616
0.418,1291
0.0909,3097
-0.0688,7692
-0.0846,9330
0.121,1251
0.118,2228
-0.134,6163
0.0491,3829
0.00821,4569
0.0622,1926
-0.241,8039
0.026,4110
-0.156,9122
0.478,237
-0.0463,6794
0.149,924
0.153,2102
0.2,1728
-0.0106,5348
-0.405,10266
-0.0727,7751
0.0275,4199
-0.0336,6187
0.162,1594
-0.0319,6442
-0.26,7335
-0.0616,8342
-0.0546,9430
-0.252,9542
0.0295,4186
0.131,3416
0.256,431
-0.121,9919
-0.104,8969
0.186,2224
0.109,2968
0.427,534
-0.228,8131
0.00618,4863
-0.0923,7059
-0.216,10195
-0.0111,5512
0.0578,2995
-0.0917,6931
-0.00537,5085
-0.055,6932
0.145,1732
0.263,242
-0.303,6178
-0.0538,5288
-0.0169,5668
-0.00117,5001
-0.11,9146
-0.346,9849
0.305,261
0.0319,4580
0.0138,4731
0.00976,4762
-0.177,8943
0.5,1592
-0.175,8858
-0.321,9097
0.0323,3180
-0.0731,7153
0.334,201
-0.25,9685
-0.0152,5760
0.3,1072
-0.144,9700
0.0657,3656
0.161,1554
0.203,1207
0.123,2023
0.0363,4179
-0.0543,8107
0.205,1325
-0.0299,6334
0.157,1549
0.0751,3772
-0.166,8716
-0.036,6938
0.0461,3092
-0.194,9376
-0.0353,6206
-0.0704,6068
0.352,200
0.02,4081
0.155,1443
-0.0215,5711
-0.225,9655
-0.0229,6301
-0.0859,6484
-0.0124,5717
-0.0615,8971
-0.0269,6341
0.137,569
-0.0551,6667
0.277,350
-0.197,9012
0.163,359
0.19,402
-0.0478,5929
-0.0847,7057
-0.305,9034
0.244,2499
-0.036,7558
-0.0236,6255
-0.0105,5470
0.0394,3494
-0.0857,6900
0.083,2966
0.101,1228
0.155,92
-0.222,6356
0.76,1656
-1.08,10074
-0.109,7015
-0.264,8269
0.0297,3816
-0.015,5430
-0.259,9902
-0.121,9078
0.0203,3783
0.101,1388
0.0828,2488
-0.0772,6637
-0.0134,5137
0.188,824
-0.162,9183
0.077,1915
0.129,1414
0.207,1479
-0.00412,5204
-0.00891,5086
0.221,477
0.0377,4157
0.223,1467
0.0215,4313
-0.117,7761
-0.24,7502
-0.22,9693
-0.198,10331
0.0914,1900
-1.59,10450
0.403,1742
0.0964,4012
0.337,701
0.0749,2066
-0.294,10318
-0.319,6242
-0.299,8206
0.0864,4019
-0.211,4498
0.0911,2442
-0.468,6889
-0.204,7416
-0.222,6399
0.0213,4478
-1.88,10381
-0.194,9710
-0.037,6477
-0.0602,6859
-0.132,8599
0.0843,2481
-0.0421,6871
0.0745,3445
0.0021,4904
0.0348,3139
-0.365,8186
0.363,142
0.00275,4900
0.02,4058
-0.21,8837
0.0229,4028
0.308,69
0.000382,4916
-0.156,8233
0.0366,3675
0.452,5
0.0633,2875
0.147,1305
0.0765,1322
0.0633,2489
-0.183,7972
0.23,1592
-0.199,7155
-0.0644,6636
0.0333,4632
-0.0161,6181
1.91,16
-0.246,7335
0.118,3175
0.202,1275
0.319,79
0.0138,4748
-0.0894,7702
-0.0138,5525
-0.0232,5589
0.0509,3526
0.0591,2261
-0.113,8723
0.16,1773
0.0555,3558
-0.0016,4993
-0.27,9380
0.147,256
0.0624,1984
-0.477,9857
0.885,450
-0.609,9253
0.193,1341
0.0446,4204
-0.182,9310
-0.357,10342
0.00457,4784
0.0218,4155
0.0397,3316
0.0185,4369
0.0738,3648
-0.00795,5092
-0.448,7122
0.3,691
-0.137,9799
-0.0161,5627
-0.273,9962
-0.0217,5687
-0.0345,5557
-0.0118,4717
0.0174,4238
-0.0502,6497
-0.0357,6263
-0.15,8718
0.0434,3787
-0.00631,5385
-0.0913,8772
0.0192,4175
-0.208,8031
0.454,217
-0.153,8522
-0.296,9224
0.0191,4234
0.0133,4580
-0.0126,5032
-0.241,10308
0.138,3051
-0.12,9528
0.0841,3470
0.181,1492
0.343,448
-0.022,6061
0.0553,3587
-0.0862,8713
0.0517,3509
0.0535,2129
-0.103,7800
0.293,321
0.113,2536
0.371,1544
0.0732,2538
-0.0762,8078
0.397,131
0.00856,4721
-0.226,6552
0.0268,4413
0.31,123
-0.0539,8981
0.35,2716
-0.155,7178
1.05,185
-0.318,8651
0.025,4510
-0.209,7050
-0.232,9756
0.138,2015
0.133,1068
0.136,1540
0.0026,5112
0.0523,2660
-0.011,5449
0.0838,2757
-0.141,7647
-0.168,9966
0.26,1682
-0.161,9626
0.123,1850
-0.0195,5268
0.0379,3840
-0.0294,5817
0.00536,5011
0.176,1228
0.131,1810
-0.123,7556
0.146,2118
-0.142,7637
-0.0583,7191
0.133,2132
0.0433,3886
-0.0901,8482
-0.28,8813
0.334,44
-0.0632,6045
0.0237,3972
0.168,545
-0.133,8636
-0.0667,6235
-0.115,6318
-0.125,8949
-0.0299,5964
-0.0777,8402
0.0386,3971
0.399,214
0.0229,4055
-0.0604,7684
-0.0427,7180
0.32,910
-0.209,9469
-0.149,7972
0.124,2540
-0.123,9108
0.059,3515
-0.405,10342
0.0403,3924
-0.132,7515
-0.312,10375
-0.114,7969
-0.0175,6003
0.203,2041
0.0016,4843
0.0653,3533
-0.0332,5823
-0.0869,7342
-0.114,9635
0.0853,3017
-0.238,8658
0.0913,3335
0.125,1851
0.0941,3163
-0.166,9286
0.116,872
0.0143,4792
-0.0346,6757
-0.0412,6612
0.0535,3222
0.0103,4664
-0.128,7704
0.289,2087
0.24,1244
0.0642,2181
0.0229,4172
0.373,2288
0.282,878
0.184,2492
-0.074,7903
0.0215,4367
0.0284,3316
0.0488,2458
0.258,490
0.348,704
0.377,205
0.175,720
0.0333,3638
0.223,862
0.00841,4855
-0.127,7418
-0.0516,7493
-0.214,10202
-0.048,7393
0.118,2965
0.116,932
-0.13,7476
0.158,2316
-0.283,9137
-0.26,10344
0.0558,2886
0.00389,4820
-0.097,8032
-0.063,6117
-0.0391,6275
-0.0645,9033
-0.234,10111
-0.125,7940
0.0571,2637
-0.0904,7786
-0.039,6970
-0.0199,6456
0.0964,1952
-0.154,8785
-0.424,10032
-0.334,8972
0.0745,2603
0.159,264
0.289,740
-0.0316,6133
-0.041,5937
0.149,3346
0.0761,3187
0.192,747
-0.0784,6667
0.0807,2801
0.249,1483
0.226,284
0.0398,3784
-0.189,9775
-0.0644,6257
-0.184,9563
-0.148,7683
-0.0169,5105
-0.266,10446
0.0187,3592
-0.0412,6752
0.676,89
-0.177,9980
-0.322,10245
0.00882,4645
0.0444,3125
0.17,2836
-0.0985,8457
-0.242,8325
-0.006,5187
-0.101,8616
0.00612,4490
0.0333,3865
-0.0153,5607
-0.101,7572
0.0314,3650
0.115,1018
-0.096,9379
0.13,2454
-0.0617,6922
0.266,290
0.273,268
-0.0552,4615
0.0615,2665
0.0436,3876
0.117,1733
-0.0735,6707
0.133,1126
0.0613,3057
0.262,1004
0.0117,4810
-0.000882,4931
-0.142,9346
-0.112,7187
-0.0146,5868
-0.128,8737
0.026,3932
0.118,1720
0.027,3926
1.19,1239
-0.0937,10339
-0.0223,5797
-0.198,10268
-0.17,9697
-0.0196,5426
0.0839,2573
-0.267,10257
-0.00108,4982
-0.036,6415
-0.117,7756
-0.106,8234
0.438,1067
0.196,1188
-0.0172,5603
-0.291,7593
0.0655,3080
-0.0849,6667
-0.0119,5580
0.0627,2802
0.0434,3605
0.0588,3299
-0.124,8265
-0.236,9598
0.0604,2822
-0.0975,6830
0.0309,4222
-0.00321,5177
-0.142,8446
0.0131,4750
0.112,920
0.0194,4226
-0.12,8035
-0.225,9644
0.327,1065
-0.0129,5036
0.32,978
-0.0435,7426
0.005,5085
0.0545,3206
-0.0552,6876
-0.174,6634
0.199,1571
0.00611,4854
-0.244,10047
-0.221,9345
-0.213,9285
0.228,2789
-0.183,9425
0.0143,4551
-0.0406,7340
0.137,3066
0.0439,3747
1.35,86
-0.151,7897
-0.0445,6211
0.0672,3768
0.293,143
-0.1,7316
0.0875,2055
0.0685,3860
-0.0209,6453
0.0144,4196
-0.188,9583
0.0722,3082
0.171,2298
0.744,88
0.167,760
-0.162,9994
-0.152,10065
-0.0915,8928
-0.283,10081
0.212,641
-0.0718,9931
-0.0681,6705
-0.099,7248
-0.0307,5927
0.228,590
-0.269,10137
0.0255,4477
-0.0202,7473
0.849,11
-0.0841,6768
-0.179,8091
0.00981,4430
-0.0624,8461
0.0904,3070
-0.504,10296
0.0506,3689
-0.306,10123
0.289,89
0.0697,2693
0.0512,3758
-0.0393,6137
0.36,141
-0.192,9529
-0.158,9916
-0.038,7368
-0.0124,6165
-0.202,8388
-0.0812,8064
-0.124,6357
-0.224,10219
-0.0371,6558
-0.0445,6891
0.0827,2122
0.103,3035
-0.133,9439
-0.14,7465
-0.0361,8006
0.0879,2267
-0.249,9880
-0.0343,5991
-0.0764,7076
-0.0297,5951
-0.0235,6202
-0.0538,7698
0.13,2102
0.0438,3861
-0.0635,7774
-0.054,6937
-0.0984,9569
-0.0201,5890
0.0315,4133
0.0389,3681
0.87,242
0.213,1100
-0.07,7281
-0.0676,9259
-0.202,9172
0.133,2079
-0.0106,5367
-0.0672,6718
-0.0634,6693
0.196,713
0.0257,4418
0.00225,4745
0.00737,4727
-0.0717,6641
-0.1,8987
-0.172,9714
-0.292,5386
-0.241,10031
-0.32,10389
-0.301,10076
-0.153,10422
0.0698,2417
0.0427,4152
-0.0615,7261
-6.92e-05,5040
-0.309,10416
-0.0636,8539
0.0234,4327
-0.237,9560
-0.192,8525
0.113,2565
-0.00212,5149
-0.0019,5294
0.033,3712
-0.0828,7137
0.201,1708
0.115,1636
0.237,1264
0.0303,3898
-0.0645,7657
0.00548,4735
0.0183,4755
-0.0283,4019
-0.027,5416
-0.0741,7674
0.0117,4809
-0.0292,5607
0.212,1392
-0.0165,5917
-0.253,9279
-0.0209,5885
-0.00349,5304
-0.0108,4997
-0.294,9670
-0.0744,8661
0.0222,4685
-0.152,8537
-0.088,8174
-0.305,8360
0.0354,3862
-0.524,7892
0.105,3546
-0.0515,7712
-0.0412,3291
-0.0389,5970
0.952,98
0.13,868
-0.00389,5569
0.0926,2088
-0.275,8015
-0.0578,6248
-0.255,6149
-0.355,9679
-0.00098,4932
-0.14,7971
0.441,98
0.253,1103
0.0794,3907
-0.00186,5210
0.121,589
0.451,137
-0.202,8114
0.0383,3894
0.316,1711
0.188,610
0.0191,4625
-0.112,9081
-0.191,8461
-0.0988,7648
0.0381,4450
0.29,1733
-0.00574,5380
0.0967,2116
0.0385,4174
-0.0448,7291
0.347,2340
0.104,2335
0.0873,1256
0.113,1953
-0.628,9453
0.236,890
-0.187,6545
-0.239,9083
0.0791,2603
-0.0721,8748
0.182,989
-0.0344,6437
0.134,3364
-0.185,9988
0.0459,3646
0.129,496
-0.0634,6136
-0.178,9194
0.0284,4553
0.0131,4647
-0.0461,6985
-0.0727,8333
-0.0613,6226
0.0979,2920
0.34,956
0.335,459
0.044,2567
0.038,2723
-0.098,8086
1.32,210
0.0153,4610
0.0857,2752
0.0378,3470
-0.0117,5978
0.177,1973
0.0251,4536
0.0199,4533
-0.0918,6884
0.316,747
-0.0618,7730
-0.149,7730
0.0528,3645
0.264,713
-0.122,7525
0.0416,4014
-0.0214,5769
0.136,1825
0.113,468
-0.00679,5046
-0.0509,6328
0.0852,1580
0.0788,3399
-0.173,8857
-0.166,8308
-0.438,9871
-0.159,8581
-0.0111,5658
-0.195,9193
0.188,1083
-0.173,8332
0.331,198
0.331,2522
0.0758,2665
-0.075,6147
-0.171,8563
0.402,771
-0.355,10287
0.0417,3636
0.0494,3524
-0.072,8186
0.0347,3356
-0.0214,5770
-0.128,7781
0.28,468
-0.107,9311
0.0642,2708
0.0824,3054
-0.0129,5624
0.299,1441
0.00743,4853
0.0503,2830
-0.109,8970
0.195,685
-0.00325,5112
0.3,1072
-0.0102,5375
-0.0295,6371
0.0603,3192
-0.00558,5394
-0.125,8556
0.134,2314
0.19,2502
-0.0074,5585
-0.164,10278
-0.251,7666
0.446,849
-0.14,9534
0.116,1840
0.107,1973
-0.139,7652
0.0963,2761
-0.012,5442
-0.0941,7521
0.226,72
-0.0325,6544
0.0272,3224
0.0351,3000
-0.0504,7421
0.118,772
0.0368,3584
-0.116,7848
0.187,1052
-0.0417,6684
0.0845,2579
-0.135,8909
-0.187,9451
-0.0349,6008
0.0168,4164
-0.303,8503
0.221,780
0.0897,1740
0.237,727
-0.211,7648
0.0722,3404
0.0836,2698
0.23,381
0.0604,2959
0.983,920
-0.0503,6857
-0.159,8116
-0.0168,6056
-0.168,10030
-0.355,8957
-0.23,10027
-0.0701,7064
0.00841,4728
-0.261,9996
-0.0146,5345
-0.0323,5843
-0.164,8956
-0.192,9628
-0.0307,6890
0.0846,3485
0.15,2989
1.15,27
-0.384,8842
0.168,946
-0.00647,5057
-0.0128,5420
-0.00387,5048
-0.0613,5763
0.14,3211
-0.128,9183
0.145,1113
-0.0207,6512
-0.0201,5224
-0.0418,6702
-0.256,9777
-0.0713,8195
-0.0464,7622
-0.0735,6271
-0.127,9084
-0.0669,6901
-0.000182,5262
-0.0635,8087
0.0357,4080
-0.278,8872
0.0476,3313
-0.014,5266
0.0874,2256
-0.114,9581
0.0367,4152
-0.152,8407
-0.0796,6887
0.254,1553
-0.355,8658
-0.00456,5437
0.0427,3071
-0.152,9249
0.0949,2887
-0.0528,6041
0.0745,3677
0.0398,3495
-0.104,7944
-0.0556,6895
0.00301,5017
0.0312,4022
-0.23,10241
-0.181,9937
0.0694,3197
-0.178,9406
-0.116,8447
0.303,1238
0.109,3285
-0.0753,7984
0.00382,5122
0.00606,4946
-0.275,9469
-0.223,9838
-0.22,5740
0.159,839
-0.0549,7015
-0.0992,7712
0.0578,3933
0.186,2046
0.086,3629
-0.077,10034
-0.218,10229
-0.0889,7954
-0.141,8329
0.0441,3612
0.00137,5004
-0.131,9386
-0.0349,6659
0.419,493
0.2,1478
-0.148,7331
0.709,163
0.133,1098
-0.165,10132
-0.0187,5293
-0.0686,7161
0.352,597
-0.192,8867
-0.0193,5544
0.0836,2382
-0.131,8257
0.106,2753
0.088,3014
0.0608,2838
0.0935,2647
-0.036,6083
0.25,1366
0.207,2938
0.0406,4291
0.0177,3900
0.0219,4007
-0.0981,7803
0.0703,3331
0.0632,3770
0.105,2167
-0.0273,6291
-0.113,8040
-0.226,8544
-0.142,8055
-0.254,9701
-0.0504,7003
-0.0641,8310
-0.0415,6976
-0.155,8388
0.152,1018
0.019,4327
-0.313,7798
0.073,1986
0.0941,2347
0.0849,2797
-0.0307,6170
-0.258,10234
-0.333,9085
0.224,1955
-0.221,10294
0.155,2930
0.0145,4523
0.053,4139
0.0928,3096
0.141,756
0.122,2298
0.115,1591
-0.17,8545
-0.219,8359
-0.202,5626
0.224,127
-0.0706,8142
0.212,1117
0.063,4133
-0.268,7730
-0.0037,4980
-0.0488,7554
0.0372,3365
-0.156,9397
-0.0836,6468
-0.216,4037
-0.00141,4931
-0.103,8109
-0.0586,6765
-0.0624,7268
0.411,243
-0.0876,7633
-0.131,9201
-0.0846,7266
-0.0135,5240
-0.169,7887
-0.0456,7265
0.0567,3056
-0.101,7881
-0.131,8546
0.165,1446
-0.0928,7373
-0.281,10188
-0.191,7909
-0.244,9202
-0.028,6121
0.0396,4348
-0.0952,7644
-0.0234,6175
-0.412,10426
0.0394,3819
0.000306,5082
-0.0293,6516
-0.559,10412
-0.126,7837
0.0456,3981
-0.072,8140
0.0599,3631
0.052,3800
0.0755,2995
1.21,155
0.039,3946
-0.251,9119
0.396,107
-0.00593,5051
0.393,1479
-0.0246,5675
0.347,366
0.0119,4548
-0.0153,6544
-0.27,9530
0.137,1535
0.596,933
-0.229,10371
0.201,526
-0.122,9176
-0.0475,6202
-0.131,7496
-0.146,8510
-0.16,9245
-0.0386,7111
-0.0323,6297
0.508,282
-0.161,8314
0.0136,4539
-0.0966,5822
0.392,411
-0.0326,6622
-0.194,9241
-0.169,9020
0.245,2544
0.00698,4897
-0.0467,7105
-0.174,10335
-0.0724,8419
0.116,1243
0.0776,2408
0.275,336
-0.107,9014
0.058,3079
-0.063,6712
0.137,2963
-0.605,10290
-0.0162,5479
-0.159,9407
0.304,151
0.0435,4155
0.63,43
0.0518,2857
-0.118,6952
0.158,784
-0.0149,5737
-0.148,8098
-0.0408,7201
-0.367,10200
-0.15,7267
-0.0886,9228
0.0253,3671
0.00316,4981
0.0775,3280
0.204,1445
-0.0454,6060
-0.0656,8969
-0.0289,6789
-0.135,8629
-0.044,5841
0.695,678
0.303,523
-0.136,9791
-0.181,10372
-0.167,4376
-0.277,7965
0.0127,4668
-0.308,7912
0.0468,3568
0.157,333
0.752,1221
0.048,3474
-0.15,7422
0.0634,3578
0.000919,5106
0.103,2262
0.00298,4923
0.0145,4204
-0.337,9174
-0.0554,6466
-0.251,9761
-0.0849,9040
-0.109,7580
0.134,2165
0.111,2060
0.109,3492
-0.099,8118
-0.0306,6247
0.0223,4673
0.318,515
-0.0779,6995
-0.175,7122
-0.0238,5938
0.0528,3172
0.117,3697
-0.324,5619
-0.00633,5368
0.0738,3638
0.0778,3588
0.223,1934
0.94,99
-0.123,8995
0.0875,2061
-0.109,6701
-0.0143,5432
-0.329,8092
0.171,2863
-0.145,10218
0.0126,4487
0.153,1910
0.0828,2614
0.0283,3841
-0.054,6762
0.00308,4978
-0.0792,8047
-0.202,9081
0.155,3266
0.624,175
0.154,1267
-0.138,9340
-0.0975,8590
0.0499,4255
-0.0262,5684
0.193,1289
-0.173,8732
-0.0944,7559
0.179,1742
1.21,177
0.212,1778
0.00593,5122
0.34,389
0.0981,1681
0.133,683
-0.127,4114
0.428,550
0.681,113
-0.0905,9787
-0.055,8366
-0.0216,6400
3.03,317
-0.296,6907
0.398,939
0.174,1979
-0.0502,5984
0.2,2964
0.606,836
0.0172,2875
0.322,2322
-0.361,5892
0.335,323
-0.246,8652
-0.0663,7921
0.129,363
-0.837,10106
0.231,2633
-0.554,9175
-0.0955,4885
-0.0644,6103
-0.201,10251
-0.0662,6380
0.0931,2889
-0.31,10141
0.00721,4637
-0.129,8439
-0.14,7906
-0.106,8189
0.0781,3342
-0.0889,9593
0.0898,980
0.13,1895
0.261,532
0.0785,2437
-0.077,7726
-0.118,7678
-0.105,9187
-0.00456,5509
-0.343,5473
-0.0249,5107
-0.0164,4986
0.00219,5082
0.00425,4912
-0.0843,7236
-0.805,8155
-0.261,9467
-0.0995,7535
0.187,2088
-0.0389,7483
0.0861,3644
0.272,2760
0.256,2056
0.0401,2573
0.00495,4642
-0.348,10335
-0.138,8452
-0.125,7520
0.0455,3628
0.0886,2146
-0.0242,5647
0.179,1300
0.902,8
0.146,1423
0.433,300
0.305,453
-0.0828,9400
0.00617,4982
0.319,519
0.156,2733
-0.0473,7296
0.0537,2876
0.0893,2813
0.158,1246
0.393,27
0.548,273
0.214,1365
0.136,2765
-0.0553,7730
-0.131,7399
0.704,58
0.0328,4289
0.0748,2590
0.0652,1977
-0.105,8917
-0.363,8026
-0.308,8973
0.0749,2333
0.143,2955
-0.172,10326
0.0471,4052
0.318,960
0.145,2237
0.152,2061
0.112,2549
-0.0255,5985
-0.273,7378
-0.218,8727
-0.204,9068
-0.0237,5691
0.0632,1454
-0.00266,5450
0.28,488
-0.242,6552
0.33,351
-0.197,8423
-0.0855,9220
-0.121,8808
0.033,3929
-0.0468,6942
0.091,3618
0.117,2269
0.235,423
-0.0103,5022
-0.0192,6380
0.0216,4184
0.0923,1924
0.279,947
0.303,735
0.0689,2555
-0.0787,8227
0.0778,2439
0.0625,3257
0.0939,2634
-0.0114,5242
0.0959,1344
-0.0391,6266
0.194,1302
-0.13,7815
-0.278,10065
-0.0536,7003
0.215,640
-0.0595,8238
0.0346,3792
0.17,1243
-0.0559,7815
-0.0741,7181
-0.151,10062
-0.0561,6213
0.0802,2742
0.0822,1670
-0.228,7014
0.0316,3690
0.373,97
-0.0349,6291
0.0528,4073
-0.276,9426
0.0655,3649
0.104,2038
-0.0727,8335
0.0104,4644
-0.0178,5677
0.304,256
0.0841,3079
0.2,387
0.13,1382
-0.242,8247
0.0397,3557
0.195,1197
-0.187,10016
-0.185,9075
0.0461,2914
-0.0832,7849
-0.265,10258
-0.0301,6393
-0.112,6978
-0.0602,7110
-0.0236,6052
-0.14,7564
0.376,900
0.622,631
-0.137,9365
0.211,1696
-0.0188,5636
0.00203,4714
0.125,2816
-0.173,7525
0.147,1135
0.0399,3380
0.0177,4349
0.609,7
-0.139,9511
0.158,626
-0.175,10008
-0.0916,7791
-0.00711,5161
-0.101,3952
-0.126,9117
-0.139,8603
0.0154,4605
0.133,1942
-0.214,9527
-0.26,10215
-0.0904,8512
-0.218,9605
0.297,351
-0.0414,7918
-0.00647,5583
-0.073,6943
-0.0991,7474
0.0324,4258
-0.272,9144
-0.033,6488
0.171,1179
-0.228,9178
0.0922,3349
-0.062,7142
-0.0203,5586
-0.0321,6105
-0.0497,6632
0.158,2045
0.294,785
0.585,1289
0.387,395
-0.0679,6096
-0.0154,5922
-0.144,7467
-0.447,7526
0.265,382
-0.00661,5253
0.127,218
-0.00346,5487
0.427,799
-0.0601,8254
-0.0614,7118
0.054,3095
-0.11,9427
-0.274,10414
0.216,769
0.0113,4829
-0.0483,7472
-0.215,9036
-0.0546,7266
0.0436,2719
0.067,3375
0.31,255
0.247,1546
0.0609,2620
-0.108,6851
0.0704,2916
0.132,2093
-0.0151,5351
0.184,2981
-0.088,6464
0.098,1948
-0.117,8393
0.365,93
0.103,2712
-0.17,7749
-0.083,7106
-0.0126,5554
-0.115,9547
0.0606,3786
-0.203,9474
0.182,972
-0.126,9093
-0.0587,9047
0.003,5040
0.0269,4060
-0.0651,6812
-0.0481,6229
-0.0936,6922
0.162,671
-0.106,8331
-0.171,9443
0.0276,4152
-0.0744,6244
-0.255,7568
-0.0414,6460
-0.0728,8295
-0.121,8665
0.0949,2386
0.321,864
0.212,526
0.0308,3980
0.0843,704
-0.29,9726
0.0566,3518
0.391,748
0.0852,2249
0.0326,3855
0.0439,3475
0.008,4835
-0.18,9753
-0.0798,6511
-0.147,6602
0.0636,2953
0.247,247
-0.0198,5196
0.031,3980
0.0496,3880
-0.152,9149
0.101,1044
-0.0818,8647
0.132,1992
0.00011,5009
0.0936,2497
0.127,1966
-0.0532,7403
0.0488,3401
0.0735,2527
0.00541,4889
0.0409,4019
-0.0525,7240
-0.181,9516
-0.123,7841
0.101,1902
-0.0887,5777
0.149,2161
-0.0223,6779
0.229,143
-0.136,9689
0.1,2545
-0.247,7239
-0.0199,5402
0.0724,1568
0.0133,4349
0.0674,3160
-0.053,7541
0.0291,4089
-0.0122,5376
0.103,1545
-0.23,9552
-0.0857,7761
-0.0457,5963
-0.065,6075
-0.61,10223
0.0076,4764
0.0235,4199
0.0837,2898
-0.0683,7104
-0.119,7048
-0.049,7266
-0.086,8687
-0.0543,7108
0.106,3016
0.0364,4031
0.567,118
-0.368,8863
-0.298,10132
-0.0409,6043
0.555,490
-0.028,5865
0.0575,3652
0.133,3248
0.109,3134
-0.0341,5645
-0.247,7333
-0.0574,6954
-0.269,9832
-0.383,10237
0.0985,2137
-0.164,8217
-0.139,8873
-0.115,7801
0.146,1995
-0.127,7595
0.0726,3280
-0.0787,6655
0.311,1189
-0.265,10057
0.252,1302
-0.0574,6008
-0.0169,5723
0.0239,4173
0.0158,4319
0.0455,3665
0.0873,1637
-0.074,6800
-0.0424,5544
-0.273,10454
-0.256,8289
0.297,743
-0.0152,5328
-0.031,5824
-0.0339,7164
-0.0142,5907
0.103,2437
-0.078,7724
-0.0501,5546
-0.499,10411
-0.135,8213
-0.0392,7412
-0.0552,7031
-0.068,6276
0.2,1950
0.0603,3708
0.0165,4393
0.0306,3310
0.115,2023
-0.109,8619
0.0642,3528
-0.115,8576
-0.121,8196
-0.0651,7413
-0.296,8944
0.272,2469
-0.135,6693
0.0943,2418
0.0032,5226
0.345,661
-0.145,7651
0.0591,3912
0.325,2684
0.025,3415
0.0589,3223
-0.0887,6124
-0.104,8383
-0.637,10456
-0.25,9898
0.356,6
0.0494,2977
0.0671,3127
-0.0569,6502
0.0566,3978
-0.148,7566
-0.189,9661
-0.197,9592
0.989,1450
-0.0114,5584
0.0419,3370
0.0316,4085
-0.0693,8546
0.0789,1291
0.0328,3909
0.317,1042
-0.371,8659
-0.0571,7361
-0.256,9767
-0.118,7943
-0.0998,7128
-0.0161,5564
0.129,1736
-0.0767,6846
-0.0375,6434
0.0968,1978
-0.976,9743
0.0613,2774
0.0842,2134
-0.21,8061
-0.0646,7891
0.0257,3601
0.171,3413
-0.17,9840
-0.108,6709
-0.0845,7446
0.164,475
-0.103,8089
-0.135,8204
-0.263,9809
-0.0197,6560
-0.0175,6238
-0.232,9836
0.213,1897
1.1,19
0.0412,3879
-0.0421,5220
0.0197,4525
-0.0589,6572
0.0618,2465
-0.0308,6521
0.172,1285
0.248,301
0.0313,2277
0.07,2576
0.0404,4257
-0.0218,5331
0.181,2849
0.143,1988
-0.0632,6936
0.401,1186
0.223,806
0.0674,3776
-0.00706,5114
0.0847,3588
-0.0587,6917
0.485,1073
-0.0374,6467
-0.0344,5819
-0.0731,6750
0.11,3511
0.212,698
-0.0585,7645
-0.0109,5439
0.0301,4028
-0.0194,5902
-0.112,7879
0.0672,3197
-0.119,8049
-0.151,9433
-0.0566,6908
-0.157,8914
-0.182,8363
0.471,2589
0.322,609
-0.201,9750
-0.136,8710
0.238,636
0.155,2506
-0.059,7391
-0.0547,7667
-0.00755,6622
-0.255,9897
-0.02,5062
-0.0918,6572
0.0425,3738
0.235,483
-0.0205,5884
0.112,988
0.115,1237
-0.00259,4864
0.0367,3948
0.0654,1985
0.129,1956
-0.0801,7856
-0.0698,7377
-0.104,7721
-0.0779,6942
0.0283,2849
0.0315,3457
-0.0931,7838
0.0251,3874
-0.161,9817
-0.293,10111
-0.102,7808
-0.0706,7450
0.0829,3435
0.208,966
0.0732,2383
0.00198,4925
0.136,1586
0.0276,4334
-0.0383,6115
-0.0889,7484
0.0128,4655
-0.111,8703
0.01,4381
0.404,2098
-0.092,6717
-0.0899,8278
-0.0173,5916
-0.0171,6489
-0.295,7776
0.0107,4814
0.403,1090
0.0278,4272
0.0756,2040
0.111,1781
0.123,445
-0.0881,8344
0.102,2369
0.114,2610
-0.0449,7025
-0.0132,6274
-0.284,9756
-0.128,8198
-0.145,8922
-0.0359,5615
-0.17,9775
-0.245,10304
0.0295,4188
0.103,2860
0.447,765
0.0761,2064
-0.0141,5875
-0.055,6920
-0.185,10078
0.159,2263
-0.0616,6870
-0.00757,5564
-0.025,6081
-0.104,8432
0.351,284
-0.14,8020
-0.105,8264
-0.000742,5032
0.0819,2202
-0.0867,7491
-0.0358,6042
-0.292,8601
0.173,742
-0.297,10110
0.109,2414
0.0531,2464
-0.0498,7974
0.00458,5080
0.107,2528
-0.048,7448
0.0249,4299
-0.00659,5407
0.199,951
-0.172,9496
-0.174,9416
-0.0525,6728
0.0437,4238
-0.0688,7899
-0.185,7730
-0.14,8923
0.0119,4744
0.0308,3653
0.0959,1373
-0.0402,5911
0.0576,3505
-0.0254,5768
0.0173,3972
-0.0297,5732
-0.000465,5308
0.6,23
0.0225,4442
0.275,290
-0.0327,5772
-0.017,5275
-0.074,6840
0.137,1796
0.226,777
-0.269,6681
0.165,1246
0.0218,3988
-0.168,8773
0.0719,3335
-0.00852,5363
-0.0915,7929
-0.2,10147
0.249,1492
0.0618,2903
-0.21,10130
-0.0478,5488
-0.103,6329
0.11,1677
-0.0944,8563
0.363,76
-0.0794,7273
-0.138,9196
0.167,2032
-0.18,8743
-0.0923,8281
0.0407,3035
0.209,1936
-0.0606,6090
-0.00542,5090
0.0191,4307
-0.113,8750
0.294,382
0.237,279
-0.0942,7479
-0.118,7873
-0.016,5450
0.0414,2980
-0.138,9143
0.0552,3879
-0.0433,6898
-0.107,6760
-0.0492,5957
0.0987,2461
-0.12,8872
-0.0703,5011
0.872,4
-0.0602,6134
-0.107,8682
-0.023,5652
-0.0817,7765
-0.0559,6643
-0.128,8766
-0.0719,7254
-0.194,8740
-0.136,10208
0.158,463
-0.0574,6512
-0.26,9212
-0.155,7273
-0.349,10467
-0.156,10024
-0.116,8522
0.00456,4913
0.0228,4635
-0.0285,6149
-0.276,10240
0.189,1158
0.0151,4159
-0.257,8757
-0.166,8334
-0.0948,8069
0.0458,4104
-0.0973,8972
0.147,746
-0.195,9737
-0.0837,7306
-0.0121,5617
-0.0832,7813
-0.108,8721
-0.057,6946
0.034,3908
0.0867,3214
0.0314,4281
0.122,732
-0.428,10021
0.0249,4079
0.101,2230
0.263,1000
-0.159,7723
0.344,1029
0.112,1827
0.0681,2583
-0.383,9029
-0.121,8037
-0.0264,6230
0.119,1745
-0.107,10043
-0.108,9906
-0.0203,5504
-0.0403,5543
0.122,2230
0.405,229
0.0739,2504
-0.0124,5666
0.0012,5021
-0.146,8889
-0.196,7501
0.148,1883
-0.108,7818
0.196,143
0.246,965
-0.00165,5177
0.557,521
0.302,764
-0.00294,5296
-0.0278,6149
-0.101,8821
-0.194,9514
0.0202,4127
-0.0154,5775
-0.234,10347
-0.0896,7864
0.107,2223
0.377,1168
-0.0216,5513
-0.124,8547
-0.0592,8193
-0.0866,7658
0.0235,3807
0.0553,3695
0.042,3645
0.0574,3003
0.181,1233
-0.13,9557
-0.354,8834
0.0828,3501
-0.135,8507
-0.271,8806
0.066,3345
-0.0753,6651
0.548,129
0.114,662
0.129,1624
0.206,2081
0.132,310
0.0461,2169
-0.108,7825
-0.169,6996
0.0503,3444
0.00667,5009
-0.17,9954
-0.0458,6862
-0.117,8697
0.0855,3128
-0.177,6419
0.0792,3585
0.0947,3012
0.267,360
-0.0683,7683
0.182,1152
-0.121,8745
-0.0128,5680
0.0277,3774
0.108,581
0.427,657
-0.0112,5251
-0.187,8913
0.289,119
-0.0319,6605
0.0759,2603
-0.0824,7508
-0.137,7968
0.176,2954
-0.172,7389
0.0264,4146
0.0375,2066
0.132,1827
0.0957,1860
0.141,1567
-0.0286,5563
-0.00959,5074
-0.119,8946
0.0424,4083
-0.194,8539
0.181,1400
0.000358,5130
0.0247,4015
-0.0101,5537
0.0846,2400
0.31,385
-0.0692,6918
-0.233,9398
-0.051,7442
-0.0793,9007
0.101,2789
-0.0223,5696
-0.213,8136
0.0158,4351
0.0342,3581
-0.176,10195
0.147,1757
0.0448,3814
0.222,698
0.404,1081
0.124,2634
-0.0291,6322
0.0367,3632
-0.00872,5415
-0.0272,6292
0.082,342
-0.0704,8768
-0.0512,7335
-0.145,10020
-0.15,7620
0.155,1584
-0.244,10462
0.183,1535
-0.149,9234
0.00841,4768
0.165,700
-0.0364,5656
0.353,1058
-0.0532,6911
-0.0451,8236
0.0899,2368
0.127,2095
0.289,1531
-0.0415,6459
0.011,4787
-0.172,10273
0.0411,4212
0.149,2025
0.458,472
-0.0291,5327
-0.0523,7161
-0.0857,8418
0.309,898
-0.191,8072
-0.0427,6186
-0.0465,7033
-0.243,8431
0.0191,4209
-0.152,9169
-0.0277,6006
0.0443,3422
0.0712,3653
-0.0699,7112
-0.114,8828
-0.000982,5266
0.525,79
-0.0664,6769
0.452,150
-0.0285,5996
0.0437,3890
0.142,3069
-0.0611,6584
-0.00352,5160
-0.0555,6489
0.0221,3802
-0.0231,6281
0.0827,2979
-0.158,7502
0.038,4079
-0.021,5484
0.0035,4812
-0.0563,7308
0.375,880
0.0975,2730
-0.14,8031
-0.165,9148
0.28,557
-0.0404,7499
0.323,73
0.603,558
0.548,121
-0.0349,5913
-0.204,9402
0.179,605
0.032,3913
-0.184,7681
-0.507,10465
-0.167,9787
-0.0351,6001
-0.154,9941
-0.0611,7102
-0.237,9997
-0.143,7995
0.00135,5117
0.0337,3690
-0.0403,6977
-0.0607,6553
0.053,3878
-0.0797,6463
0.172,1863
0.0867,1208
0.0589,2651
-0.1,9851
0.00723,4658
-0.275,9378
0.124,2759
-0.148,9689
0.203,1259
0.123,2275
-0.0379,6602
0.17,2709
-0.0348,6933
0.0147,4541
0.0452,3662
-0.301,10171
-0.0741,8045
0.319,611
-0.174,8993
0.0411,3572
0.062,1464
0.00451,5045
-0.157,9360
-0.0271,5723
0.0161,4735
-0.109,9600
0.219,119
0.192,480
0.00305,4936
-0.205,8425
0.343,1458
-0.156,7778
-0.0794,8609
0.0214,4659
-0.0249,6124
-0.171,8657
-0.163,7717
0.0854,975
0.0544,3060
0.369,955
-0.0446,6273
-0.178,9338
-0.0773,7576
0.159,121
-0.0898,8758
-0.18,9161
0.229,1386
0.193,1852
-0.0302,5965
0.0219,2788
-0.1,9354
0.222,1051
-0.0739,7650
0.112,3568
0.171,2504
-0.229,9641
0.144,1398
-0.239,10203
0.13,2358
0.0337,3931
-0.434,9857
-0.117,9437
-0.0875,8726
0.0176,4598
-0.148,7623
0.0297,4588
0.23,901
0.174,986
-0.331,6696
0.228,977
0.125,2039
0.0903,2735
-0.112,8371
0.117,1311
0.0838,2772
-0.145,8923
0.159,1478
0.0887,2908
0.126,2375
0.368,256
0.115,1533
-0.0255,6279
-0.283,8610
0.0361,4165
0.209,1703
0.054,2921
0.0472,2128
0.112,2144
-0.157,7514
-0.0908,6568
-0.0957,8687
0.0234,4348
-0.111,7115
0.0612,3252
-0.0232,5541
0.102,934
-0.0992,9181
-0.0979,9586
-0.00217,5362
-0.0271,5879
0.0662,3680
0.244,1769
-0.0286,5600
-0.204,8034
0.0678,4077
-0.0926,6697
0.0766,3677
0.153,467
-0.00285,5012
-0.095,6641
-0.19,9075
-0.0711,6020
-0.253,9939
0.105,2283
-0.262,9952
-0.0412,7601
-0.0568,7566
0.236,200
0.0432,3453
-0.0655,7940
-0.0313,6547
-0.397,9592
-0.348,7959
-0.128,7661
-0.12,7628
-0.00392,5345
0.112,1747
0.304,1327
0.103,3436
-0.254,9145
0.194,1270
0.13,160
0.0404,4095
0.512,210
0.102,1324
0.82,1080
0.0553,3384
-0.0833,7812
-0.356,10459
0.3,458
-0.0615,8097
-0.142,7365
0.157,3083
-0.0615,8439
-0.00309,4978
-0.226,9467
-0.0402,5733
0.152,926
-0.443,9136
-0.021,6004
-0.142,9559
-0.0218,5512
-0.125,8482
-0.177,9349
-0.301,8656
-0.152,9867
-0.131,9104
0.0238,4407
-0.0504,6957
-0.193,9190
0.0382,3823
0.0115,4500
-0.141,9540
-0.0375,6359
-0.274,10044
0.178,2133
0.52,615
0.131,2196
0.317,673
0.118,2365
0.076,4225
0.0525,3735
0.278,702
-0.0266,6298
-0.534,8756
-0.154,7210
-0.0253,6674
0.169,1644
-0.056,7491
-0.0315,6633
-0.324,10373
0.0644,3629
-0.0874,6950
0.0659,3717
0.0688,2059
0.053,3087
0.0685,2794
-0.108,4847
0.0288,4002
0.368,1327
0.0918,2285
0.0462,2968
-0.0267,5522
0.0858,3219
-0.105,7666
0.0534,3938
-0.0641,6337
0.183,186
-0.0805,6821
-0.158,8648
0.164,2124
0.237,1639
-0.0282,5723
-0.03,7262
-0.211,9285
-0.258,10280
-0.0815,6528
0.0287,4293
-0.0475,6907
-0.0231,5552
0.067,3470
-0.217,9085
-0.127,7046
0.0875,2019
0.0493,3034
0.0773,2346
0.132,1436
0.0468,2643
-0.135,8149
0.0156,4348
-0.00231,5231
-0.148,9335
0.116,2408
-0.00891,5179
-0.113,6419
-0.0239,5651
-0.0819,7976
-0.227,10072
-0.163,9677
0.252,415
-0.0574,5615
-0.221,10007
0.0403,3149
0.0683,2876
-0.0114,5721
-0.158,9465
-0.0945,8705
-0.277,9085
-0.0263,6583
-0.000686,5172
0.00566,4932
0.17,2023
0.239,1808
0.0196,4601
0.138,615
-0.0602,6481
-0.0638,8036
0.139,2699
-0.159,7806
0.173,1441
-0.22,9507
-0.0195,6134
-0.112,8454
0.173,1546
-0.221,6953
-0.0523,7384
-0.156,10307
0.191,426
0.0455,3592
-0.0364,5537
-0.0483,5972
-0.433,9795
-0.0426,7630
-0.0622,6685
-0.0241,5408
-0.285,9439
0.132,913
-0.176,9990
0.0649,2910
0.0587,2854
0.252,268
0.0612,2885
0.19,2127
-0.102,8033
0.107,3112
0.134,2788
0.241,2693
0.138,2727
-0.062,7520
-0.0911,7430
-0.228,9613
-0.0381,5616
0.0204,3565
-0.119,8201
0.0197,4531
0.0267,3164
-0.214,9345
-0.194,10103
-0.034,5593
0.0867,2786
0.0328,2754
-0.136,9111
-0.188,9545
-0.347,9283
0.131,2943
-0.0296,6011
0.032,4050
0.0308,3894
-0.639,7938
-0.07,6616
0.128,3025
-0.338,10384
0.157,423
0.139,590
1.39,958
-0.344,9871
-0.0111,5383
-0.0628,6779
0.0282,3443
0.0479,3037
-0.214,10106
-0.14,9402
0.123,1711
-0.108,9560
0.0627,3100
0.14,810
-0.184,8714
-0.111,8799
-0.273,9630
-0.111,6924
-0.0185,5653
0.0348,2939
-0.166,9413
-0.0375,7488
-0.093,6396
0.0797,3462
0.0744,1664
-0.0253,6526
0.182,808
-0.331,10091
0.454,641
0.0992,2492
0.122,2049
0.0572,2544
0.114,2177
-0.259,10247
0.0361,3995
-0.123,8867
0.0143,4482
-0.174,9741
0.0151,4398
-0.133,8883
-0.0446,6870
-0.0257,5550
0.0858,867
0.0547,3340
0.338,95
-0.0711,7600
-0.072,7158
0.165,2517
-0.123,9362
-0.00857,5216
0.172,1827
-0.0292,6215
-0.246,10249
0.0145,4538
-0.138,8952
0.115,1329
0.177,2812
0.139,1595
-0.227,9929
-0.363,10029
-0.0588,6536
0.0257,4159
-0.0704,7313
0.215,804
-0.0554,5628
0.0847,1842
-0.197,9836
0.0457,3613
-0.0279,5911
-0.251,9635
0.0273,4424
-0.127,8309
0.219,273
0.0509,3383
0.0274,4495
-0.143,7927
-0.0412,6298
0.0776,2951
-0.176,10152
-0.152,8477
-0.18,8534
0.19,2495
0.306,969
0.123,2327
-0.124,7858
0.267,1091
0.144,1002
-0.0713,6784
-0.109,6732
0.0718,1564
-0.0506,6471
-0.0202,5475
-0.242,8758
0.299,789
0.155,1653
-0.133,9658
-0.111,9119
0.303,622
0.142,2156
-0.0255,5638
0.0192,4301
-0.177,9127
-0.132,7980
-0.0856,7015
-0.1,6920
0.0684,3237
-0.103,8052
-0.171,8439
-0.126,7899
0.154,1575
-0.0592,6507
-0.0915,7056
-0.0696,6789
-0.0611,7375
-0.101,7985
-0.0929,8275
0.221,498
-0.00258,5330
-0.00984,5451
-0.113,9492
0.102,1503
-0.0954,8703
0.00916,4752
-0.0333,6992
-0.208,9414
0.0567,2536
0.037,3121
0.0786,3112
-0.253,9056
0.209,2120
-0.155,8352
-0.16,9254
-0.0429,8394
0.234,620
0.294,505
-0.17,9735
0.0273,4584
-0.325,9869
0.0241,4197
0.137,1588
-0.0769,7462
-0.073,6317
-0.0628,7139
-0.0865,8822
-0.12,8313
0.0119,4715
-0.115,7682
0.000167,5215
-0.18,8125
0.0881,990
0.0916,1030
-0.24,8777
0.273,1170
0.217,1687
0.39,1143
-0.0935,8327
0.0941,2423
-0.0747,6347
-0.111,8418
-0.132,8034
0.161,1952
-0.0191,6109
0.0382,3457
-0.0264,5900
0.0653,2860
0.22,1765
0.279,2846
0.197,1235
0.0962,1695
0.141,1431
0.0159,4663
-0.243,9559
0.117,1026
0.211,594
-0.00647,5266
0.00944,4686
-0.142,9295
0.0742,2820
-0.324,7617
-0.00474,5362
0.0345,4095
-0.095,4802
-0.266,7641
0.0203,4425
0.199,1978
-0.211,9514
0.0663,2794
0.0131,4815
-0.0223,5407
0.0902,2190
0.137,1568
0.193,631
0.0256,3501
-0.00451,5205
-0.167,7855
-0.071,6156
0.23,695
0.00909,4588
0.249,144
-0.221,8027
-0.155,8025
0.145,1960
0.159,1195
-0.146,9555
0.0422,3841
-0.0882,7244
-0.0507,6408
-0.115,6009
0.026,4294
-0.307,9305
0.00868,4719
0.00912,4590
0.00776,4804
0.129,1326
0.233,435
-0.143,10080
0.337,668
0.00356,4944
0.0312,4347
-0.0199,5383
0.0258,4283
-0.206,9973
-0.193,10153
-0.0761,6562
-0.213,9681
-0.0491,7215
-0.00673,5476
-0.151,9923
-0.0507,6603
-0.0291,6476
-0.23,10327
0.000521,5049
-0.0121,5525
0.0409,3329
0.0227,4038
-0.067,8514
-0.173,8018
0.12,340
0.402,131
0.0166,4592
0.0362,4035
-0.0112,5225
-0.0925,7037
-0.265,10452
-0.019,5765
-0.079,8581
-0.0843,9125
-0.21,9558
-0.102,8083
-0.209,8553
-0.0306,5050
0.000329,5074
0.00983,4555
0.03,4077
0.0327,3990
0.0411,3323
-0.328,9273
-0.126,9361
-0.13,8417
0.509,1297
0.0882,4024
-0.325,10371
-0.231,8153
-0.233,9176
0.0174,4447
-0.0846,4934
-0.385,6161
-0.0715,5887
-0.114,5459
0.605,33
-0.204,9342
-0.094,6863
-0.0559,5844
-0.0658,7992
0.0704,2895
0.387,184
-0.0909,7554
-0.342,8966
-0.106,7488
-0.0264,6434
-0.0393,6238
-0.114,8667
0.0656,2946
0.00324,4832
0.185,924
0.0164,4075
-0.0331,6332
-0.0879,7056
-0.0967,6438
-0.0749,8298
-0.142,10376
0.0908,3014
-0.0296,5548
0.0337,4365
0.108,3242
0.276,1646
-0.0278,7958
-0.0371,7744
-0.199,9449
0.0896,3097
0.0969,2258
-0.233,9435
0.148,1755
0.113,1195
-0.153,9438
-0.25,10130
-0.0755,8143
0.218,923
-0.0449,6828
0.0572,2780
-0.207,10379
-0.0079,5417
0.118,2851
0.158,1882
0.0372,4216
-0.024,5834
0.0563,2431
0.0955,2561
0.11,3290
0.0408,3707
0.183,798
-0.105,8619
0.147,786
-0.0253,6328
0.0147,4545
-0.0691,7822
-0.233,9410
0.00581,5068
0.112,554
-0.0394,6718
-0.163,9902
0.149,2627
-0.0993,5937
-0.0245,6257
-0.0564,6732
0.00885,4801
0.101,2196
-0.0656,7110
0.147,371
-0.0879,6632
0.111,1991
0.00895,4745
-0.153,9103
0.101,3660
-0.248,10005
-0.0809,8675
0.0195,3876
-0.16,8246
0.13,2188
0.044,3932
-0.0621,8269
-0.0342,6413
-0.122,9699
0.0535,3061
0.021,4368
-0.0522,6311
0.216,1973
-0.168,8868
0.0273,3671
0.0549,3664
0.264,143
0.456,902
-0.0452,5710
-0.0272,6053
-0.0417,7215
0.0064,4869
0.0785,2230
-0.147,8939
-0.185,9292
-0.212,8510
-0.0808,8699
-0.125,8772
-0.133,8081
-0.0529,6547
0.00844,4886
0.116,2116
-0.0854,7635
-0.304,10364
-0.169,9229
0.131,2887
0.0338,4078
-0.00222,5369
-0.306,8759
0.0423,4065
-0.173,9733
-0.0432,5791
0.115,3486
-0.028,6619
0.0705,2036
0.201,1558
0.0339,4568
-0.349,10241
-0.0802,5808
0.238,242
-0.105,8899
-0.2,9624
-0.0908,8454
-0.114,6925
0.192,686
-0.231,9590
0.101,2386
0.121,2450
-0.0549,6274
0.163,1661
0.0461,3094
0.0788,3054
-0.207,9226
-0.182,9610
0.317,1302
-0.0297,5803
-0.208,9697
-0.109,6316
-0.0644,8657
-0.0999,9098
-0.0425,7152
0.0405,4475
-0.157,7728
-0.0457,6805
0.105,1032
-0.245,8034
-0.0892,8740
-0.0191,5550
-0.0205,5578
0.0902,3391
-0.0667,10102
-0.0993,8269
-0.0909,6934
0.544,343
0.0259,4256
0.0713,2752
-0.0383,8319
0.2,391
-0.171,9150
0.376,50
-0.0244,5757
0.00653,4750
0.283,170
-0.0999,6695
0.117,1813
0.0327,4296
-0.148,8806
-0.0295,5556
-0.0847,9030
-0.0387,6201
0.0665,3675
-0.117,8993
0.269,627
0.00476,4896
0.0471,3419
-0.0177,5633
0.0118,4479
-0.0712,5764
-0.187,9790
0.0265,3517
-0.0396,7812
-0.187,8792
0.0427,4005
0.0738,2471
-0.0677,7397
0.0344,3585
-0.000246,5312
-0.105,7606
-0.101,7682
0.133,2060
0.178,1624
-0.177,7555
-0.0591,7740
-0.0905,7468
-0.268,9281
0.0122,4825
0.0487,3787
0.147,1440
0.0181,3947
-0.0123,5551
-0.00424,5187
-0.0837,6620
-0.063,6689
-0.0118,5575
-0.0113,5623
-0.816,10139
0.132,2157
0.00785,4851
0.0153,4549
-0.104,9112
0.0678,2487
-0.0252,5477
0.0398,4223
-0.12,8149
0.238,356
0.157,591
-0.077,8566
0.0429,4034
-0.127,7487
-0.0892,7674
-0.518,7113
0.0315,3357
0.0236,4228
1.14,257
-0.11,8458
0.368,328
0.102,3867
-0.0902,7246
0.0488,3474
-0.17,10222
0.0351,3726
0.0861,2995
-0.148,10375
-0.0185,5607
-0.159,8539
-0.124,7508
-0.0256,5859
-0.00171,5045
0.0766,2926
0.136,803
-0.0286,6283
0.103,2790
-0.00209,5405
0.458,371
-0.0661,5860
-0.0945,8169
-0.24,9201
0.0915,2836
0.816,20
-0.00366,4987
0.0216,3895
-0.0651,8810
0.0608,2255
-0.0125,5429
-0.367,10089
0.0927,1845
-0.00194,4908
-0.143,9515
0.168,1391
0.074,2246
0.0605,3848
0.0492,3612
0.0279,4300
-0.146,7645
-0.0551,6366
-0.0761,7712
-0.279,7954
0.359,137
-0.443,7480
-0.0672,7821
0.000713,5199
-0.0287,6069
0.149,1503
0.0126,4865
3.87,260
-0.111,10072
0.964,292
0.12,1704
0.0127,4429
-0.0991,3992
-0.012,5225
0.0621,2656
0.225,539
0.334,118
-0.0314,6222
-0.00245,5174
-0.0978,7555
-0.0124,5427
0.0166,3990
-0.00857,5296
-0.0307,5465
0.15,3667
-0.0592,5832
0.0674,1991
0.0307,3475
-0.393,9749
0.299,1284
0.0638,3154
0.119,2358
0.0964,1762
0.274,56
-0.012,5739
0.0915,2990
0.432,1522
-0.21,8376
0.00767,4626
-0.0151,5861
-0.0204,5216
-0.0113,4930
-0.187,9543
-0.0486,6139
0.0214,4170
-0.0697,7294
0.0624,3482
-0.0167,5628
-0.01,5566
0.0229,4178
0.0175,4627
-0.127,8096
-0.062,6020
0.00328,4940
-0.0564,7233
-0.0162,5467
0.136,1965
-0.109,7154
0.0546,3415
0.132,1049
-0.0319,6653
0.00965,4663
0.231,338
-0.0564,6705
0.244,764
-0.357,9302
0.114,1651
0.092,3104
-0.0357,6341
-0.149,8336
-0.0482,6226
-0.0811,8179
0.0494,3478
-0.302,9601
-0.0637,7011
-0.0554,6904
-0.0777,6621
0.235,46
0.0457,3351
1.57,177
0.203,988
-0.0505,5910
0.185,913
0.0434,2583
-0.117,9324
0.111,2623
-0.0912,7290
-0.033,6506
-0.208,9262
-0.16,9398
0.0147,4434
0.221,1376
-0.0281,5882
-0.0382,6950
0.256,233
0.113,2472
0.0119,4349
-0.12,8753
0.0616,3224
-0.0119,5247
-0.038,6982
0.0428,4100
0.0511,2682
0.26,3005
0.417,884
-0.137,6530
-0.239,9385
0.101,1512
0.0418,3338
-0.0692,8478
-0.0377,6358
0.372,268
0.0685,2664
-0.0358,7547
0.365,332
0.0634,3473
-0.23,8619
-0.362,10013
-0.139,8177
0.284,802
-0.165,9613
0.0275,4227
0.18,561
-0.0466,7030
-0.122,9536
0.254,382
-0.169,9248
-0.136,7885
0.127,2966
0.0804,2279
0.212,636
0.184,597
0.0244,4223
-0.168,8862
-0.00582,4984
-0.249,8304
0.135,679
-0.294,10250
0.125,1794
-0.0485,6283
0.0272,4155
0.0552,1775
-0.269,9223
-0.0367,6420
0.0212,4148
-0.191,9932
-0.111,7687
0.0293,3300
0.144,1243
-0.0669,6746
-0.235,8983
-0.196,9394
0.838,89
-0.0633,7343
0.0173,4662
0.347,88
-0.0071,5346
-0.297,10038
0.414,470
-0.0128,5762
0.113,2504
-0.18,8769
-0.0105,5129
-0.0137,4948
0.101,3091
-0.0101,5439
-0.0285,5699
-0.326,9959
0.0297,4177
-0.191,8359
0.339,590
0.111,2544
0.0668,2342
-0.0787,8764
-0.0106,5301
0.0974,2590
-0.0384,5456
0.0576,2614
0.00403,4958
-0.0342,6074
-0.218,9318
-0.531,9951
-0.0395,5751
-0.0297,6344
0.0101,4723
-0.127,7354
0.23,522
0.13,2372
0.0449,2618
-0.109,9163
0.176,1416
0.0488,4388
-0.11,9064
-0.143,8935
0.0581,2896
-0.0246,5901
-0.152,9358
-0.124,9880
-0.224,9194
-0.251,8296
-0.0393,5682
0.0309,3722
0.182,513
-0.0851,7727
-0.00425,4962
0.392,272
-0.666,10375
-0.0683,8129
-0.044,7969
0.402,783
0.235,1533
-0.0749,7240
-0.114,8775
-0.0977,7230
-0.0494,7050
0.0639,3246
0.00637,4965
-0.00749,5273
-0.134,8594
0.017,4728
0.0216,4423
-0.169,10178
0.04,3379
0.102,2439
0.0487,4238
-0.00847,5612
-0.14,9552
0.131,1692
-0.00645,5127
-0.0548,7162
-0.189,7606
0.0403,3725
0.229,295
-0.183,9463
0.0357,3749
0.197,1830
0.0474,3438
-0.134,9032
-0.052,7111
-0.269,5328
-0.336,10114
0.155,1853
-0.0278,5538
-0.138,7376
0.0553,3310
-0.228,9175
0.0977,3345
-0.238,10346
0.0397,2985
0.00284,5006
-0.0485,6547
0.0261,3515
0.0012,4917
-0.131,6763
0.0244,4228
-0.0948,8548
-0.0377,5903
-0.202,7442
0.0911,3242
-0.0169,5152
-0.0207,5985
-0.0319,6920
-0.192,9497
-0.0282,5697
0.13,2821
-0.141,8017
-0.0117,5367
0.0677,1282
-0.405,10376
-0.151,8898
0.0228,4273
0.177,2518
-0.0643,6746
0.0191,3992
-0.174,9420
0.182,1840
-0.212,9301
-0.461,6440
0.18,629
0.00386,5162
0.0357,4041
-0.135,8647
0.0612,3849
-0.0302,6524
0.103,2121
0.0559,2706
-0.145,9477
-0.112,7749
-0.0339,5708
-0.106,7612
0.0599,3540
0.124,336
0.108,1782
0.186,1944
-0.0922,7475
-0.122,7879
-0.0206,6150
-0.0572,7154
-0.132,9336
-0.119,8507
0.106,2228
0.0396,3350
-0.0128,5600
-0.0861,8137
-0.0345,6680
-0.0233,5694
0.0395,3776
0.0609,4130
0.0625,3533
-0.0398,7545
0.232,476
0.0174,4610
0.0851,3272
-0.235,9632
-0.226,9920
0.0195,4321
-0.204,10039
0.0195,4552
0.23,242
-0.0225,5317
-0.0714,6323
0.0182,4154
-0.0211,5604
0.34,1080
-0.165,10168
0.368,318
0.0485,3950
-0.292,9696
-0.266,9961
0.225,562
-0.108,9663
-0.128,8567
0.404,191
0.141,1932
-0.0865,6673
-0.0171,4853
0.222,1720
-0.0434,7545
-0.0446,7105
-0.0934,8594
0.268,1668
-0.241,8193
0.151,754
-0.0844,9097
0.12,1978
-0.0165,5707
-0.0272,4641
0.462,445
0.172,1919
-0.0451,6934
0.111,1632
-0.0649,7110
-0.189,9891
-0.19,8573
-0.0796,6586
0.0495,3962
-0.069,8694
0.0667,2627
0.112,3102
-0.208,9447
-0.134,9131
-0.0619,7405
-0.185,9536
0.0797,2552
0.239,42
0.168,1232
-0.0215,6226
-0.031,6013
-0.122,8916
-0.213,9618
-0.203,7630
0.214,721
0.0206,4594
0.0558,3317
-0.0127,5087
-0.367,10452
0.0169,4418
-0.151,6921
0.0232,4275
-0.00804,5421
0.425,123
0.0317,3921
0.152,1330
0.354,483
-0.0761,9692
0.0669,3015
0.255,2352
-0.186,7296
0.122,508
0.215,411
-0.132,8911
-0.009,5826
-0.0254,6085
-0.094,8674
0.0788,2486
0.296,1158
-0.0286,6367
0.0148,4314
0.0261,4433
0.262,761
0.248,1295
0.396,193
-0.00561,5297
-0.000354,5065
-0.237,8940
0.0046,4919
0.182,2439
-0.178,8321
-0.0291,5371
-0.0615,6563
0.106,2116
0.0853,3317
-0.245,7087
-0.526,9657
-0.0237,6072
0.176,2099
-0.639,7934
-0.613,9526
-0.229,8085
-0.0528,6280
-0.0363,6197
-0.152,10306
-0.0286,6148
0.0273,4383
0.0126,4742
0.00468,4791
-0.0826,8755
-0.117,8851
0.0857,2040
-0.0227,6051
-0.127,9202
-0.25,8944
-0.0227,6508
-0.0425,8018
0.132,1137
-0.149,7299
0.255,360
0.0589,3744
-0.0853,8165
0.0642,1814
-0.00722,4975
0.0426,3097
-0.0395,7274
0.11,3021
-0.0386,6816
-0.0396,6911
0.0777,2148
-0.0319,6110
-0.174,8186
0.0926,2892
-0.0487,6965
-0.0149,5737
-0.31,10214
0.0834,2539
0.213,2258
0.16,2207
-0.0293,6267
-0.0873,7257
-0.0822,8695
0.00787,4786
0.0631,3315
0.0291,3650
-0.116,7687
-0.297,10292
-0.178,8835
-0.14,9083
0.11,2742
-0.042,5936
-0.0699,7939
-0.0291,6209
0.174,1315
0.292,777
-0.151,8093
0.271,1147
-0.0487,7721
-0.0289,6884
-0.184,7808
-0.316,8672
-0.324,9874
0.103,2754
0.267,555
0.133,2644
-0.137,8830
-0.027,5471
-0.163,9759
-0.179,8289
-0.0765,6416
0.192,663
0.0438,3722
-0.177,9756
-0.101,7480
0.22,2644
-0.0668,7679
-0.0849,7551
0.0195,3989
-0.228,9487
-0.123,6173
-0.0456,6694
-0.0752,6738
-0.21,10361
0.595,701
-0.259,9818
0.184,752
0.0103,4454
0.00799,4632
-0.144,9733
-0.0312,6268
-0.0404,6897
0.286,1462
0.00676,4831
-0.204,10185
-0.16,9787
0.102,3032
0.213,896
0.0244,4339
0.331,328
-0.112,8609
-0.0427,5772
0.0319,3949
0.0665,2349
-0.0833,8297
-0.0999,9434
-0.00567,5512
0.0135,4215
0.283,69
0.0383,4374
0.0427,4003
-0.0913,7646
-0.019,6681
0.11,1690
-0.0488,8007
0.315,609
0.725,223
-0.0786,6923
-0.0352,5496
-0.0351,6512
-0.00226,4985
-0.0258,6062
-0.0727,8587
-0.213,8777
-0.156,9629
-0.0503,6696
0.105,2220
-0.0201,5685
0.195,1659
-0.0613,7541
0.101,992
-0.0731,8392
-0.0467,7704
0.134,1345
-0.378,9274
0.157,2203
0.143,553
-0.0626,7522
0.157,1779
-0.257,9464
-0.153,9148
0.143,1522
0.0794,2548
-0.112,7896
-0.164,9603
-0.118,7877
-0.115,9516
-0.0431,6891
0.13,1381
0.0167,4480
0.0112,4702
-0.0449,6552
0.143,952
0.189,971
0.0045,5110
-0.0777,7091
-0.325,8229
0.421,1042
0.0587,3504
0.157,2580
0.306,565
0.269,76
-0.349,9077
0.323,655
-0.122,7791
-0.014,5198
0.0938,1964
-0.106,9251
-0.0634,6706
-0.2,9280
0.0594,3601
0.422,309
-0.0805,8498
-0.0875,7485
0.00222,4905
0.0662,3076
-0.00594,5499
0.227,1627
-0.115,8819
0.0645,2147
0.0334,4226
-0.0636,6936
-0.153,9350
0.156,1895
-0.12,9050
-0.0219,5554
-0.118,7693
-0.055,6957
-0.0752,5114
0.161,2122
0.222,155
0.0596,3712
0.0654,2636
0.171,2255
-0.217,9709
-0.108,7886
-0.0338,6127
-0.138,9626
0.0168,4676
0.0756,3061
-0.131,8830
0.0582,3263
-0.0393,6239
0.00422,4888
-0.0511,6257
0.07,1913
-0.0783,7361
-0.292,10098
-0.258,9085
0.109,2336
0.00693,4850
0.242,1269
0.111,3095
-0.0315,5823
0.0297,3305
0.0537,2795
0.0405,4154
-0.121,7599
-0.137,9680
0.0689,3372
-0.0363,7882
0.117,107
-0.15,9983
0.218,1519
-0.193,9869
-0.0215,5826
0.0437,3450
0.0774,2159
0.0668,3248
0.0429,3306
-0.112,6681
-0.0685,5346
-0.051,6780
0.199,1890
0.0467,3817
0.174,1965
0.225,602
-0.000661,5190
0.39,142
0.129,1092
0.946,1531
-0.245,9557
-0.189,8288
-0.183,8140
0.0567,1782
0.145,1430
0.0242,4488
-0.0784,7847
0.0972,2104
-0.18,8457
0.0671,1999
0.0309,3769
-0.0702,8522
0.382,819
0.176,1557
0.0358,4275
0.037,3011
0.0325,3915
-0.105,7340
-0.0311,5821
-0.108,6700
0.101,3503
0.0185,4413
-0.0188,5752
-0.0247,5521
-0.196,10263
0.127,1949
-0.0732,6683
-0.0586,7688
0.0315,1906
-0.219,8404
0.163,2607
-0.353,10290
0.209,603
0.0193,3569
-0.114,8216
-0.056,6931
0.118,1053
0.072,3310
0.194,761
-0.0136,5372
-0.103,7753
0.0509,3512
-0.0675,7752
-0.0843,6961
0.236,127
0.169,1076
-0.063,8829
-0.089,6125
0.0451,3372
1.16,490
-0.0131,5894
-0.147,8005
-0.023,6176
0.0278,3756
-0.126,9481
-0.202,7407
-0.207,8720
0.0792,2011
-0.0208,5963
-0.121,9096
0.286,1381
-0.222,8596
0.524,348
-0.267,10219
-0.056,7434
-0.168,10145
-0.0175,5409
-0.00262,5281
-0.204,8592
0.0613,2588
0.0637,2122
0.114,2727
0.108,2142
-0.154,8410
0.055,3274
0.0533,2612
-0.124,7692
0.244,703
-0.044,6338
-0.208,8937
-0.0763,6510
-0.0866,7694
-0.0181,6239
-0.0501,5569
-0.0438,5960
-0.362,10391
-0.0368,5929
0.097,2633
-0.116,9406
-0.349,10398
-0.145,8092
-0.122,7211
-0.207,9426
-0.144,9473
-0.246,9546
0.26,1522
0.0344,4036
-0.283,7996
-0.0442,6055
-0.0663,7773
-0.173,9616
-0.0373,5808
-0.273,10249
-0.134,10040
-0.175,9305
0.189,998
-0.0495,6050
0.0569,3165
-0.0508,6290
0.152,549
-0.0868,7580
-0.131,9627
0.0184,4033
0.0463,4197
0.215,1314
1.13,221
-0.145,6478
0.168,1231
0.154,1780
-0.18,8630
0.19,968
-0.0804,7737
-0.126,8047
-0.081,8699
0.102,1858
0.27,386
0.35,659
0.069,1369
0.86,16
0.0795,3457
0.0137,4678
0.0338,4259
0.362,70
0.00401,4998
1.46,63
-0.0979,8342
0.0678,2011
-0.106,7713
-0.0301,6451
-0.03,6326
0.0822,3109
0.011,4469
0.0901,1349
-0.121,8729
-0.0234,6170
0.324,1728
-0.151,5145
-0.00983,5682
0.0173,4340
-0.0676,6204
0.105,3466
0.263,2865
0.78,67
0.0995,3577
0.0856,3930
-0.184,9997
0.384,113
0.246,963
-0.316,9912
0.0309,3916
-0.053,6981
0.0791,3031
-0.0119,5671
-0.033,5484
-0.106,7631
-0.0696,8335
-0.205,9529
0.142,1768
0.0884,1682
-0.018,6041
-0.381,10450
-0.00441,5288
-0.0806,8744
0.122,2292
-0.146,8287
-0.0223,5973
-0.0196,5081
0.00676,4757
0.0598,2915
0.115,3354
0.0632,3871
0.168,1974
0.124,664
-0.0953,6142
0.211,788
-0.0919,8737
-0.207,10144
-0.356,9845
0.112,2393
-0.103,8800
-0.0624,6626
-0.00784,5429
0.146,1131
-0.0743,7414
-0.0712,8411
0.0621,2616
-0.0696,6675
-0.194,7381
0.198,2567
-0.0816,7596
-0.0638,7047
-0.0141,5734
-0.0814,8436
0.00738,4770
0.108,1828
-0.173,8356
0.297,722
0.0339,3829
-0.134,8499
0.151,2727
-0.199,9161
-0.239,8959
-0.592,10342
0.0634,3023
0.253,354
-0.0661,8588
-0.0653,6086
-0.0295,5756
-0.0314,5505
-0.0231,6391
-0.0247,5704
-0.171,9502
0.224,1415
0.0962,3033
0.123,2936
0.204,800
0.00734,4906
-0.0893,7379
0.138,1791
0.0326,4138
0.0543,3639
-0.00624,5472
0.354,339
0.0152,4573
-0.144,9458
-0.0168,5602
-0.0635,6736
-0.122,7172
0.0494,2364
-0.0986,7145
0.119,2106
-0.199,8081
-0.113,8998
0.0104,4527
-0.144,9166
-0.224,9439
0.341,538
-0.307,9766
-0.202,7229
-0.142,9076
0.0746,1828
-0.131,8950
0.106,2546
-0.128,9133
-0.41,9836
-0.0525,6331
0.11,1606
-0.241,8931
0.287,359
-0.269,9525
-0.0649,7286
0.157,627
0.0832,2066
-0.125,9163
-0.152,8201
0.146,2363
-0.0406,5960
-0.18,9877
0.0332,4159
-0.0592,6550
0.0283,4275
-0.0781,8327
-0.0788,7079
-0.116,10097
0.0148,4323
0.0165,4305
0.121,2276
0.0557,3295
0.343,1394
-0.0573,7125
-0.0616,7875
-0.0148,5686
-0.174,8664
0.0377,3933
0.205,1711
0.113,1927
-0.0368,7103
-0.101,8478
-0.292,10157
-0.418,10397
0.136,2474
0.0629,1256
-0.415,7155
-0.0511,6131
-0.201,9060
0.118,2414
-0.0607,7145
-0.0229,6198
0.0278,4243
0.432,106
0.258,1291
-0.164,7990
-0.229,8958
0.112,1128
0.0471,3493
-0.383,8553
-0.196,9044
-0.327,9472
0.306,299
0.0206,4142
0.00786,4666
0.199,1948
0.0267,4192
-0.171,8084
-0.0292,5786
-0.0113,5341
0.0356,3065
0.0939,2720
0.0735,3746
-0.00207,5303
0.073,3786
-0.0393,6968
-0.0351,6824
-0.207,9187
-0.0109,5055
0.137,1660
0.111,2654
0.00444,4978
-0.0315,5959
-0.0888,6272
0.106,1611
0.327,456
0.043,3843
-0.0586,7153
-0.0957,8261
-0.155,8621
-0.082,8289
0.203,2317
-0.084,7630
0.574,2
-0.00769,5503
0.328,1085
0.154,2500
0.0847,2496
-0.264,9150
-0.096,8371
0.0815,1360
-0.143,8954
-0.0199,6127
-0.0724,5841
-0.057,6540
0.121,3642
0.156,1279
0.0932,3262
0.348,293
-0.239,8590
0.0876,2900
-0.0495,7401
0.115,1896
-0.215,7980
0.031,4297
0.0287,4109
0.318,537
0.242,195
-0.0401,7461
-0.273,9552
0.172,1903
0.00136,4874
-0.071,6931
-0.197,10111
0.183,837
0.0968,2650
0.113,2748
-0.132,8268
-0.198,9489
-0.0111,5680
0.00704,4607
0.223,1359
-0.174,9065
-0.161,7664
0.153,1098
-0.00338,5234
-0.0253,5820
0.0647,2510
-0.0432,7225
0.00435,5027
-0.112,7587
-0.0176,5837
0.0138,4625
0.243,239
-0.0299,6066
-0.379,9118
-0.136,7503
-0.0387,7216
-0.0481,6649
0.152,1488
0.0334,4200
0.178,2079
0.187,1297
-0.0645,7580
-0.0236,6071
-0.0749,7125
0.226,1601
0.0855,2691
0.188,2580
-0.0514,8233
0.0758,2574
0.363,64
0.192,962
0.0606,3887
-0.182,8396
-0.128,8195
-0.0923,6564
0.134,1954
0.134,1449
0.0429,3948
-0.00813,5434
-0.124,7159
-0.108,9397
-0.0491,5835
0.194,1559
-0.16,7795
0.0567,3287
0.0379,2937
0.00107,5127
0.237,593
-0.0737,5656
3.05,82
0.0968,2403
-0.167,9400
0.222,202
-0.00669,5111
0.00917,4917
0.32,48
0.0456,3814
0.0179,4017
-0.0316,6880
-0.143,10007
0.0346,3827
0.0641,3662
-0.0503,5603
0.046,3243
0.0905,2160
0.194,1560
-0.102,7931
-0.227,9716
-0.124,8355
0.033,4211
-0.126,9652
-0.0441,7425
0.134,1817
0.109,3014
-0.218,8613
0.096,1738
0.106,1411
-0.161,8082
-0.211,9571
0.231,364
-0.064,8233
-0.0714,8330
-0.194,10292
0.232,613
-0.216,9166
0.342,2122
0.0179,4558
-0.11,8389
-0.0025,5498
-0.103,6605
0.0428,3935
0.13,1968
0.334,1185
0.0838,2605
-0.000757,4965
-0.105,8369
-0.0349,6335
0.00521,5052
0.592,286
0.0105,4254
-0.0641,6257
-0.215,9171
-0.11,7368
0.0173,4621
0.0015,5108
-0.00048,5064
0.187,328
-0.134,9620
0.18,1573
0.242,1953
0.099,3020
0.0298,3847
0.27,867
-0.138,8313
-0.0328,6050
-0.095,6908
-0.0168,6195
0.0631,3120
-0.188,9003
0.231,332
-0.0062,4960
-0.00193,5062
0.0407,4406
-0.0316,6754
0.3,150
0.181,1792
0.0464,3901
-0.031,6078
-0.194,8258
-0.133,8731
0.211,1556
-0.048,6890
-0.107,8998
0.165,2043
0.0942,1584
-0.0476,7188
-0.276,10412
-0.24,8331
0.12,2108
-0.0254,5219
0.133,1125
0.144,786
0.0967,876
0.0516,3068
-0.104,7817
0.0883,2885
-0.0499,7595
0.111,622
0.134,605
1.01,327
0.2,1069
-0.032,6617
0.119,1795
0.252,563
-0.109,9142
0.206,871
0.159,1907
-0.15,8815
-0.0436,5849
-0.0121,5627
-0.0717,7179
-0.0714,7415
0.0783,3210
0.00651,4587
0.0758,3773
0.0657,2081
0.0647,2878
-0.174,8928
0.0183,4238
-0.0612,8092
0.00503,4858
-0.198,9069
0.0998,2673
-0.00835,5398
-0.146,10062
-0.0965,8053
0.134,2753
-0.188,9628
0.161,469
0.324,938
-0.106,7569
-0.0335,6103
-0.0171,5883
-0.105,9361
0.106,2363
-0.052,6651
0.265,1275
0.0108,4620
-0.0544,6831
-0.134,8331
-0.15,8265
-0.128,7953
-0.0991,7779
0.287,791
-0.0578,5969
-0.0675,8019
-0.117,9066
-0.0594,7569
-0.212,10014
0.609,15
0.0502,1969
-0.043,7185
-0.0366,6416
0.166,2127
-0.0118,5369
0.153,1494
-0.179,8384
0.0185,3704
0.0602,2891
0.29,58
-0.0171,5375
-0.192,6952
-0.115,7105
0.0898,1962
-0.104,7483
-0.152,9617
-0.127,8525
-0.0847,7550
0.118,1815
-0.141,9876
0.069,2780
0.0362,4099
-0.119,8049
-0.223,9870
0.292,535
0.0387,3999
0.172,1657
-0.0277,5197
0.0612,3864
0.0191,4447
0.269,385
0.0623,2607
0.243,780
-0.122,7992
-0.0891,7070
0.0291,3601
0.143,2289
0.45,40
-0.0775,8805
-0.0195,6294
-0.0813,7309
0.185,1821
-0.0444,7157
0.049,3016
0.0439,2534
-0.115,8808
0.0586,2588
-0.046,5894
-0.0103,5615
0.136,2532
0.307,1009
-0.19,9052
0.499,272
-0.0358,6135
-0.158,7716
-0.0164,5189
-0.0168,6231
-0.194,8743
-0.0412,6085
-0.231,8852
0.0778,1698
0.19,965
-0.109,8934
0.0496,4087
-0.279,9928
-0.111,9022
0.347,968
-0.029,6115
0.0842,2557
-0.172,10238
-0.161,7704
-0.132,8429
-0.12,9345
0.0873,776
0.00869,4548
0.0197,4393
-0.103,7195
0.0254,4627
-0.0971,7241
-0.143,9117
-0.0611,7927
-0.17,7550
-0.000574,5146
-0.0755,7319
0.0343,4347
0.0722,2763
0.0958,1588
0.105,2747
-0.112,6978
0.0122,4478
0.089,3484
0.0346,3624
-0.0405,6630
-0.0389,6528
-0.0301,6018
-0.129,6800
-0.194,10159
0.1,1794
-0.0669,8049
0.00926,4813
-0.231,8684
-0.0523,6010
0.0241,4541
-0.0715,6459
0.0774,2467
-0.185,8817
0.262,206
-0.191,9107
-0.00548,5323
0.00924,4906
0.0125,4773
0.00165,4761
0.19,2524
0.0443,4161
0.0428,3406
0.234,272
-0.121,8246
-0.232,9133
0.0621,3166
0.5,297
0.13,1453
0.0348,3204
0.283,369
-0.0167,5877
-0.183,10296
0.114,1398
0.338,278
-0.042,6754
-0.0633,7341
0.148,2061
-0.013,6001
0.0438,4175
-0.108,8904
0.0175,4013
-0.0202,5812
-0.0732,7627
0.0595,3663
0.153,1838
0.246,1379
-0.0428,8154
0.154,926
-0.21,8926
0.00837,4550
0.0583,2481
-0.0585,7549
-0.223,9931
0.0311,3959
-0.156,9415
0.0363,4081
-0.00763,5398
0.0455,3888
-0.0432,7063
-0.0678,7925
0.112,1656
0.107,2247
0.0704,2948
0.424,151
0.0567,3056
-0.0618,7497
0.0114,4672
0.249,1362
-0.273,9480
-0.0586,6155
-0.0225,5429
-0.222,10334
0.0263,4503
-0.361,9903
-0.0676,7204
-0.134,8431
0.0298,4223
-0.16,8945
0.0341,4059
-0.353,7484
0.224,710
0.0397,3898
-0.0904,7499
-0.00722,5404
0.219,807
-0.12,8576
-0.265,9163
-0.151,8120
-0.0957,9175
0.005,4732
-0.0196,5607
0.477,44
-0.0741,8105
0.44,59
0.146,1140
-0.0952,8755
0.0369,3555
-0.0432,6530
-0.0124,5612
0.069,3819
-0.131,8772
-0.0594,8980
0.0259,4420
0.152,908
-0.109,6652
0.32,165
0.0819,1032
0.0737,1610
0.124,1870
0.181,973
-0.147,8550
-0.111,8784
0.0467,3761
-0.0792,8820
-0.245,10449
0.12,2083
-0.146,6347
0.167,2084
0.0561,3001
0.085,1443
0.0724,2304
-0.0811,7566
-0.0518,7304
-0.0708,7820
-0.0298,7259
0.0245,3831
-0.139,8716
0.00373,4816
0.0449,2834
-0.0902,5524
-0.244,9536
0.111,2137
0.409,874
-0.139,9288
0.0488,3298
-0.299,8961
0.222,668
0.0323,3755
-0.102,8444
-0.154,8155
-0.147,9001
0.0853,2625
0.0874,2357
0.0851,2515
0.0336,4149
-0.111,7285
0.299,724
-0.167,8436
-0.0687,7299
0.219,575
0.066,3656
-0.0338,6564
-0.142,8936
0.407,97
0.221,494
-0.263,10122
0.0332,4025
0.0241,4331
0.00871,4467
-0.109,7243
0.162,1679
-0.085,7162
0.173,1808
-0.377,9898
0.0671,2575
-0.197,9193
0.263,206
0.381,24
0.158,1314
-0.022,5643
-0.141,7794
-0.243,8368
0.0397,3699
0.373,108
-0.0812,8070
0.0623,2997
0.285,937
-0.165,8135
0.407,84
-0.0929,8619
-0.277,9908
0.236,820
0.102,3911
0.198,1750
0.0715,3147
-0.0507,6964
-0.11,7745
-0.0203,6135
-0.118,8228
-0.00697,5242
0.00818,4590
-0.0342,5887
-0.0114,5544
0.108,2453
0.888,330
0.103,1625
-0.0512,7513
-0.314,10109
-0.0915,7479
0.355,573
-0.111,7758
0.125,1251
0.0854,2772
0.0606,3462
0.0495,3968
-0.104,7328
-0.0897,7040
-0.0521,6749
-0.0425,6504
-0.0199,5304
-0.0715,8067
-0.136,9051
-0.162,8644
-0.0477,7542
0.15,757
-0.0361,6282
-0.111,8554
-0.0836,7762
0.497,169
-0.0172,5885
-0.0833,8286
0.0784,3859
-0.134,8487
0.114,3052
0.133,1674
0.00384,4950
0.375,472
-0.0991,6931
-0.242,10049
-0.138,9069
-0.116,8068
-0.0917,7212
0.284,45
0.0151,4565
-0.00551,5304
0.0132,4527
-0.233,9970
-0.0657,7746
-0.0282,6529
-0.0344,5888
-0.0196,5632
-0.286,10339
-0.112,8324
0.337,97
-0.00897,5236
-0.174,8685
-0.153,10022
-0.108,8241
-0.00038,5173
-0.104,8642
-0.11,7858
0.187,2218
-0.151,8915
0.0671,3719
-0.0368,6708
-0.0395,7274
-0.0723,8042
0.00243,4813
-0.0363,5964
-0.0681,7659
0.00994,4827
0.0216,3546
0.0685,3170
-0.0211,5810
-0.0192,5569
-0.163,8277
0.108,2768
0.179,1627
0.18,886
0.194,1093
-0.259,10214
0.338,593
-0.082,8642
-0.0141,5445
-0.225,10267
0.00302,4966
-0.264,9295
-0.125,8221
-0.00439,5050
0.0133,4645
-0.0676,6916
-0.0893,7276
0.0855,2497
0.419,290
-0.0231,5896
0.0242,4148
-0.189,9946
-0.197,9193
0.0724,3659
-0.133,8377
0.0188,4396
0.0775,2657
0.297,459
0.268,1242
0.0319,4334
-0.115,8280
0.0542,2704
0.0729,2472
-0.106,7756
0.0283,4223
-0.17,9388
-0.218,9518
-0.0757,8122
0.139,2144
0.135,1832
0.046,3014
-0.113,8701
0.0252,4200
-0.0303,6474
0.739,406
0.0368,4020
0.258,2853
-0.495,8180
-0.0681,7730
0.196,1335
-0.159,7676
0.0713,3523
0.0981,2237
0.164,1189
0.0364,3737
0.00823,4568
-0.186,9456
0.0693,3169
0.271,964
-0.0809,7189
-0.188,9630
-0.182,8287
-0.126,7270
-0.167,9035
-0.00758,5181
-0.0734,6610
-0.0233,5211
-0.0329,7119
-0.396,9918
0.0909,3094
-0.215,8939
0.0447,3911
-0.0187,5944
-0.287,9848
0.162,1231
-0.0708,8837
0.102,4005
-0.0175,5874
-0.0351,6848
-0.091,8981
-0.0787,8183
-0.0882,6743
0.0113,4806
0.111,3316
-0.00054,4899
0.0466,3656
-0.154,8228
0.119,1614
0.19,2701
0.00598,4779
-0.108,9027
-0.0293,5822
0.257,1044
0.0887,2819
-0.428,9916
-0.431,10183
-0.00527,5307
0.081,2938
-0.397,10292
0.276,292
-0.0787,8916
0.0723,3354
0.187,757
-0.156,9116
0.0663,3582
-0.057,6599
0.14,2792
-0.193,9208
-0.0618,7803
-0.0166,6002
-0.0246,6314
0.209,1477
0.185,1264
0.12,2191
0.0801,1407
0.0441,3123
-0.213,8872
0.0606,3708
0.0392,4039
-0.0252,6444
-0.131,8185
-0.12,8895
-0.00173,5177
-0.428,10195
0.199,1851
-0.129,8227
0.0286,2535
-0.0036,5365
-0.0145,5734
-0.218,8457
0.0813,2005
-0.148,7413
-0.0445,7451
0.032,3421
-0.111,7674
0.135,1856
0.0438,3982
0.00599,5150
-0.076,8336
0.122,1704
0.0488,2952
-0.0966,9036
-0.0523,6592
-0.0893,7676
-0.13,8205
-0.0383,6782
-0.102,7876
-0.0811,7574
-0.197,8383
-0.184,8158
-0.0476,7351
0.105,1527
0.0351,4001
-0.0789,7077
-0.221,9453
0.123,1295
-0.00467,5173
-0.102,7668
-0.037,7609
-0.0953,9319
0.248,1915
0.0809,2302
0.162,541
0.138,1302
0.149,635
0.185,727
-0.0714,7194
0.468,112
-0.0366,6393
0.102,1570
0.0484,3654
0.138,1503
-4.23e-05,5032
-0.0142,5448
-0.0174,5948
-0.16,10112
-0.0572,6844
0.0282,4341
0.0629,4134
-0.176,9537
0.0449,2726
-0.0421,7791
-0.147,7876
-0.138,8552
0.173,2851
0.101,2404
0.196,307
0.0868,3196
-0.026,6265
0.285,409
0.144,2688
0.0125,4582
0.011,4726
0.0951,1488
0.0157,4731
-0.193,9720
0.0889,3192
-0.066,7894
0.0107,4804
-0.152,10244
-0.106,8742
0.139,1981
-0.00366,5227
-0.0608,7963
0.0203,3752
0.44,432
0.15,1000
0.0103,4571
-0.0931,7003
0.191,1101
-0.0289,6116
-0.0941,8832
0.297,500
0.13,870
-0.315,10099
0.157,1865
0.0683,1673
-0.116,8793
-0.123,6404
0.0294,4283
-0.0154,5588
0.45,1075
-0.172,9476
-0.181,10451
0.0116,4656
-0.149,7833
0.000549,5229
0.244,996
0.0571,3578
-0.199,9795
-0.0131,5625
-0.0252,6229
-0.0426,6612
0.0245,4123
-0.0568,8292
0.0103,4674
-0.21,9721
-0.0367,7116
0.0973,2469
0.126,2134
0.0134,4298
0.0136,4302
-0.0639,6419
0.165,1267
0.119,3055
-0.0823,6020
-0.00127,5289
-0.0021,5500
-0.2,8985
-0.0354,5473
-0.0935,9044
-0.025,5540
-0.0907,8312
-0.0083,5385
-0.00382,5320
-0.0142,5448
-0.138,8332
-0.223,8752
0.0143,4501
0.0185,4160
0.297,286
-0.231,10187
0.0867,2713
0.256,1284
-0.142,9191
0.0462,3638
-0.244,10459
0.0573,3437
0.0145,4650
0.242,555
0.126,937
-0.19,10291
-0.129,7934
0.385,150
0.0179,4419
0.025,4318
-0.146,8763
-0.165,9344
-0.019,5094
-0.0354,6131
0.0302,3707
0.299,638
-0.15,8135
-0.00183,4939
-0.00688,5532
0.0672,3130
-0.194,10236
-0.067,7689
0.36,862
0.18,1355
0.228,741
0.143,1626
0.0276,3765
-0.201,10370
0.0462,3417
-0.28,10282
0.184,1549
0.000291,5127
-0.037,6973
-0.228,9110
0.0965,2839
0.104,2534
-0.0523,7518
-0.0297,6691
-0.131,9183
0.117,2659
-0.164,9697
0.104,2762
-0.0144,5933
-0.000576,5202
-0.0714,7261
0.0122,4743
-0.0151,5849
-0.13,6348
-0.0471,7257
-0.138,9202
0.0192,4271
-0.289,9861
-0.0792,8521
0.0204,4646
-0.151,9190
0.0277,4102
-0.0226,5813
0.334,2027
-0.306,8218
0.233,669
0.139,1385
0.352,1070
0.0256,4443
-0.221,9920
0.0499,2776
-0.0144,5789
-0.123,9609
0.0218,3787
-0.0266,6565
-0.0177,5646
0.065,2388
0.17,1225
0.213,1923
0.149,1397
-0.0506,7220
0.00911,4676
-0.0209,5882
-0.0656,7383
0.144,1845
-0.101,9779
-0.2,10014
-0.0688,7616
-0.0783,8126
0.47,261
0.117,1649
0.0879,1450
0.136,733
0.00466,5014
-0.0358,6286
-0.143,8581
0.0152,4515
-0.101,7897
-0.0449,7597
-0.234,8745
-0.105,6562
-0.0374,6048
0.111,2428
0.114,2483
-0.0591,6386
-0.0192,5916
0.106,1805
0.093,2295
-0.0718,7700
0.0419,3334
0.00946,4783
-0.196,5323
-0.849,9895
-0.0165,4942
0.065,3437
-0.0545,6662
0.0833,2347
-0.129,9099
-0.134,9284
-0.0874,7719
0.0925,2776
-0.112,8368
-0.273,9730
0.101,2353
0.0926,2373
-0.0971,8785
-0.0928,7330
-0.356,9652
0.499,41
-0.089,6719
0.00907,4353
-0.159,9986
-0.056,6965
0.0593,3632
0.127,2878
-0.0619,7751
0.0848,2192
-0.0065,5502
-0.0612,6899
0.133,1369
0.0439,4010
-0.0105,5503
0.0572,3124
-0.0169,5887
0.0827,1789
0.129,1853
0.0527,3521
0.142,1950
0.0205,4289
0.131,2486
0.129,1436
-0.169,9287
-0.431,9131
-0.0828,6844
0.106,1670
-0.249,9985
-0.133,7650
-0.127,8031
0.248,1672
-0.0528,6347
0.0367,3596
-0.0405,6514
0.131,2146
-0.0694,5290
-0.187,8884
0.144,2429
0.11,1678
0.0581,1835
-0.308,10005
0.0586,2821
-0.0588,7588
-0.148,9462
0.151,1331
-0.153,9872
-0.0776,7209
-0.214,8752
-0.107,8554
-0.138,8209
-0.0959,8651
0.102,1919
0.131,2828
-0.0829,6872
0.054,3086
-0.276,9570
0.0384,4214
-0.114,7594
-0.00793,5040
-0.0058,5579
-0.145,10167
0.00172,5003
-0.0758,7878
-0.0501,6540
-0.132,8537
-0.148,9547
0.222,1851
-0.0271,5099
-0.204,10201
0.0102,4744
0.0396,3927
-0.219,8847
-0.00941,5217
-0.0355,6311
-0.00379,5163
-0.193,10293
-0.0719,7583
-0.182,8532
-0.0791,6561
0.117,2461
0.177,397
-0.0138,5418
0.0191,3996
0.00154,4954
0.0629,3032
-0.00292,4965
0.0646,2327
0.154,1177
-0.203,9674
0.159,1109
0.0781,2280
-0.0524,5709
-0.126,8655
0.124,1838
0.0825,2018
0.174,1683
-0.144,9138
-0.0787,7172
0.00713,4812
0.228,476
-0.193,8705
0.0125,4573
0.107,2512
0.0429,3714
-0.123,9856
-0.128,9449
-0.124,9251
-0.897,10037
0.16,2709
-0.297,9818
0.0373,3996
-0.112,8521
-0.0385,6312
-0.0741,6097
0.0976,1949
0.29,1533
-0.021,6857
-0.0532,6779
0.345,1088
-0.0679,7010
0.271,2060
-0.0141,5208
0.0657,1784
-0.00267,5144
0.124,2522
-0.156,7951
0.787,104
-0.0825,8453
0.108,698
0.0636,2928
0.118,2316
-0.0651,6947
-0.0518,5525
-0.118,7638
-0.204,9644
-0.14,9756
-0.0896,7277
-0.387,9917
-0.0725,6973
0.031,4106
-0.17,10020
-0.205,9942
-0.0485,6091
0.123,2515
-0.533,9886
-0.00712,5246
-0.196,8327
0.116,2450
0.0697,2662
0.0998,1975
0.177,3086
-0.175,9505
0.0589,3197
0.014,4102
-0.218,10019
0.014,4515
0.382,1172
-0.302,10203
0.0325,3744
0.0183,3807
-0.198,8183
0.108,2956
-0.00664,4996
-0.138,7592
-0.137,9514
-0.0116,5283
0.0821,1928
0.0165,4484
-0.0634,6847
-0.0432,6252
0.0321,3726
-0.07,6865
0.05,3663
-0.146,9309
0.0816,2602
-0.169,7964
0.0556,3261
0.185,696
0.0809,2240
-0.0748,7303
-0.0885,7785
-0.162,8973
0.142,692
-0.209,8842
-0.321,9010
-0.00819,5136
-0.0185,5501
0.0866,3204
0.0355,3457
0.105,907
0.127,948
0.0273,4009
-0.0261,5689
-0.486,9764
-0.0649,7668
0.0198,4030
0.287,1060
-0.0426,6613
0.0846,2923
0.132,2053
0.108,2110
0.12,711
0.194,761
-0.0987,6771
0.0334,3978
-0.244,9643
0.229,195
0.0154,4521
0.358,173
-0.216,8114
-0.0172,5344
-0.00591,5355
0.142,901
0.237,1242
0.163,738
0.101,2586
-0.095,7816
0.374,610
0.0785,2686
-0.0461,7451
-0.0293,5700
-0.0696,7756
-0.00799,5189
-0.242,7383
0.0195,4233
-0.113,10036
-0.0116,5364
0.0644,2661
0.583,820
0.0255,4163
0.00838,4708
0.186,592
0.0928,2143
-0.447,8735
0.202,942
-0.285,9476
-0.129,8651
-0.209,9204
-0.0576,6239
0.0221,4436
-0.776,9335
0.317,127
0.227,211
-0.173,9089
-0.11,7920
0.0287,3627
0.0183,4516
-0.555,9325
-0.208,9746
0.103,2033
-0.0995,8728
-0.0639,8164
-0.0401,6091
-0.177,9814
-0.16,8606
0.0312,3409
-0.102,8112
-0.182,9754
0.358,943
0.00844,4743
0.1,2116
-0.131,9312
-0.161,9085
-0.166,10144
-0.408,9156
-0.000358,5050
0.104,2066
-0.0638,6301
-0.054,6174
-0.0874,7267
-0.213,7760
-0.148,9480
-0.0317,5477
0.142,1808
-0.136,7104
-0.00122,5147
-0.112,6857
-0.105,10038
0.197,119
-0.0689,7221
0.125,1114
-0.0459,7174
0.0688,3132
-0.0567,6675
-0.00714,5644
0.0698,2266
-0.0101,5236
0.261,19
-0.114,6675
-0.227,9811
-0.0403,5665
-0.063,6993
-0.12,8372
0.0172,4268
0.0113,4550
-0.0765,6151
-0.0961,8484
0.215,1774
0.0973,2774
-0.189,10004
-0.0687,6417
-0.0233,5918
0.0151,4223
0.108,1194
0.058,3972
-0.421,10369
0.326,1101
0.0843,3035
0.0298,3283
-0.0638,8634
-0.162,7922
-0.172,9445
-0.0503,7001
-0.0678,7674
-0.122,9182
-0.0211,6175
-0.18,8991
-0.191,8455
-0.17,6368
0.0275,3873
0.149,1112
-0.0338,7126
0.146,2118
-0.0777,8482
1.06,167
-0.306,9678
-0.104,8081
-0.00958,4751
-0.0432,5996
-0.0751,7124
0.201,1804
-0.292,10185
-0.0429,6631
-0.0192,5891
-0.156,9890
-0.178,9298
-0.0668,6551
0.0116,4710
0.0695,1758
0.131,1768
-0.0642,7085
0.124,3133
0.0273,4553
0.0169,4327
-0.105,9208
0.0075,4719
-0.0514,6757
0.111,2593
-0.118,8320
0.12,2688
-0.0911,8947
-0.103,8373
-0.166,9005
0.0471,2417
-0.174,7648
-0.411,9552
0.00944,4923
-0.0511,6761
-0.29,10308
-0.0562,6537
0.156,1434
-0.0364,5852
0.0174,4426
0.143,2019
-0.159,8827
0.0236,4315
0.119,3338
0.112,1952
-0.0162,5751
-0.235,10421
-0.0577,5863
-0.0372,6772
0.151,2273
-0.122,6927
-0.00375,5349
0.102,1631
0.24,2094
0.00543,4895
0.322,895
0.466,135
0.0734,3852
0.222,478
0.171,653
-0.134,8659
0.203,1945
-0.0457,5742
-0.234,8530
0.0175,4042
-0.162,8613
-0.00724,5157
-0.0847,6598
0.0733,2217
-0.05,7306
-0.0825,7232
-0.0718,6489
-0.185,8401
0.424,1834
-0.155,7421
0.267,145
0.118,1303
-0.173,8680
0.585,106
0.306,1428
-0.0711,6412
-0.183,9620
-0.0082,5091
0.345,55
0.601,263
-0.18,9363
-0.00589,5354
0.169,596
0.138,116
-0.316,6439
0.0702,3779
-0.0115,5704
-0.0195,6081
-0.102,8998
-0.0551,7741
0.124,2305
0.0611,3626
0.00854,4510
-0.106,7214
-0.0869,8514
-0.0313,6400
0.0527,3566
-0.114,7401
-0.306,9380
0.162,2089
0.0336,3765
0.0222,4153
-0.0421,6226
0.0748,2842
0.5,409
-0.195,9605
-0.0581,7071
0.0905,2219
0.582,195
0.474,587
-0.0317,5806
0.135,1414
-0.228,9642
0.152,1771
-0.106,6253
0.0233,4229
-0.042,6903
-0.549,10435
0.156,1483
0.0678,3601
-0.0698,6495
0.124,2852
-0.0139,5916
-0.195,10255
0.146,559
-0.108,9318
-0.214,10139
-0.372,9576
-0.296,10117
-0.157,6641
-0.0742,8168
-0.127,9490
0.234,429
0.537,94
-0.101,9290
0.0154,4724
-0.105,7911
-0.373,9815
0.116,1980
0.0404,4321
-0.00903,5075
0.0184,4462
0.0471,3385
-0.00165,5168
0.0278,3608
0.0974,3103
0.395,1028
-0.0507,6132
-0.0849,7377
0.135,1441
0.0333,4128
-0.0629,7341
-0.00428,5228
-0.337,10024
0.0239,3732
-0.153,10178
0.577,4
0.295,119
-0.242,8321
0.482,100
-0.0257,6354
-0.0827,7478
0.0624,3224
-0.0767,6732
-0.0408,6282
0.0105,4884
0.0357,3903
-0.0282,5418
-0.115,7950
0.0437,4024
0.0424,2992
0.1,1693
-0.0988,7579
-0.09,8085
0.103,2306
-0.119,8567
-0.591,9895
0.0943,972
0.108,2312
-0.173,9323
-0.0795,7924
0.0591,3178
0.00137,5128
-0.201,7900
0.13,875
-0.0767,8146
-0.183,9291
-0.263,10321
0.095,1995
-0.0349,5509
-0.13,9664
-0.0183,5840
0.00331,4813
-0.079,7297
-0.506,10250
0.181,2303
0.011,4547
0.157,1651
-0.291,8357
-0.149,8907
0.161,1216
0.0257,3978
0.0151,4562
0.0979,2021
-0.125,8325
0.692,244
0.16,2883
-0.247,10377
-0.0797,9293
-0.137,9298
-0.0562,6957
-0.105,8915
0.167,481
-0.266,9335
0.444,29
0.00742,5203
-0.0235,5679
-0.233,10356
-0.0994,8988
-0.151,8678
-0.0216,6626
-0.0488,6602
-0.204,10099
0.537,1121
0.266,611
0.0118,4689
0.467,872
0.0208,4584
0.113,1491
0.129,2766
0.103,3112
-0.0542,6377
-0.0277,6409
0.00611,4555
-0.212,8086
0.0352,4070
-0.033,6008
0.0218,4089
-0.0733,8569
0.0799,1604
0.13,2551
-0.173,9529
-0.283,8051
-0.106,9072
0.342,12
0.0863,2224
-0.132,6978
-0.163,9153
0.214,560
-0.0272,5952
-0.109,9577
-0.0654,7371
0.145,1876
0.256,2427
1.22,5
0.158,1674
-0.0884,8959
-0.193,10167
-0.13,8568
0.0471,3713
-0.0956,6978
-0.373,10102
-0.184,9758
-0.102,9042
-0.155,7824
-0.0895,5641
-0.0279,6066
-0.044,7577
0.377,118
-0.0325,5400
0.0951,1315
0.127,719
0.0185,4430
0.135,126
-0.291,10061
0.0302,3519
-0.00473,5331
0.0283,4373
-0.11,7930
-0.077,7946
-0.196,9219
0.005,4784
0.0272,4179
0.00687,4828
-0.113,8722
0.0149,4865
0.0485,4026
-0.292,8091
0.333,390
0.0127,4490
-0.43,9841
-0.231,10022
0.00664,5285
-0.0221,6065
0.0556,3331
-0.00933,5522
-0.0466,6774
-0.134,6097
-0.14,10253
0.0254,4442
-0.0771,6605
0.166,1680
0.0715,3612
0.102,3164
0.18,138
-0.0768,7570
0.0204,4329
0.0156,4526
0.12,1901
0.128,2708
0.0288,3421
0.064,2618
0.0272,4620
0.239,378
-0.246,9635
0.256,220
-0.0853,8486
-0.0697,7312
-0.199,9277
0.00163,5103
-0.116,6156
0.0341,3973
-0.00986,5583
0.271,376
0.0431,3855
-0.127,8513
-0.0607,7011
-0.0809,6945
0.0556,3200
0.133,762
0.0567,3756
0.157,2654
0.537,906
-0.185,9955
0.363,172
0.0444,3840
-0.103,7593
0.216,967
-0.129,8933
0.204,2559
0.263,837
0.203,337
0.101,2218
0.063,3164
-0.134,9120
-0.106,7594
-0.0991,8555
-0.207,9634
0.234,481
0.0152,4417
-0.0265,6289
-0.0745,8760
0.273,272
-0.0167,5951
0.21,985
0.195,773
-0.0123,5181
0.0123,4811
0.177,517
-0.143,8441
-0.126,4069
-0.234,9505
-0.016,5965
-0.0829,6853
-0.0314,6774
0.0553,4214
0.432,556
0.0834,3257
-0.169,10435
-0.497,8111
-0.334,9023
-0.17,8087
-0.196,8765
-0.0786,8452
0.162,705
0.239,281
-0.0338,6034
0.00372,4751
-0.204,10198
-0.0649,8200
-0.0111,5939
0.118,1479
0.133,2381
0.0667,2481
0.419,236
0.0752,1822
0.0781,1904
0.0419,4012
0.105,1219
-0.0328,5143
0.00629,4630
0.184,1307
-0.101,7356
-0.148,7889
0.324,203
0.0457,3729
0.132,3531
0.0039,4933
0.138,2345
0.0255,4383
0.0813,2199
0.0347,4468
-0.0353,6567
0.0236,4326
0.0888,2040
0.041,3501
-0.0549,6160
0.00828,4991
-0.159,9251
-0.0878,8132
0.0274,3740
-0.0923,6071
-0.113,7476
-0.0119,5516
-0.131,8241
-0.0867,7569
-0.0885,8345
-0.0322,6062
-0.275,9642
-0.125,7055
0.03,4409
-0.00545,5593
0.0741,2467
-0.0455,6631
0.304,634
-0.165,8237
-0.236,9589
-0.0473,6052
0.0849,2547
0.146,1575
-0.149,8483
0.31,377
-0.0892,5962
-0.031,6333
0.015,4475
-0.223,10106
-0.0518,6733
0.0808,2829
-0.209,9972
0.0493,2947
-0.0136,5974
-0.129,9157
-0.0526,6117
0.358,516
-0.236,8130
0.0304,3633
-0.149,9506
-0.239,8724
-0.207,9149
-0.199,7780
0.394,322
0.0115,4383
0.114,2813
0.137,1061
0.227,640
0.0897,3084
0.065,3704
-0.0278,6223
0.106,1573
0.704,307
0.0521,3496
0.312,878
-0.141,9060
-0.0935,8297
-0.124,8905
0.036,2905
-0.0557,7917
-0.000161,5204
-0.00685,5447
-0.033,6903
0.0339,3470
0.0928,2971
0.1,3591
-0.0569,5902
0.0988,2948
0.188,415
-0.0807,7915
-0.0564,7492
-0.119,7839
-0.117,6732
0.159,868
0.0131,4415
-0.111,8549
0.302,151
-0.155,8525
-0.00882,5126
0.00893,4857
-0.101,8216
-0.134,9360
0.292,1579
-0.325,10240
0.324,889
-0.0157,5757
0.131,1498
0.0103,4897
0.233,672
-0.0253,5585
0.0928,2179
0.103,2325
-0.168,10174
-0.0978,9233
-0.0218,5558
-0.462,10178
0.112,3177
-0.0403,6213
-0.0542,8119
0.0557,4009
-0.0274,6307
-0.176,9559
-0.139,8948
0.0449,3975
0.466,103
-0.116,8557
-0.0148,5785
0.1,2334
-0.38,10352
0.306,445
0.239,1709
-0.0981,9784
-0.138,8554
0.0746,3738
0.0437,3776
-0.186,9665
0.649,241
-0.125,9870
0.151,858
-0.0892,7857
0.0622,3173
-0.0376,6045
-0.0404,6421
-0.00562,5190
-0.0865,7810
-0.313,8283
-0.0316,5858
0.727,255
0.164,644
0.109,2041
0.0891,1919
-0.11,8622
-0.0625,7564
-0.0925,7309
0.437,329
-0.172,8713
-0.231,9478
-0.0089,5473
-0.0862,6850
-0.161,8261
0.433,483
0.0265,3920
0.00844,4709
-0.191,10193
-0.0555,6653
0.285,813
0.0106,4783
-0.257,8636
-0.0777,7805
0.0241,4161
0.0943,1999
0.0343,3779
-0.0615,6868
-0.0178,6607
0.0102,4669
0.141,580
-0.0767,6824
0.00608,4814
0.397,239
-0.188,8474
0.0922,1449
0.108,1767
0.0139,5025
0.383,208
0.0211,4457
-0.146,8067
0.197,1278
0.173,352
0.146,1825
0.275,287
0.0882,3079
-0.0351,5916
0.377,192
0.0105,4600
0.15,1526
-0.362,10267
0.0713,3008
-0.179,7934
-0.14,10011
-0.121,9275
-0.235,9443
0.00992,4617
-0.368,8875
0.482,733
0.0332,3598
0.0577,3092
0.242,1103
-0.209,9720
0.101,2460
0.361,1184
0.139,480
0.24,610
-0.0835,8153
-0.00832,5089
-0.23,10265
-1.13,10191
0.0719,1664
0.135,897
0.00936,4718
-0.0887,7705
-0.258,10447
-0.0923,6300
-0.118,9757
-0.0954,9764
0.114,2519
-0.158,9718
0.157,2015
-0.118,7565
0.0692,3561
-0.15,7425
-0.138,7617
-0.0101,5382
-0.0367,5640
-0.131,8703
-0.119,9030
0.013,4665
-0.0509,5682
0.0526,3604
-0.255,9381
0.0568,2929
0.00279,5098
0.0826,1514
-0.152,9328
-0.0815,6716
-0.354,7671
0.0721,3575
-0.0946,8386
0.177,1302
0.222,2085
-0.146,8535
-0.214,8135
0.186,1307
0.174,1208
-0.0145,6827
-0.324,9966
0.221,2514
-0.0139,5618
0.179,854
0.148,686
0.0373,4231
-0.478,8705
-0.0182,5340
-0.153,8617
0.0305,4390
0.0518,3982
-0.119,9781
0.156,1301
-0.0376,7161
-0.113,9660
-0.198,9567
0.0177,4129
-0.0281,6149
-0.176,8508
-0.0768,6676
0.181,1575
0.34,1072
0.146,2874
-0.00227,5421
-0.0544,6560
-0.134,8648
-0.153,9449
0.0356,4194
-0.153,8427
0.168,1707
0.408,360
0.0122,4719
0.0638,3214
-0.0679,7547
-0.00647,5509
-0.0551,7424
0.012,4735
0.333,313
-0.138,8824
-0.0261,5819
-0.0363,5901
-0.126,9133
-0.146,8546
0.00442,4833
-0.161,7158
-0.214,7701
-0.00369,5111
-0.337,10216
-0.0337,6361
-0.021,5488
-0.00626,5212
-0.0799,6406
-0.0187,5822
0.208,244
0.0314,4307
-0.0892,7357
-0.0853,6923
-0.239,10009
0.03,3779
0.0805,2927
-0.203,8450
-0.0342,6371
0.13,2305
-0.156,7798
-0.0722,9807
-0.245,9770
-0.0979,7699
0.111,2018
0.0394,4171
-0.0301,5368
-0.237,10049
-0.0186,6247
0.0925,2500
0.138,731
-0.278,9659
-0.141,8566
-0.134,6969
0.0773,2802
0.12,1946
0.0367,3871
0.12,3181
-0.173,8473
0.269,1009
-0.149,8662
-0.0362,5828
0.247,1207
0.0838,2711
-0.112,8484
0.147,633
0.0165,4115
0.181,1454
-0.0795,6600
0.141,2472
0.301,749
0.227,572
-0.0669,9140
-0.25,10304
-0.0495,6419
-0.481,10351
0.291,322
0.0102,4733
-0.0652,6975
0.719,2
-0.247,9750
-0.256,9838
0.0393,3709
0.0124,4303
0.0541,1884
0.169,2153
0.24,817
-0.0784,7180
0.421,403
-0.0759,6589
-0.15,9427
0.107,1778
-0.175,7636
-0.129,7882
-0.0346,5682
0.00958,4659
0.0254,4545
-0.0265,5527
-0.0697,7922
0.174,1487
0.0907,2659
0.0411,3370
0.021,3680
0.179,1141
0.0583,3436
0.0683,3847
-0.129,7382
-0.151,9765
0.0798,2913
0.0883,2095
-0.0283,5542
0.0217,4083
-0.341,10205
0.254,359
-0.258,10067
0.26,271
-0.0332,6519
-0.031,6093
0.106,3053
-0.118,7948
-0.00568,5066
-0.143,8831
-0.115,8406
-0.0914,7777
0.0546,3667
0.0424,3638
0.0168,4076
-0.0998,8805
0.119,2605
0.0145,4715
0.0262,3641
-0.0491,8231
0.0638,3212
-0.0569,6575
0.192,852
0.092,3379
0.37,513
0.112,1360
-0.0768,8439
-0.0887,7063
0.162,1202
0.00783,5087
0.113,1055
-0.0266,7087
0.0284,3515
0.207,2431
-0.272,8569
0.0664,3317
0.19,1165
-0.0438,6923
-0.101,7891
-0.0291,5169
0.308,822
-0.0427,5891
-0.136,8711
-0.00946,5742
0.0909,2819
-0.0352,6325
0.392,816
-0.136,6816
-0.0117,5594
-0.239,10144
-0.167,9109
-0.00224,5263
0.0161,4547
0.00142,5132
-0.217,9516
-0.16,10320
-0.223,10093
-0.117,9132
-0.155,8209
-0.0106,4954
-0.0753,8466
-0.0166,5708
0.106,1544
-0.146,9252
0.116,1794
-0.135,8438
-0.121,9597
0.12,3230
0.0526,3577
-0.0847,8620
0.417,894
-0.365,8214
-0.00668,5348
-0.0215,5821
-0.0628,6939
0.0189,4454
-0.0703,7278
0.167,645
0.0309,3997
-0.0184,6246
0.15,2271
-0.131,8478
0.754,16
0.218,589
0.0161,3850
0.0875,2292
-0.0637,7145
0.0449,2942
0.142,1124
0.0941,2520
0.227,428
-0.0689,7426
-0.0575,6686
0.149,1839
0.0536,3858
-0.103,8207
-0.096,7051
0.119,2654
0.0536,2873
-0.0198,5544
0.0446,3596
0.252,1112
0.0139,4343
-0.0533,5947
-0.139,9604
-0.125,8359
0.0525,3717
0.217,1251
0.391,43
0.00209,5050
-0.043,7099
-0.0304,5383
-0.177,6764
-0.356,9049
0.107,2073
-0.0224,5744
-0.176,8726
-0.376,10458
0.0237,3982
-0.148,6851
0.00566,4891
-0.0886,7397
0.151,1572
0.147,471
-0.217,8963
0.0868,3354
-0.0215,5735
-0.105,8702
-0.19,9081
0.141,1366
0.341,1595
-0.0246,5513
-0.0208,6181
0.0686,3394
0.00521,4736
-0.398,10207
-0.17,5650
0.017,4421
0.011,4299
-0.0576,6021
0.0255,3991
0.259,727
-0.357,9925
-0.285,8068
-0.094,8904
-0.0385,5543
-0.149,7069
0.08,2137
0.0867,3775
0.368,164
0.129,833
0.24,397
-0.0726,7771
-0.092,6253
0.0349,3880
-0.0662,7267
-0.036,7292
-0.0473,7047
0.342,642
-0.134,7309
-0.14,8628
-0.0519,5866
0.166,942
0.0193,4428
-0.0487,6324
-0.0506,6226
-0.0604,7200
0.189,1444
-0.0389,7158
0.19,785
-0.0974,8110
0.0361,3372
-0.0327,5618
-0.0796,6786
-0.236,10359
-0.0787,8008
-0.169,9834
0.222,581
0.11,1791
0.0873,3578
0.0494,2876
0.0485,2872
-0.111,8586
0.0671,2945
-0.208,9750
0.055,3683
-0.0433,6201
-0.108,9031
0.0837,3346
-0.259,9018
0.0642,2626
-0.265,8529
0.0597,3095
-0.0321,6948
0.138,1876
-0.226,9164
-0.0515,5740
-0.061,6177
0.0659,2506
0.142,1286
0.065,3756
-0.0745,7534
-0.0113,5625
-0.0153,5594
0.0224,4190
0.149,770
0.0504,3323
0.201,1409
0.309,811
-0.118,6821
-0.0973,7507
0.156,542
0.113,1019
0.0622,2838
0.0934,3460
0.119,1534
-0.0646,6501
-0.0521,7274
-0.117,9430
-0.106,7529
-0.0377,7174
0.00573,4833
-0.113,8481
-0.014,5367
0.0656,3927
0.0762,2367
0.604,253
0.269,852
-0.0186,6201
-0.043,7432
-0.0489,6676
-0.00484,5220
-0.053,7967
0.0691,3535
0.0174,4494
0.0584,2882
-0.237,9717
0.0778,3247
-0.129,8770
-0.151,8466
-0.236,10346
-0.0634,8318
-0.0944,8000
0.0397,3925
-0.122,7300
-0.109,8611
0.0206,4232
-0.0639,6597
-0.0767,6657
0.0145,4621
-0.163,8343
0.0907,2946
0.0863,2164
0.116,280
0.287,458
0.0477,2956
0.149,1608
-0.236,9843
0.0029,4975
-0.0432,8038
-0.098,8324
0.142,1516
-0.251,10185
0.588,1013
0.00619,4783
-0.0378,6989
-0.278,9581
-0.0133,5865
0.192,389
-0.0287,6043
0.172,1681
-0.131,9723
0.0279,4314
-0.0986,7985
0.0759,3220
-0.211,7386
0.166,2308
-0.153,9373
-0.037,5362
-0.0565,7001
0.0626,4052
0.29,1230
0.0228,4136
0.136,1017
0.327,546
-0.0717,6027
0.034,4157
-0.0446,6707
0.0259,3774
-0.165,10225
0.11,1715
0.0798,3655
-0.0273,5713
0.74,285
-0.0942,7129
-0.0183,5655
0.201,1926
0.0564,3589
-0.519,10305
0.0964,3124
-0.102,7561
-0.0145,6082
0.0705,2210
0.127,829
-0.278,10122
-0.0679,6134
-0.00156,5205
-0.0409,6103
0.0677,3618
0.332,444
-0.107,7371
-0.088,7900
0.177,1161
-0.101,9685
-0.184,9444
-0.0387,6212
-0.108,7486
-0.228,9927
-0.026,5907
0.0278,3222
0.153,1365
-0.194,6674
0.00147,4874
-0.0477,5963
-0.00618,5656
-0.206,10361
-0.172,9125
0.0365,3637
0.14,2145
0.13,2538
-0.144,8901
-0.126,9311
0.176,752
0.059,2219
-0.153,9212
0.139,1023
-0.0535,7271
0.124,1753
0.131,2330
0.48,983
-0.16,7523
0.202,160
-0.0177,5860
-0.114,7495
-0.203,8895
-0.182,8505
-0.332,6322
0.326,983
0.0337,3722
0.21,279
0.0625,3344
-0.155,8405
0.371,1208
-0.03,5810
-0.213,9770
-0.0101,5596
0.125,1628
-0.133,8907
0.0235,4669
-0.119,9746
0.0833,1591
0.0875,1847
-0.0879,8064
-0.24,8663
-0.102,6920
0.188,2968
-0.0597,7219
0.104,1935
-0.152,8692
0.113,1984
0.116,2711
-0.0239,5549
-0.0931,7863
-0.0488,7709
0.0284,4029
-0.143,9073
0.135,2096
-0.213,9127
-0.0353,7167
-0.0213,6378
0.291,479
0.139,1385
-0.159,10427
-0.334,10154
0.0115,4929
-0.131,9719
-0.181,9257
0.0443,4247
0.163,2067
0.0359,3404
0.0327,3691
0.0902,1947
0.0928,1350
0.053,3100
0.0234,4076
0.173,2941
0.218,513
-0.00835,5311
0.0133,4690
-0.113,9396
-0.0184,5762
0.124,674
0.0114,4105
-0.0221,5836
0.064,3316
-0.0652,6960
0.105,3223
0.33,1477
0.116,1863
-0.0969,8693
-0.0118,4974
-0.0789,6191
0.0593,2418
0.193,2409
-0.0465,5984
0.00482,4736
-0.126,8492
-0.117,7707
0.0343,3976
0.447,505
-0.0227,6669
-0.0451,6536
0.365,406
0.199,2079
-0.0988,7427
0.115,2573
0.00176,4897
-0.0581,7448
8.33e-17,4152
