coef,rank
-0.362,7703
-0.0709,6232
-0.162,8368
-0.115,6512
0.0389,4307
-0.15,8709
0.103,1421
-0.172,8837
-0.0324,5600
0.375,206
-0.0783,7936
-0.00937,5570
-0.138,9487
0.119,2524
-0.159,7438
-0.302,6957
-0.0669,8919
-0.156,10439
-0.13,8952
-0.184,9798
0.161,1984
-0.277,8227
-0.184,9617
-0.216,10040
0.386,1102
-0.0368,5840
0.044,3441
1.22,416
-0.245,9484
-0.145,9443
-0.0106,5445
0.61,480
-0.39,10435
0.123,3134
-0.0366,6280
-0.0791,8732
-0.000392,5229
0.034,4285
-0.142,8724
0.208,839
-0.039,6521
0.0499,2191
-0.188,9020
0.172,750
0.00995,4696
-0.0241,5395
0.0666,1530
0.0307,3074
0.185,1612
-0.0207,5736
0.256,439
-0.0647,6371
0.0288,4314
0.011,4519
0.304,316
-0.0165,5401
-0.00477,4475
-0.0683,6585
-0.039,7298
0.0551,2808
-0.0689,6461
-0.187,9517
0.00078,5148
0.0369,3019
0.0848,1951
0.0511,2926
-0.0265,6414
-0.0471,6876
-0.0564,6699
-0.45,8706
-0.038,6913
0.0137,4381
-0.198,9571
-0.211,9429
-0.165,8564
-0.0769,7764
0.126,1216
-0.224,10307
-0.0176,5937
-0.0416,6728
-0.31,8140
0.0504,3764
-0.169,10364
-0.0243,6020
0.0257,4247
-0.1,7056
0.0272,4252
-0.167,7446
-0.0773,8805
-0.0488,7991
-0.0134,5453
-0.0803,7225
0.173,2134
0.26,917
-0.107,7872
-0.082,8431
0.164,2097
0.155,531
-0.0664,7409
0.0296,4084
0.0232,4058
-0.0182,5744
-0.127,9288
-0.249,9579
-0.149,7507
-0.00812,5281
-0.169,8014
-0.145,8570
-0.102,7543
0.056,3565
-0.00293,4834
-0.142,8142
0.109,982
-0.0119,5786
0.0032,5120
-0.0597,7103
0.182,324
0.112,2333
0.228,718
0.0154,4143
0.0409,3399
-0.0305,6627
-0.133,7171
-0.241,8206
-0.0921,8925
-0.0528,6039
-0.346,9941
0.0444,3660
0.323,249
-0.0706,7045
-0.125,9603
0.166,1120
0.0693,3536
-0.0347,6540
-0.172,4650
0.43,660
-0.106,8981
0.0992,1940
-0.268,8704
-0.085,8958
0.0312,4333
0.243,707
0.034,3900
-0.0538,7347
0.16,1774
0.0068,4912
-0.223,10434
0.148,2172
0.132,1636
0.278,28
-0.13,5224
0.3,319
-0.16,7354
0.0749,2876
-0.0129,5239
0.0159,4549
0.0571,3940
-0.0202,5709
0.249,686
-0.0389,6166
-0.178,9197
0.00882,4522
0.0691,3151
0.0256,4533
0.168,490
-0.0588,7946
-0.0162,5699
0.0416,3477
-0.0511,6296
-0.397,10139
0.198,480
0.0622,2673
0.00993,4460
-0.087,7976
-0.0323,6411
0.12,2107
-0.102,6449
0.0275,3429
0.0587,2762
0.0185,4551
-0.18,10195
0.0616,2582
0.0759,1657
-0.0212,7106
0.0508,3444
-0.107,8973
-0.0609,6758
-0.0728,8030
0.0206,4495
-0.00985,5677
0.00422,4575
0.00907,4516
-0.128,9128
0.12,2358
0.159,2482
-0.127,9521
0.0195,4488
0.00885,4858
-0.0198,6351
0.116,2570
0.011,4491
0.287,1079
0.0436,2994
-0.255,9942
-0.0208,5599
0.235,1207
-0.067,7040
-0.0854,7038
-0.034,6501
-0.0651,7978
0.04,3657
-0.00341,5212
-0.0743,6703
0.127,1964
0.044,2260
-0.00375,5234
-0.198,9870
-0.0393,6163
0.0546,3977
-0.148,4134
-0.068,7112
0.0156,4340
-0.164,10438
-0.0487,6287
0.114,3240
0.176,1468
-0.0341,6269
-0.112,9580
-0.0308,6958
-0.0534,5934
-0.106,8154
-0.0804,6478
-0.0453,6100
-0.00296,5230
0.132,1942
0.00253,4920
0.065,3925
0.0189,4452
0.245,1115
0.195,2685
-0.114,6782
-0.0035,5269
0.18,685
-0.134,9177
-0.126,9072
0.113,1930
-0.00989,5419
-0.0863,8135
0.158,1846
0.103,1711
0.0513,2399
-0.105,6880
0.134,2858
-0.359,10092
0.0744,3886
-0.191,9972
0.152,675
0.106,1743
0.253,399
-0.21,9784
-0.0372,5833
0.238,88
-0.0402,6416
0.183,1779
0.219,312
0.402,73
2,2
-0.0958,7371
0.00461,4865
-0.0974,7856
-0.0253,5882
-0.18,8752
0.00765,4955
-0.081,7596
-0.138,8230
-0.128,8868
0.0534,3443
0.422,163
-0.155,9538
-0.246,10274
-0.0649,6284
0.0782,3166
0.0599,3733
-0.119,7868
0.193,1015
-0.0128,5823
-0.0828,7289
-0.131,8077
-0.105,7480
-0.113,7264
0.116,3077
-0.0113,5830
0.0181,4573
-0.216,8555
-0.0748,7897
0.0467,4140
-0.0597,6262
0.225,404
0.0139,4419
0.173,1281
0.176,995
-0.0882,7326
0.0266,4442
0.222,53
-0.118,7759
0.165,624
-0.25,8172
-0.034,5609
0.0281,3833
-0.0811,9119
-0.103,8536
0.0277,4322
-0.0495,5656
0.328,790
-0.00892,5300
-0.123,7253
-0.135,8230
0.286,1000
-0.13,8940
-0.0159,5353
-0.0144,5220
0.124,811
0.00939,4887
0.00402,5102
-0.216,9770
0.0321,3233
0.449,1411
0.037,3647
0.0854,1822
-0.102,7227
-0.205,9428
0.197,1457
-0.42,6281
0.0398,3517
0.264,32
-0.182,9919
-0.126,9571
-0.151,9815
0.0714,3682
0.00449,4841
2.75,121
0.374,497
-0.0276,6783
-0.0774,9018
-0.00952,5346
-0.0738,8456
-0.00856,5238
-1.23,9862
1.61,60
-0.777,8726
-0.896,9866
-0.558,8755
-0.216,9253
0.154,2351
0.0523,3570
-0.0177,5280
-0.0618,8449
-0.0528,8168
-0.0653,4674
0.126,2799
0.522,89
-0.384,9184
-0.322,10410
0.0989,1089
0.407,961
-0.0491,6109
-0.0483,6923
-0.00433,5116
0.119,2602
-0.03,6547
0.0425,3767
0.0367,4366
-0.167,9056
0.136,2605
-0.0665,6521
0.0559,3096
0.209,1410
-0.0293,7095
-0.03,5979
-0.251,7193
-0.0495,7075
-0.0519,6734
0.245,489
-0.115,8468
-0.0433,5785
-0.0546,6767
0.0162,4678
0.235,187
0.0677,2986
0.15,2517
-0.176,9685
-0.183,8162
0.221,1062
-0.0625,7578
0.355,919
0.154,1055
-0.347,10356
-0.123,8441
-0.093,8092
0.0676,2696
-0.0797,7829
-0.0661,6251
0.135,2208
-0.357,8360
-0.005,5711
0.144,868
0.295,732
-0.0531,6171
-0.178,8972
-0.101,7645
0.118,987
0.104,381
0.0505,292
-0.0211,5876
0.0652,3821
-0.0854,7688
-0.112,7245
-0.0848,9187
-0.296,10371
-0.0297,5741
0.17,1548
-0.233,9421
0.0685,3465
0.0517,2891
-0.0519,6764
0.319,571
0.218,1100
0.115,2078
0.131,726
-0.223,10394
0.263,757
-0.0349,6198
-0.223,9472
-0.0184,5951
-0.167,8601
-0.18,10040
0.0239,3773
-0.206,6334
0.0634,3632
0.0395,4165
0.0848,3657
-0.147,9969
-0.12,8358
0.114,2541
0.0708,3996
-0.149,8075
-0.0509,6077
-0.167,10010
0.501,252
0.0152,4573
-0.0124,5656
0.0805,3118
-0.102,8156
0.00554,4794
-0.00775,5539
0.2,1072
0.0167,4653
-0.105,7803
-0.0481,7081
-0.164,9989
-0.284,10048
0.139,1906
-0.189,8638
-0.162,9055
-0.164,9223
-0.0968,8664
-0.19,10061
-0.121,8038
-0.266,10068
0.093,1686
-0.0792,7425
-0.185,9628
0.167,1841
-0.0598,7497
0.0342,4203
0.0524,3308
0.012,4576
0.023,3955
-0.218,8504
0.258,146
-0.0774,7003
0.0834,3321
0.11,2181
-0.108,8975
0.0335,3602
0.102,1680
-0.123,9393
0.116,1655
0.259,342
0.0132,3886
-0.0055,5197
0.0125,4547
0.00237,5014
-0.174,7411
0.138,1019
0.0169,4604
0.0479,3526
0.000683,4972
-0.0659,7111
-0.123,7421
-0.0906,8437
-0.0502,7834
-0.197,10284
-0.401,10234
0.0286,4113
-0.192,7717
0.411,443
0.0972,3142
0.0709,2174
-0.475,9765
0.564,125
0.418,451
-0.041,5229
0.00251,4798
-0.13,9755
-0.106,8892
0.0612,3010
0.082,3280
-0.0269,6031
-0.0515,7359
-0.0868,7784
-0.341,9495
-0.0246,5626
0.111,2820
0.687,305
0.017,4380
-0.189,9894
-0.251,10133
-0.0697,7588
0.0363,4031
-0.129,8165
-0.0292,6574
0.00577,4836
0.968,1010
-0.437,6842
-0.293,7612
-0.117,8338
-0.0248,5526
-0.094,8502
0.0192,4427
0.0307,4214
-0.0182,5514
-0.0939,8343
-0.083,7210
0.0781,2948
-0.158,9643
-0.144,6041
-0.244,7147
-0.165,10006
-0.183,8885
-0.21,10187
-0.276,10179
0.0757,3118
-0.0846,7697
0.373,86
0.0326,4024
-0.115,8469
0.116,1474
-0.0608,6725
-0.163,9378
-0.00819,5397
-0.0751,7763
-0.165,9776
-0.0597,6925
0.0471,3810
0.064,2415
0.172,582
-0.274,10089
0.00838,4795
-0.12,8405
0.068,3081
0.309,383
-0.0156,5614
0.0752,1711
-0.281,8901
-0.0363,6500
-0.307,9907
0.313,1603
0.0291,3896
-0.152,9086
-0.251,9407
0.0445,3288
0.0238,4156
-0.00301,5034
0.117,1205
-0.0434,6822
-0.078,7460
-0.00386,5386
-0.0313,5555
0.0944,3669
-0.153,10411
0.0643,3275
-0.125,7886
0.025,4416
-0.0827,7639
0.143,1048
-0.17,9512
-0.175,10060
-0.192,9256
-0.193,8502
0.273,293
-0.123,7785
-0.153,9474
-0.0661,8127
-0.235,9291
0.0496,2971
-0.31,9583
-0.154,7748
0.00269,4874
-0.0734,7818
-0.0523,6403
-0.0162,5769
0.0988,2838
-0.339,10255
-0.181,9821
0.103,1243
-0.0875,8985
-0.102,7940
-0.0362,6478
-0.0519,6786
-0.0146,5753
-0.289,10129
-0.0805,8421
-0.611,9476
-0.547,10123
0.00196,4999
0.0177,4041
-0.0128,5696
0.0251,4153
-0.271,9502
0.216,847
-0.0595,7958
-0.0567,8797
0.0276,3806
-0.097,7458
0.233,1366
-0.321,10227
0.00759,4962
-0.157,8751
0.24,3024
0.326,144
0.166,2185
-0.245,9861
0.112,1199
-0.16,8862
0.339,3009
0.0185,4549
0.051,3996
0.0474,4020
0.00886,4677
-0.212,9023
-0.433,8009
0.401,2376
-0.175,8651
0.0828,3589
0.111,1951
-0.046,6110
0.0602,3691
0.0652,1554
-0.0254,5617
-0.0437,6073
-0.0136,4593
-0.186,10243
-0.0309,6051
0.188,211
0.0139,4691
0.0368,3714
-0.116,7030
-0.142,9794
-0.203,9960
-0.0358,6479
0.273,748
-0.0615,6047
-0.149,8560
0.0573,3782
-0.0846,8745
0.148,1127
0.0323,4295
0.00679,4871
0.231,969
0.447,302
0.122,1399
0.0106,4838
0.362,300
0.177,3088
0.0876,2641
-0.17,8608
-0.158,9302
0.208,376
0.41,242
0.504,239
-0.0103,5177
-0.451,10273
-0.0598,6008
-0.123,8563
-0.00458,5299
-0.381,8949
-0.102,7642
-0.052,6641
0.118,1562
0.0864,2489
-0.13,9684
-0.00511,5000
-0.247,8569
-0.341,6958
0.185,281
0.0862,1703
-0.0299,6510
-0.121,7619
0.0922,1100
-0.183,7297
-0.0325,5991
0.281,17
0.182,2237
-0.0469,6258
-0.255,10093
0.154,1664
-0.0186,5597
0.195,348
-0.4,9753
0.494,196
0.0234,4575
0.464,390
0.0775,1576
-0.159,8845
-0.00367,5075
-0.0165,5637
0.14,1602
0.00369,4703
0.0793,2928
-0.0132,5526
-0.0818,7387
-0.0423,6712
-0.16,7174
-0.0155,5016
0.00756,5040
0.0785,1805
0.131,1282
0.0974,2646
-0.0805,7108
0.039,4153
-0.0353,6701
0.0767,2879
-0.275,10155
-0.448,10063
-0.131,8835
-0.0422,6941
-0.0473,6850
-0.0419,6501
0.11,2121
0.0891,3647
-0.0655,8118
0.0704,2983
0.266,1145
-0.168,10290
0.0926,2489
-0.142,8549
0.0771,3099
0.178,2319
-0.19,9878
0.134,1886
-0.0713,7019
-0.151,7458
0.278,807
-0.00332,5144
-0.0623,8179
-0.355,10044
0.408,1077
-0.131,8214
0.112,2802
0.106,2559
-0.168,9855
0.0338,3872
-0.123,7230
-0.0383,7207
-0.353,9676
0.0365,4115
-0.0728,6956
-0.126,9771
0.0368,3982
0.0996,2757
0.0878,2822
-0.0894,7008
-0.087,8540
-0.192,9508
0.0243,2313
0.0123,3218
0.0155,3130
0.0046,4317
0.0268,753
-0.386,5865
-0.0862,6827
-0.173,4999
0.0488,3429
-0.0905,7597
0.223,2030
0.561,170
0.092,3112
0.208,291
0.0896,3253
-0.104,8298
-0.172,8044
-0.0186,6570
-0.0115,5183
-0.0788,7711
-0.0693,5335
0.196,3091
-0.611,10422
-0.27,7208
-0.0977,7712
-0.0637,6642
0.0968,3943
-0.262,9799
-0.104,7476
0.12,3301
-0.17,9733
0.0694,2845
0.0569,4138
0.179,1286
0.0665,2731
0.0305,3861
-0.139,7174
-0.273,9860
-0.221,10069
-0.215,8551
0.184,1501
-0.172,10181
0.0476,1930
0.13,1928
-0.124,8708
0.0965,2619
-0.307,9798
0.115,2169
-0.0457,6554
0.0306,4239
-0.0904,7900
0.201,1160
0.0366,3461
-0.101,9061
-0.0416,6362
-0.152,9331
-0.0336,6600
0.0863,3503
0.197,2538
-0.0997,8318
0.238,262
0.107,3310
-0.071,7311
0.467,134
-0.00937,5052
0.385,9
-0.0677,7366
-0.166,7449
0.087,1870
0.0685,3399
-0.133,9282
-0.0379,6822
0.0693,2718
-0.03,6278
0.0728,2845
-0.118,8031
-0.147,7753
-0.131,9951
-0.098,9223
0.0803,3729
-0.157,7895
-0.158,9433
0.0753,3240
0.31,323
-0.0924,8965
0.0699,2645
0.393,1194
0.103,2075
-0.0453,6995
0.46,1538
0.1,2121
-0.0805,5285
-0.095,9597
0.0926,2094
0.121,1018
-1.27,9968
-0.125,4993
-0.128,6344
0.203,2477
0.0534,3545
-0.279,8640
-0.169,9548
0.00198,4955
-0.0782,7524
-0.128,9121
0.0935,2552
-0.107,8253
-0.127,8175
0.0167,4339
-0.0214,5900
0.134,1112
-0.143,7957
-0.16,9893
-0.0694,6720
-0.216,9189
-0.145,8616
0.00191,5206
-0.557,8391
2.72,359
0.168,1456
-0.0146,5095
0.0122,4759
0.00331,4776
-0.368,10201
0.248,417
-0.0539,6531
0.12,1006
0.166,971
-0.011,6131
0.232,614
-0.161,8633
0.159,1718
0.0531,2644
-0.165,8694
0.0836,1561
0.306,1359
-0.301,10253
0.0251,4600
0.217,1046
-0.0636,8395
0.254,430
-0.031,5027
0.249,345
-0.145,9378
0.0897,3484
0.0952,1632
0.0352,4195
0.0176,4331
0.0936,2394
0.207,650
0.754,16
-0.00743,5742
0.329,29
-0.136,4412
-0.422,7871
-0.154,8079
-0.212,10405
0.287,1177
-0.23,9190
0.439,563
0.0893,3230
-0.0843,7688
0.103,3291
-0.056,7899
0.0194,4595
-0.297,5886
0.0764,4002
-0.393,8404
0.0588,3015
-0.202,9687
0.187,969
0.437,578
-0.266,8354
-0.27,7326
-0.0305,6922
0.0753,2549
-0.153,7312
-0.0373,6174
0.163,2847
0.17,647
-0.0973,9159
-0.102,9417
0.0181,3800
0.149,1338
0.153,560
0.0604,2408
-0.0919,8868
0.0276,3654
-0.00264,5015
-0.145,9748
-0.198,8013
0.272,1749
-0.117,8246
-0.157,9088
0.36,38
-0.133,8052
-0.116,8043
-0.0117,5140
0.048,3654
-0.158,9908
-0.377,5645
0.0574,3927
-0.355,8851
-0.0538,6121
-0.41,10434
0.154,1105
-0.114,7229
-0.0475,6315
-0.127,8795
-0.114,8088
0.0481,3564
-0.0186,6973
-0.103,7229
-0.294,6348
-0.0178,5049
0.0419,3758
0.0179,4086
0.227,373
0.0299,4270
-0.0172,5464
-0.242,8223
0.00538,4841
-0.163,9168
-0.0969,9205
0.0265,4534
0.0516,3978
-0.411,9863
0.425,357
-0.0679,6247
0.198,326
-0.0233,5982
-0.138,9349
0.103,2753
-0.257,8324
0.0732,2537
0.0715,2410
-0.178,8204
0.0969,2044
-0.209,9669
0.485,686
0.0359,3537
-0.107,8810
-0.256,9659
0.115,2284
-0.0355,5626
0.0316,4532
0.0487,3727
0.0565,3142
0.21,371
0.122,2287
-0.0103,5509
0.13,3602
-0.0285,6787
0.0681,2470
0.528,279
-0.0792,6800
0.0507,4410
-0.0838,7433
-0.142,8673
0.373,295
-0.15,7777
0.0452,4012
0.102,952
-0.083,8158
0.108,1479
-0.0588,7344
-0.0872,8325
-0.0603,7253
-0.039,6067
0.332,544
0.135,753
0.1,1871
-0.0727,7881
-0.116,7150
0.0147,4500
-0.156,7526
-0.149,9014
0.193,146
0.0137,4517
-0.0437,6183
0.0628,3294
-0.106,6437
-0.167,9270
0.0606,3224
-0.126,7268
-0.216,10106
0.323,2594
-0.0129,5605
0.0525,3665
0.148,1140
-0.111,9181
0.181,1281
-0.0983,4149
-0.0311,6315
-0.145,8977
-0.108,9060
-0.0356,5264
-0.177,7453
-0.114,8680
-0.115,8687
-0.0208,6007
-0.206,10065
-0.0629,6905
-0.0519,6262
-0.123,8078
0.0262,4058
-0.0792,8102
-0.0374,6547
0.00663,5141
0.278,1169
0.0946,2979
0.0475,2772
0.122,798
-0.0847,7300
0.0917,2159
0.243,2001
-0.224,9496
-0.241,9913
0.215,958
0.0259,4450
0.0277,4428
-0.167,7611
0.205,1784
-0.216,10389
0.0286,3579
-0.13,7067
-0.1,8369
0.0919,2488
0.103,3203
-0.0823,7921
0.0139,4498
-0.082,6551
-0.158,9018
0.218,1061
-1.23,10456
0.115,2473
-0.0263,6557
-0.0958,8758
-0.109,7856
0.0802,1796
0.0652,3840
0.0699,1389
0.123,2127
0.167,2245
-0.196,7164
-0.455,9092
-0.0481,6059
-0.0799,7450
0.098,1400
-0.156,9503
-0.0898,8521
0.0702,3950
0.322,311
0.0833,1976
0.101,1384
0.326,429
0.243,1499
0.0554,3444
0.112,1994
0.0382,3304
0.0389,3856
-0.222,9667
-0.0577,7022
-0.0374,6443
0.0395,4317
-0.103,7858
-0.0218,5317
-0.138,9520
0.62,18
-0.0679,8708
0.1,2706
-0.0229,6460
-0.05,6143
-0.0187,5378
0.0211,4210
0.179,3219
-0.11,7798
-0.0277,6938
0.105,1350
0.114,2094
-0.227,9814
-0.162,8027
0.625,138
-0.0704,8131
-0.00297,5212
0.0832,3333
0.0622,3738
0.197,1506
-0.184,9321
-0.0532,6782
-0.139,9785
-0.362,7516
0.126,2260
0.15,2872
-0.0339,6223
-0.199,9962
-0.342,9084
0.0751,3009
0.326,843
0.0103,4644
-0.178,9530
-0.0328,6679
-0.0844,7642
0.121,1722
-0.0851,8565
-0.0627,6877
-0.0905,8357
0.159,389
0.0281,3737
-0.0505,7538
-0.312,8867
0.147,2093
-0.0176,5880
0.0152,4400
0.0116,4851
-0.0152,3051
-0.544,10273
0.464,197
-0.286,6417
0.0894,2169
-0.301,9952
-0.0231,6080
-0.185,9936
-0.036,5929
0.0911,2793
0.168,2382
-0.00058,5309
-0.213,10239
0.000951,4909
-0.228,8770
0.123,2926
0.102,2358
-0.0654,8651
-0.045,6669
-0.00658,5238
-0.212,10079
-0.0681,7635
0.0429,2984
-0.0983,8878
-0.0799,7849
0.272,1010
-0.0407,5169
-0.212,7833
0.116,2415
-0.0619,7242
0.0809,2919
0.0664,2481
-0.0478,5973
-0.0245,5454
0.00506,4932
0.0175,4552
0.16,1507
-0.309,7166
-0.0434,6303
-0.359,9813
-0.00627,5238
-0.0938,8437
-0.0477,7225
-0.223,8740
0.0348,4180
0.052,3681
0.0625,1625
0.0488,3387
0.131,1408
-0.153,9287
0.0238,4187
0.148,2424
0.173,1657
-0.303,9212
0.175,1810
-0.174,8963
0.242,1674
-0.318,7052
-0.0934,7914
-0.0658,6086
0.00463,5004
-0.192,9440
0.335,400
0.0405,4290
0.109,1641
-0.0237,5803
0.0309,4051
-0.368,9505
-0.0221,6091
-0.254,10194
-0.000333,5062
-0.154,9549
1.16,18
0.0146,4305
-0.276,8258
0.113,1565
0.0602,1491
0.108,2891
-0.109,8167
-0.157,7660
-0.024,5930
0.0891,1804
-0.0947,8523
-0.00196,4932
0.0805,1970
-0.109,9179
0.0298,3661
-0.058,7941
-0.0138,5476
0.00751,5015
0.024,4493
-0.0432,6099
-0.0989,8832
0.0372,3906
-0.165,9035
0.167,1272
-0.192,9083
0.334,916
-0.32,10138
0.276,69
-0.0331,6649
-0.023,5550
0.0836,2266
-0.224,8039
-0.0717,8261
0.0222,4129
0.0142,4235
-0.0515,6054
-0.0792,8543
0.0512,4172
-0.144,9357
-0.089,9473
-0.107,9510
-0.0108,5388
-0.24,10244
0.127,2049
0.104,3305
0.243,641
-0.00432,5877
-0.126,7931
-0.302,10428
-0.45,10287
0.0914,3053
-0.0506,6750
0.0244,3866
0.112,1719
0.236,589
-0.178,9537
-0.387,10412
-0.101,7495
-0.0729,8078
0.372,232
0.286,214
0.0559,3459
0.428,321
0.177,1033
0.125,1818
-0.365,10336
-0.217,10223
-0.0875,7987
0.147,3503
-0.0127,5258
-0.107,8273
-0.233,10399
-0.0783,7473
-0.066,6516
-0.0444,6832
0.0287,4066
-0.0333,6362
-0.33,8349
-0.239,4802
-0.146,5738
-0.135,7970
0.559,157
-0.204,7457
0.0939,2912
0.164,1420
-0.0132,5225
0.189,1003
-0.0106,5632
-0.158,8428
-0.265,9731
-0.0136,5360
-0.154,8200
0.0745,2402
0.171,285
-0.168,8995
-0.0322,6047
-0.257,9349
-0.102,9618
-0.102,7049
-0.0635,7849
-0.241,8811
-0.178,10040
0.0465,3864
0.0252,4212
-0.113,9861
-0.236,10429
0.226,480
0.0211,4173
-0.398,9806
0.744,1011
-0.122,9841
-0.00278,5323
0.205,1590
-0.0687,7064
0.0831,3855
-0.0825,4918
0.114,952
-0.0829,7596
-0.394,10454
-0.0751,8409
0.0864,2544
-0.00142,4945
0.32,63
-0.00514,5503
-0.0455,7674
-0.0803,8206
0.141,727
0.0437,3625
-0.0523,9085
-0.181,10097
-0.115,6835
-0.117,9533
-0.0929,6486
-0.0467,6392
0.185,198
-0.111,8718
-0.159,8439
0.255,1456
-0.0397,6725
-0.118,7303
-0.0133,6139
0.0144,4650
0.00941,4432
-0.53,10195
0.0389,1208
0.0843,3040
-0.219,9874
-0.224,7416
0.066,3654
0.101,2751
-0.412,10453
-0.254,8147
0.106,2622
-0.493,9897
-0.0624,6622
0.0158,4516
0.271,1023
-0.253,8105
0.232,737
0.0272,4161
-0.273,10096
-0.0634,7081
0.0967,2515
0.772,636
1.27,98
-0.0779,6380
-0.0295,6245
0.0665,2768
0.00725,4812
-0.188,9993
-0.0256,5707
0.27,1323
0.0834,3035
0.035,2512
0.0102,4654
-0.0826,7904
0.00445,4543
0.322,307
-0.13,7627
0.121,631
0.00138,5199
-0.00349,5145
0.0444,3898
-0.101,8665
-0.295,9352
-0.0926,7328
0.235,281
0.151,1342
-0.151,8928
-0.354,9963
-0.0472,5360
0.017,4551
-0.0394,6625
-0.175,9824
-0.123,7916
-0.0132,5593
0.175,2113
-0.0964,8464
-0.0393,6396
0.21,630
-0.137,8898
-0.0822,5853
0.234,431
-0.0575,7591
0.122,1942
-0.169,8661
-0.126,8544
-0.0246,5624
-0.342,9728
0.157,1365
0.105,498
-0.00794,5170
0.169,1878
-0.0845,6843
-0.167,7806
0.302,62
-0.0582,7136
-0.0575,6810
-0.117,7570
-0.0205,5401
0.471,718
0.0107,4234
0.0259,3357
-0.00964,5684
0.208,404
0.16,3211
-0.0256,6299
0.0584,2643
0.276,787
0.066,3356
-0.0788,6343
0.0594,3760
-0.0381,6082
0.127,1841
0.125,1424
-0.184,9725
0.00463,4748
0.167,1857
0.0193,4532
-0.0336,6225
8.35e-05,5208
0.0797,3197
0.338,350
0.111,2579
0.307,78
-0.177,10411
-0.0758,8931
-0.00718,5007
-0.38,9187
0.227,1452
-0.0195,5477
-0.0726,6773
-0.0812,8245
-0.06,7827
-0.0117,5556
-0.107,7741
0.0517,3525
0.0416,3809
-0.081,7016
-0.517,10395
0.265,815
0.246,1799
-0.149,8527
0.145,563
-0.162,8380
0.158,1760
0.0673,1295
0.00914,4712
-0.0334,5979
-0.0846,9081
0.123,1527
0.217,163
1.7,775
-0.196,7269
-0.184,8478
0.049,3237
-0.0953,8316
-0.0856,6317
-0.11,6673
-0.11,9225
0.0532,2960
0.0656,3750
0.264,180
0.0393,3266
0.0276,4383
-0.0549,6623
0.189,570
-0.0258,5780
0.165,602
-0.0169,5501
-0.0229,5803
0.1,3078
0.209,2069
-0.109,8363
-0.0816,7346
0.212,1028
0.224,448
-0.00352,5062
-0.133,8461
-0.00145,5272
0.0887,1032
-0.146,6255
-0.414,6735
-0.517,9654
-0.214,9196
0.0582,2368
0.0691,2374
-0.141,8865
-0.021,5621
-0.187,9753
0.221,313
0.0929,1598
-0.167,8119
0.216,1059
-0.104,7722
0.0585,2931
0.0178,4576
-0.123,8359
0.0979,2008
0.163,801
-0.00947,5248
0.00885,4987
-0.0342,5748
0.19,659
-0.0238,6359
0.158,1405
-0.0377,5901
-0.0438,5564
-0.153,6105
-0.136,8882
-0.0745,7898
0.209,1808
-0.204,8599
0.0333,3970
-0.0351,6523
0.0504,2943
-0.0401,6993
0.0492,2502
0.176,2072
-0.0363,6042
0.0379,3848
-0.0626,7480
0.177,549
0.00538,4813
0.19,1181
-0.0035,5258
0.315,1692
0.0162,4300
-0.077,7770
0.2,1402
-0.0916,6272
0.367,84
-0.208,9058
-0.0503,7378
0.386,376
-0.181,9762
-0.0196,5709
0.158,2607
-0.188,9190
0.166,648
-0.167,9913
-0.0966,8208
-0.0847,7576
-0.0361,5589
-0.13,9722
-0.0695,8570
0.285,1125
0.555,766
-0.0121,5499
0.0623,3216
-0.0601,6955
0.18,953
0.11,1312
-0.0991,7412
-0.14,8003
0.0827,2457
0.0356,3891
-0.153,8003
-0.0746,6701
-0.0968,7542
-0.0564,5746
0.177,2466
-0.0309,6189
0.0423,3823
-0.0232,5828
-0.0844,7592
0.0853,3206
-0.271,9358
-0.0223,6486
-0.00448,5201
-0.171,7724
-0.129,9728
-0.349,10306
0.0301,4380
0.198,840
0.00807,4939
-0.0464,8134
0.0615,3275
0.0952,2025
-0.209,10029
0.133,1002
0.124,1126
0.371,384
0.0467,3590
-0.102,8203
-0.359,9156
0.999,7
0.138,990
-0.135,8834
-0.0438,6307
-0.195,9801
-0.127,7285
0.0303,3963
0.105,1396
0.175,2786
-0.104,8598
0.00472,5005
-0.154,8592
-0.0429,6862
-0.158,9645
-0.0632,7801
0.241,1898
0.298,1108
0.037,4449
0.0505,3709
0.0768,2671
-0.0913,8822
0.061,3846
-0.272,10090
0.0799,3178
-0.297,10316
0.17,888
0.272,1611
-0.071,6372
-0.013,4828
-0.00036,3595
0.0732,3305
-0.0761,6987
0.181,1196
-0.15,9119
-0.0323,6380
0.102,1589
-0.323,9900
0.0923,2755
0.107,2511
0.0663,2041
0.111,604
-0.103,9259
-0.297,9412
0.295,572
-0.5,10448
-0.133,9253
0.0762,808
0.0257,4008
-0.161,8891
0.0208,4602
-0.226,8733
0.3,1282
-0.0456,6536
0.00863,4559
-0.127,8476
-0.242,9907
0.0946,2471
0.0133,4710
0.0862,1599
-0.387,9899
-0.116,5417
-0.177,8695
0.306,248
-0.0773,7269
-0.115,7256
0.0549,3693
0.164,1745
0.192,1224
-0.0468,7260
0.00991,4490
0.112,2067
0.068,3525
0.000203,5059
-0.102,7172
-0.124,9085
0.0183,4705
-0.0949,7243
0.114,2726
0.0581,3882
0.0279,4158
0.432,144
0.5,54
-0.156,8787
0.0588,3470
0.11,1776
-0.128,8713
1.77,827
-0.0305,5891
1.69,217
-0.00674,5646
0.0203,4229
-0.756,9024
2.16,464
0.3,697
-0.186,8426
-0.313,8998
0.0199,4375
-0.0589,7336
-0.218,8767
0.404,1027
-0.165,8453
-0.113,9215
0.0735,2565
-0.121,7827
-0.324,10402
-0.173,8420
-0.171,5450
-0.136,9986
0.139,1606
-0.223,9965
0.109,3314
-0.0131,5340
-0.0962,7428
-0.0762,8817
0.186,1837
0.118,2593
-0.0834,7669
-0.06,5915
0.273,933
-0.129,8259
-0.1,9011
-0.0335,6140
0.301,550
-0.047,6933
-0.063,6945
0.0057,4779
-0.0297,7186
0.47,211
-0.139,8781
-0.106,9258
0.5,26
-0.0613,7780
-0.0324,6426
-0.292,8549
-0.126,7054
-0.0315,5100
-0.216,9304
0.159,1759
-0.0985,7093
0.419,63
-0.1,6753
-0.139,7909
-0.147,8570
-0.113,8725
-0.123,7552
0.427,149
0.126,3124
-0.0223,5702
0.0525,3345
-0.103,9066
-0.121,8632
0.0478,2786
0.0727,2956
0.157,1751
0.0746,3301
-0.0479,6703
0.154,928
-0.0128,5633
0.0583,3486
-0.158,6336
-0.0577,8044
-0.183,9725
-0.181,10272
-0.158,8469
-0.113,6467
-0.106,8459
0.197,2059
-0.102,8669
-0.155,8122
-0.14,9028
0.061,2979
-0.0683,8256
-0.128,8954
-0.0549,7018
-0.0667,7262
0.0938,3079
-0.0304,6180
0.0436,3991
-0.17,8905
-0.116,9948
0.056,2971
-0.0975,7309
0.00141,4957
0.0299,3780
0.0908,2170
-0.0183,5944
-0.104,8191
-0.026,5551
-0.0252,5770
-0.171,8064
0.288,777
-0.152,9009
-0.115,9516
-0.0129,5395
-0.202,6160
-0.00875,5279
0.122,2223
0.111,2468
-0.104,8412
-0.28,10003
0.579,234
-0.0517,7726
0.0276,4083
-0.161,9205
-0.0493,6888
-0.388,6732
0.0732,3082
-0.112,8051
-0.34,8531
-0.00207,5255
-0.2,8983
-0.0856,7783
-0.223,10153
-0.158,9634
0.0195,4488
-0.0229,6637
0.0761,2226
-0.205,8916
0.339,550
-0.0527,6593
0.172,433
-0.134,10088
0.171,80
-0.0119,5332
0.303,433
-0.0578,7341
0.144,1800
0.00522,4861
0.239,323
-0.0395,6615
-0.188,8875
-0.193,8373
-0.144,9763
0.143,1246
0.118,2540
-0.257,7017
-0.00219,5301
0.25,1846
-0.0866,7836
-0.0867,9656
-0.237,8152
0.0479,3941
0.0194,4380
-0.0888,8519
-0.0526,6486
0.00271,4971
-0.297,10368
-0.478,10362
-0.352,10114
0.225,1907
-0.285,8295
-0.0783,7871
0.0681,2260
-0.0402,7131
-0.00844,5273
0.11,2641
0.0696,3324
-0.0493,6567
0.0531,3347
0.166,1487
-0.109,8588
-0.217,8153
0.146,2774
-0.0155,5562
-0.0215,6155
-0.0968,6922
-0.155,9830
0.506,321
-0.00812,4632
-0.0318,6659
0.308,568
0.15,1299
-0.0366,6418
0.106,2494
-0.0983,6198
0.0442,4326
0.511,83
-0.0365,6603
-0.269,10049
-0.197,9279
-0.0398,6494
-0.0215,5815
-0.0404,5876
0.195,2110
0.0547,3014
0.313,1396
-0.32,10010
-0.0401,7715
0.0512,2866
0.0302,4267
0.252,100
-0.237,9942
-0.097,8375
0.119,2645
-0.0894,8742
-0.13,8836
0.399,375
0.148,2666
0.116,1539
-0.273,10113
-0.0809,7055
-0.0115,5346
0.0461,3532
0.102,1854
-0.356,9553
0.00381,4831
-0.0223,5913
0.142,421
-0.0627,7907
0.0357,3904
-0.0216,5488
-0.361,9599
0.139,2290
-0.0771,7925
0.0193,4655
0.618,151
-0.163,8631
0.265,679
-0.0462,8924
0.0525,3758
0.336,120
0.141,2404
0.136,2752
-0.311,10353
-0.124,8182
0.248,460
0.184,1822
0.165,862
-0.199,10220
-0.0783,7859
-0.0464,7134
0.221,1043
-0.0867,8510
0.253,1879
-0.0715,6557
0.0547,3418
-0.1,9026
0.409,449
0.115,1363
0.0554,3530
-0.0359,7257
-0.00217,5129
-0.0427,7095
-0.0938,7493
0.228,344
0.0778,3342
0.0711,3843
-0.176,7851
0.14,2403
-0.159,8827
-0.283,9814
-0.168,5413
-0.275,9754
-0.175,7660
-0.0835,7763
-0.105,7809
0.229,233
0.235,91
0.714,49
-0.0703,9007
0.0085,4489
-0.0396,5825
-0.184,8435
-0.0465,7723
-0.197,7214
0.0355,3288
-0.0211,5879
-0.0772,6878
0.59,13
0.0169,4681
-0.18,8489
0.00613,4860
-0.154,9755
0.208,377
-0.0424,6493
-0.27,9654
-0.00938,5035
0.236,700
0.0985,1307
0.0722,2661
-0.722,10462
-0.143,7847
0.126,2204
0.104,967
0.171,588
-0.0303,6438
0.534,169
-0.233,8713
-0.0359,5742
-0.0504,7648
-0.00448,5448
-0.222,8954
0.233,1794
0.164,2771
-0.124,7000
0.488,692
-0.0497,6215
0.0763,3049
-0.0952,7999
0.123,3259
0.0207,4656
0.137,978
0.321,562
0.109,2943
0.0844,2225
-0.174,7736
0.359,1333
0.0821,1711
0.136,1496
-0.173,8747
0.0705,3416
0.0728,3306
0.186,1514
0.0528,3508
-0.284,10224
0.224,430
-0.0708,6698
0.26,2619
-0.142,7452
-0.034,6216
0.239,1023
-0.116,8301
0.252,475
0.166,1337
0.0737,2675
0.199,675
0.103,2110
0.0582,3385
0.156,3322
0.0841,2837
-0.0193,5450
0.0448,3640
0.141,301
-0.0149,5471
0.397,274
-0.089,8171
0.0822,3583
-0.0235,6537
-0.126,10082
0.334,742
-0.215,9860
-0.166,9193
0.059,3284
0.0124,4713
-0.104,8641
-0.064,6752
0.391,969
-0.159,8798
0.443,747
0.108,2517
-0.0214,6148
-0.116,7532
-0.0729,7278
0.0867,2616
0.0381,4200
0.0546,3042
-0.0723,8169
0.177,1052
-0.0378,6344
-0.231,9860
-0.0578,6391
0.037,4195
0.0768,2136
0.0893,2492
0.0623,2823
-0.408,10369
-0.0746,7551
-0.0643,7837
0.145,861
0.0542,4051
-0.107,6951
-0.0454,5817
-0.154,9385
0.0635,2339
0.108,811
0.133,2042
0.214,2090
-0.345,7973
-0.255,6460
-0.0566,6768
0.0371,3433
0.212,918
0.0742,2783
-0.195,9996
0.28,1277
-0.142,9607
0.0112,4622
-0.00481,5149
0.12,2358
0.0217,4461
0.137,2702
-0.0397,6772
-0.0801,7725
0.0132,4654
-0.0942,7911
0.126,1813
-0.16,8773
-0.0496,7022
-0.0419,6722
-0.163,9369
0.16,1368
-0.0796,6548
0.0415,3879
0.0356,3311
-0.0777,5746
-0.0637,8099
0.0514,3548
0.107,2700
0.215,2273
-0.0329,6166
-0.0854,8849
-0.0102,5190
-0.0628,6558
0.27,1022
0.566,664
0.207,1510
0.181,2007
0.249,1434
0.0778,3320
-0.0587,6292
0.0397,3671
0.0662,2571
-0.186,8950
-0.0753,8478
-0.0909,6737
0.0154,4732
-0.266,7975
0.0758,2622
-0.296,7003
-0.127,8062
-0.146,8222
-0.084,7460
-0.124,8795
0.0383,3362
0.13,2348
-0.0396,6416
-0.124,6484
0.0609,1911
0.548,2
0.237,133
-0.049,6430
-0.19,9479
-0.201,9273
0.374,145
0.173,1233
0.251,1673
0.0437,4266
-0.188,9202
-0.135,8210
-0.105,8445
0.0159,4645
0.163,130
-0.187,7825
-0.382,8012
0.697,167
0.0478,3518
-0.142,8478
0.00567,4705
0.0673,3103
0.0597,3577
0.0613,3772
-0.0544,7061
0.0096,4929
0.0751,2229
0.0505,3715
-0.142,9178
-0.324,9318
0.355,1070
-0.154,9372
-0.0498,7686
0.0221,4181
0.0689,3239
0.15,2965
0.209,3056
0.0724,1944
0.0359,3341
-0.142,8023
0.355,605
-0.00988,4694
-0.14,9188
0.32,76
0.202,142
-0.0835,7373
0.00994,4843
0.0476,2966
0.123,574
0.138,426
-0.0834,8082
-0.0357,6133
-0.0608,7473
-0.17,9427
0.0326,4072
-0.0899,7581
0.0644,3265
0.35,431
-0.0132,5345
-0.45,10403
-0.24,9251
0.169,1395
-0.228,10212
-0.016,5498
-0.0643,6112
-0.0274,4871
-0.346,10370
-0.0529,6937
-0.105,7465
0.504,426
-0.0197,6641
-0.171,9913
-0.0405,6202
-0.0304,6647
0.213,173
0.114,3377
0.0902,2730
-0.148,8667
-0.0485,6472
0.174,1244
-0.123,8473
-0.0646,7299
-0.0504,6365
-0.0848,7112
0.0574,3763
0.0643,3535
-0.119,8147
-0.175,9422
-0.193,6360
0.276,1253
-0.263,9689
-0.0751,6545
-0.0996,8282
-0.0314,5755
-0.0656,7350
0.0756,3143
-0.0409,7742
0.153,722
0.0419,2718
-0.0722,6551
0.178,2568
0.0436,3010
0.314,302
-0.054,7220
0.125,2024
0.14,2063
0.128,1739
0.567,475
-0.154,7472
-0.112,9035
0.0063,5055
0.175,744
-0.0573,8176
-0.0288,6501
0.059,3015
0.0257,4482
0.0153,4510
0.221,329
-0.117,8316
-0.0566,6927
-0.0226,5986
-0.342,9911
0.0309,4132
0.296,1509
-0.203,8198
0.0474,2742
0.272,235
-0.13,8205
0.0938,2205
-0.0105,5445
-0.000431,4898
0.00292,4992
-0.0593,6866
-0.199,9535
-0.105,6406
-0.144,9393
-0.0914,7881
-0.128,9372
-0.0132,5376
0.173,1015
0.116,979
-0.0271,5999
-0.132,8937
-0.0514,6278
0.429,387
0.156,1616
-0.141,7320
0.0739,2236
0.0575,2721
0.271,1644
0.0892,2811
0.322,469
0.0391,3759
-0.176,9757
0.22,1170
0.0951,2516
-0.0945,8181
-0.171,7904
0.0239,4399
-0.065,7191
0.106,845
0.000193,5053
-0.216,9353
-0.306,9786
0.146,2151
0.158,2279
-0.0306,6681
0.205,1601
-0.0171,5414
0.0509,3185
1.09,2
0.00265,5066
-0.116,9273
0.435,1045
0.19,2698
0.0604,3916
-0.0578,7222
0.0367,2502
0.0754,1932
-0.442,9571
-0.082,5730
-0.331,10207
-0.0091,5249
0.141,1519
-0.0713,6458
-0.0359,3354
-0.193,4674
-0.225,3687
-0.203,7476
0.0798,2289
0.0515,3915
0.0238,4479
-0.29,5799
0.286,887
-0.0253,6104
-0.0359,7759
-0.0724,6841
0.00154,5067
0.0411,3663
0.397,985
0.112,2097
-0.228,10360
-0.092,6566
0.068,3135
0.0851,3646
-0.0474,6894
-0.0462,6197
0.126,1090
0.333,419
0.0904,3102
-0.367,10214
0.22,40
0.516,162
-0.0722,8179
-0.142,8460
-0.24,9687
0.0699,2990
0.00902,4949
0.225,878
-0.0863,7935
0.123,1396
-0.168,8640
0.879,251
0.298,174
-0.0669,9664
0.114,1727
-0.206,8659
-0.0351,5918
-0.181,7967
0.219,167
0.159,990
-0.0678,6365
0.224,1742
0.0129,4429
-0.203,7895
0.0826,3464
0.0269,3972
-0.0143,5364
-0.167,8159
-0.0387,6532
-0.396,8922
-0.1,8841
-0.238,10397
-0.171,9404
0.495,19
-0.08,6826
-0.179,9134
-0.15,8655
-0.102,7066
-0.0247,5498
-0.151,8412
-0.298,9804
0.111,3297
-0.0501,6248
-0.195,10234
0.00478,4919
0.158,1453
0.0659,3168
-0.0591,6171
0.0117,4421
0.199,266
0.0506,3978
-0.25,7465
-0.424,9760
-0.0686,6077
0.0509,3710
-0.152,10125
0.109,2100
-0.16,7094
0.0782,3841
-0.0379,6246
0.145,2855
-0.0399,5640
-0.112,8036
0.0862,3218
-0.0304,5023
-0.0458,6908
-0.111,8644
0.0489,3220
-0.08,6959
0.1,2415
-0.233,10010
0.0749,2652
0.0396,4135
0.0552,2358
-0.115,7014
-0.081,6887
-0.0449,5648
-0.0575,6118
0.00989,4639
-0.151,10175
0.0614,3669
0.0333,4158
-0.0657,5820
0.0671,4004
-0.0338,6506
-0.0451,7046
-0.141,8360
0.134,2040
0.155,2780
0.0937,2968
0.0712,1244
-0.0549,7606
0.201,1522
-0.00655,5083
0.0405,3897
0.0759,3268
0.0174,4454
-0.0571,7234
-0.055,6922
-0.136,6026
-0.228,7584
-0.144,8471
0.193,563
-0.0895,8017
-0.284,10415
0.00848,4926
-0.0181,5697
-0.0368,5943
-0.209,10281
-0.0993,8905
0.149,1667
-0.139,9188
0.00456,5037
0.826,1
-0.0497,8102
0.296,355
-0.0473,5793
-0.164,7870
-0.283,8965
0.424,1239
-0.116,8870
-0.0495,6765
-0.0391,6038
0.0512,3585
0.101,2517
0.0462,3985
-0.17,10193
0.174,384
-0.128,9041
0.0798,3464
-0.0881,6607
-0.122,8390
0.054,1965
-0.133,9002
-0.114,8298
-0.173,9903
-0.181,9974
-0.124,7633
0.107,3159
0.0261,3506
0.0275,4299
0.172,1224
0.0913,2390
0.0366,4345
-0.00459,5389
-0.163,10094
0.214,451
-0.0396,5627
0.317,978
-0.13,6436
0.232,179
0.194,768
0.0333,3764
-0.062,7401
0.154,1404
0.341,241
0.00473,4831
-0.257,10470
-0.0118,5680
0.0316,4235
-0.414,9197
0.114,2356
-0.0422,6376
-0.0975,7247
-0.147,9064
-0.23,9150
-0.105,7543
0.641,1008
-0.0214,5817
-0.0316,6230
0.0304,4215
-0.111,8323
0.323,1570
-0.0435,5992
-0.123,8981
0.117,584
-0.216,10014
0.105,2085
0.313,624
0.451,1141
-0.066,6931
-0.27,10278
-0.0176,4931
-0.487,9743
0.0188,4391
-0.0376,6248
-0.173,9123
0.206,756
-0.0976,7764
0.0703,3106
-0.0869,7316
-0.0278,5656
0.259,191
-0.00169,5244
0.128,1863
0.36,21
0.351,782
-0.178,7641
0.0829,2597
0.0342,2772
-0.203,7124
0.29,354
0.00408,4950
-0.0681,8300
-0.059,7874
-0.166,9486
0.0128,4588
0.309,411
0.223,1980
0.0104,4155
0.0453,2825
-0.0227,6111
0.0845,3614
-0.256,9281
0.063,3365
0.348,358
0.116,573
0.118,1604
-0.192,9461
0.487,133
0.203,1493
0.0785,2307
-0.0821,9219
0.205,202
-0.0505,6342
0.0734,3167
0.374,842
0.306,992
0.26,970
-0.0432,7614
0.494,374
0.155,1283
0.152,2777
0.0541,3370
-0.00794,5833
-0.00106,5247
-0.136,7780
-0.199,8037
-0.0853,7124
-0.231,10391
-0.0714,9310
0.0828,2138
0.0775,2925
0.0116,4887
0.434,835
0.419,267
-0.177,10028
-0.126,9603
-0.125,6525
-0.235,8807
-0.264,10137
-0.0207,5189
-0.000266,5159
-0.104,8088
-0.0404,6232
-0.0523,6582
-0.339,10232
-0.0122,5800
-0.101,4354
0.0513,3957
-0.319,9311
0.00835,5063
-0.184,7806
0.25,959
-0.038,7675
-0.124,8261
-0.533,8627
0.0109,4809
0.185,2353
-0.081,6138
-0.00799,5580
-0.143,10221
-0.538,8117
0.287,2926
-0.191,5168
-0.000681,5069
0.105,3695
-0.233,8143
-0.00218,4920
-0.379,9797
-0.0509,6979
-0.0445,6676
-0.296,5419
1.92,446
-0.175,7475
0.00456,5033
-0.0232,6331
0.367,2962
-0.0642,5715
0.29,1817
-0.0332,5562
-0.079,7176
-0.84,9257
0.0124,4585
0.112,759
-0.333,10309
-0.0334,6204
-0.318,10207
-0.222,5368
-0.0732,6910
0.123,3058
0.198,1303
-0.0634,6835
-0.394,7379
-0.0404,5529
0.0223,4400
0.685,785
0.0157,4952
0.119,1848
-0.271,8249
-0.0501,6077
-0.154,8128
-0.177,4877
-0.0518,7045
-0.191,10018
-0.0658,6849
-0.0449,7100
0.116,2680
0.258,777
-0.0651,7618
0.148,667
0.241,1111
0.0693,3680
-0.34,10374
-0.0762,7136
0.106,2119
-0.0898,6360
0.302,131
0.0386,3642
-0.0246,6779
0.00742,4858
-0.0345,6228
0.0135,4617
0.0459,3352
0.102,808
-0.102,8616
-0.449,7905
-0.413,7348
-0.0229,4963
0.109,3526
-0.525,9989
-0.172,9609
0.0777,3059
-0.261,8537
-0.0261,5942
-0.182,9913
-0.107,9893
0.294,289
0.114,2508
-0.0716,8219
-0.136,7904
0.0138,4497
-0.0344,6258
-0.0532,5054
0.0567,3187
0.108,2088
-0.13,7518
-0.0605,7736
-0.0052,5513
0.056,3152
0.0381,3855
0.0928,1796
-0.089,7958
-0.0674,7394
-0.028,5611
-6.48e-05,5256
0.131,2302
0.1,2223
0.169,1648
0.00953,4494
0.0616,2976
-0.28,9924
-0.0792,8093
-0.212,8252
-0.0692,6740
-0.00916,5548
-0.0574,10013
0.0949,2769
0.0202,4400
-0.00774,5441
0.145,1127
0.144,1778
0.0185,4325
-0.112,7913
-0.115,6475
-0.126,7325
0.262,241
-0.155,9567
0.049,4042
0.0276,4063
0.181,2239
0.042,4064
-0.0357,5695
-0.0453,7821
-0.08,8585
-0.0104,5449
0.00396,4892
0.0498,3673
0.25,1303
0.0615,3312
0.144,922
-0.0321,7194
-0.152,8816
-0.232,9719
0.16,744
0.0391,4143
-0.0402,6441
0.079,3247
-0.157,8188
-0.133,6895
0.0849,3717
0.105,1021
-0.0298,6590
-0.162,10129
0.111,2014
0.268,2118
-0.145,10184
0.000462,4969
0.0121,4799
0.267,801
0.136,2399
0.192,1190
0.229,549
-0.216,9956
-0.176,10341
-0.00216,5065
-0.0828,7547
0.0341,4439
-0.407,8915
0.0139,4412
-0.0387,7143
-0.318,9249
-0.0219,5367
-0.488,9966
-0.151,6201
-0.0623,6387
-0.308,9740
-0.145,5982
0.262,733
0.997,521
0.208,1482
-0.218,8342
0.0999,3482
-0.0621,7018
-0.165,10146
0.531,239
-0.0612,6149
-0.0785,9799
-0.0509,6242
0.211,68
-0.0768,7799
0.0147,4285
0.221,808
0.0246,3914
-0.106,8869
0.195,1123
0.159,1621
0.17,1833
-0.00299,5038
-0.0588,7182
-0.0364,6799
0.205,1112
0.244,1008
0.0787,3625
0.117,2045
0.0566,2334
0.00922,4817
0.0129,4654
0.0248,3931
0.137,2597
0.098,3594
-0.0433,7494
-0.0477,7785
0.0186,4526
0.0188,4533
-0.0908,9671
-0.0763,7092
0.0136,4311
0.287,92
-0.12,6784
0.0355,4274
-0.222,8991
0.0471,3833
0.0351,4143
0.0253,3499
-0.129,8665
0.0724,2814
0.0605,3258
-0.013,5236
-0.0806,7786
0.243,98
0.0462,3419
-0.181,10182
-0.0685,6928
-0.0804,6538
-0.157,9961
0.00474,4881
0.0385,3874
-0.095,6146
0.339,685
0.143,1098
0.18,807
-0.1,7015
-0.13,8076
0.108,969
0.166,1118
-0.409,9853
-0.376,10071
0.273,165
-0.298,10091
0.114,1932
-0.143,7752
0.0473,3686
-0.328,10248
0.102,2505
-0.269,9934
-0.134,7627
-0.0818,6302
-0.0555,6343
-0.0348,7046
0.00416,5151
0.0639,3543
0.185,1549
-0.198,2688
-0.0217,6309
-0.0267,6099
0.0765,2594
0.61,147
0.489,1899
-0.349,10161
0.366,991
0.00485,4883
-0.166,8501
0.113,3347
-0.15,9774
0.0413,3195
-0.111,9030
-0.176,9200
-0.0907,8788
0.215,288
-0.0696,7918
-0.085,6781
0.0795,3319
0.0632,2205
-0.343,10075
0.00603,4874
0.118,2479
0.444,298
-0.168,6639
-0.177,8831
-0.0435,8106
-0.0134,5329
0.0414,3831
-0.113,8820
0.12,2242
-0.114,7339
0.0497,2012
-0.314,4461
-0.404,6102
-0.199,4166
-0.126,5354
-0.131,5164
0.877,1424
1.34,996
-0.331,10036
0.0141,4567
0.16,1333
-0.0301,6281
-0.161,9693
-0.0846,7026
0.084,3013
-0.121,8069
0.101,2559
0.0603,1798
-0.18,8868
-0.0615,6306
0.0685,3950
0.215,783
-0.0528,6572
0.0807,3493
-0.106,8256
-0.142,9699
-0.153,9375
-0.0993,6762
-0.0567,8129
-0.101,9715
0.184,457
0.0761,1570
0.0462,3590
0.0691,3955
0.194,129
3.61e-06,5098
-0.0352,5744
-0.0822,7607
0.0775,3381
-0.336,9423
-0.247,10211
0.00528,4820
0.116,2754
0.0537,3869
-0.0808,7393
0.114,1826
-0.117,8935
-0.159,7104
-0.0814,6936
0.168,2726
0.11,1814
0.00728,4974
-0.0545,7261
0.335,693
0.0622,3972
-0.118,6968
-0.141,7264
0.218,290
0.136,2096
-0.12,8528
0.0434,3865
0.0864,3419
0.265,60
0.0044,5077
0.229,1258
-0.0458,6255
-0.0547,6881
-0.0275,5729
-0.138,9310
-0.164,10253
0.00807,4633
0.104,2171
0.135,2686
-0.0335,5408
-0.00679,5272
-0.0331,6885
0.182,792
-0.117,9771
0.151,1873
-0.196,9059
-0.145,9768
-0.11,7778
0.112,1817
-0.0155,5669
-0.1,8485
0.143,2059
0.165,596
0.0687,2252
0.13,1358
0.0916,2314
-0.0462,6116
-0.0232,5916
0.00573,4776
-0.0274,6218
-0.0495,7041
-0.00288,4928
-0.000608,5154
0.123,1443
0.0304,3759
-0.0342,6840
0.307,479
0.287,385
0.216,1471
-0.0345,5662
-0.0407,7155
-0.0989,9400
-0.193,8368
-0.119,8151
0.0522,3395
0.0296,4257
-0.116,8503
0.00135,5045
-0.0747,7178
0.0726,3325
0.0599,3639
-0.0306,6882
0.0364,4162
-0.159,9404
0.0756,3913
0.453,641
0.0179,4693
0.048,3346
-0.0719,8072
0.0284,4437
-0.277,8639
-0.117,7099
-0.364,9798
-0.207,10104
0.0169,4422
-0.035,6565
-0.0464,6210
-0.0601,6535
-0.223,8616
0.0754,1674
0.0821,1295
-0.259,5343
0.161,2203
0.116,2357
-0.156,8750
-0.0592,8548
-0.282,10463
-0.214,9544
-0.00512,4967
-0.103,8578
-0.302,10036
-0.163,10115
-0.0356,6837
-0.124,9783
-0.206,10014
-0.14,9303
-0.031,6045
0.0337,3425
-0.0143,6077
-0.105,9086
-0.334,10230
-0.247,9726
0.201,1106
0.339,356
0.293,745
-0.142,7738
0.114,2025
-0.291,10126
-0.212,8247
-0.0296,5861
0.0334,3181
0.0197,4266
-0.0729,8521
0.0397,4109
-0.0526,6991
0.257,421
0.0231,3952
-0.0927,9124
0.725,2
-0.127,9474
0.0594,3449
-0.0186,5623
-0.0048,5330
0.285,1856
-0.133,6081
-0.395,10384
-0.0582,5813
-0.149,8768
0.0963,1728
-0.0235,5495
0.273,884
-0.0439,5436
-0.185,7293
0.0562,3009
-0.145,9317
-0.0144,5996
0.0368,4245
-0.372,10379
-0.195,8830
-0.133,10238
-0.0261,6523
-0.29,10058
0.13,1859
-0.148,6487
-0.245,8902
-0.0979,8000
-0.186,5594
-0.0148,5148
-0.125,7312
0.572,93
-0.00166,5334
-0.0493,7483
-0.267,8685
0.0268,4206
0.251,314
-0.284,8657
-0.0851,7630
-0.108,8253
-0.0369,5808
0.0388,3597
0.696,1086
0.097,3144
0.0396,3600
0.35,106
-0.00215,5244
-0.206,7186
0.00792,5124
-0.0727,7135
-0.13,9325
-0.0835,7615
-0.135,8354
-0.0768,7649
-0.0759,8627
0.332,665
-0.371,10447
0.165,357
-0.00389,5494
-0.132,7277
-0.0708,7489
0.2,614
0.12,2363
0.00609,4599
0.19,456
-0.154,9895
0.00375,5018
0.153,1249
-0.0699,7138
0.0449,3141
-0.0773,8003
0.148,1787
-0.202,8531
-0.165,9997
-0.063,6736
0.0389,4005
0.109,1580
0.0231,4543
0.134,2000
0.173,1204
-0.0805,4928
-0.026,5681
0.0411,2032
-0.131,10214
-0.173,9761
0.048,3678
-0.0856,7456
-0.144,9664
0.195,893
-0.00849,5398
0.268,1852
0.29,500
0.0197,4490
-0.0427,7372
0.0534,2810
0.142,736
0.0901,1757
-0.32,8223
0.26,1622
0.0178,3884
-0.0294,6398
-0.123,7306
-0.266,10403
0.289,865
0.163,1073
-0.199,9639
-0.0871,7504
0.0249,4143
0.118,3439
-0.257,9601
-0.183,10131
0.173,984
0.0512,2517
0.0707,3001
0.0265,4196
-0.15,8606
0.0427,3747
-0.0761,7682
0.197,907
0.0884,2671
0.0855,1908
0.118,2091
-0.0216,6088
0.128,917
0.0287,4050
-0.0191,6054
0.0319,3949
-0.234,9886
-0.188,9136
0.0312,3685
-0.0186,6932
-0.00678,5121
-0.00415,5184
-0.0162,5247
-0.064,6539
-0.259,10218
0.102,970
-0.134,8283
-0.122,10114
-0.0441,6768
-0.0513,8569
0.145,1554
0.0442,2853
0.219,456
0.0934,1921
0.967,225
-0.0757,6652
-0.0136,5627
0.115,2452
-0.233,9514
0.13,1302
-0.443,9807
-0.108,8408
0.516,320
0.0822,3080
0.00303,4665
-0.151,8695
-0.0819,7060
0.0334,4376
0.012,4772
-0.0406,7010
-0.0364,6497
-0.0712,5533
0.101,2535
0.121,1542
0.439,207
0.0148,4331
-0.159,8810
-0.156,9321
0.0728,3554
-0.00579,5053
-0.0357,6306
-0.0616,8119
0.204,1111
0.355,756
0.0955,2616
0.224,1553
-0.0292,6214
-0.187,9863
-0.246,10357
-0.234,9539
-0.0226,5480
0.264,894
0.0112,4231
0.108,968
-0.0854,7617
0.161,1882
0.0745,2847
-0.0498,6004
-0.0217,5802
-0.0739,7170
0.0649,2516
-0.0761,7931
-0.126,8319
-0.0758,6762
0.24,807
-0.163,9096
0.055,3808
-0.162,9250
0.386,295
-0.0779,8525
0.225,418
-0.141,9944
0.0956,1439
0.0572,2532
0.0681,2652
-0.0835,7057
-0.0731,7729
0.0286,4030
-0.0398,6828
-0.0973,8814
-0.0763,6935
-0.0907,6602
-0.0609,9565
0.194,338
-0.0802,6629
0.271,342
-0.176,10255
0.365,298
-0.104,8819
0.0139,4631
-0.0902,7784
-0.102,7612
0.216,1211
-0.171,9146
-0.146,9628
0.0262,3808
-0.0405,6368
-0.0721,5913
-0.191,10080
0.0852,3584
-0.00663,5206
-0.0393,7278
0.0408,2953
-0.185,9849
-0.241,10176
1.3,1134
-0.0249,6437
0.146,2497
0.00801,4612
0.0321,4228
0.0283,4044
-0.0603,5777
0.113,1581
-0.0359,7988
0.24,142
-0.129,6855
0.191,695
-0.191,9475
-0.00478,5325
-0.163,9416
-0.132,6706
0.127,2608
0.0833,2886
-0.0351,6829
-0.0374,6111
0.00439,4909
0.105,2591
-0.0793,7621
0.0743,3693
-0.0469,6682
-0.251,8505
-0.326,7962
0.00439,4987
-0.0825,9015
0.031,4237
-0.085,6785
0.187,667
-0.411,8877
0.0366,3741
0.0776,2530
0.118,1224
-0.0266,5826
0.168,942
0.23,2244
-0.0769,8508
0.088,1644
-0.0629,6149
0.162,1044
0.0682,3236
-0.349,9475
0.00187,5064
0.103,764
-0.0343,5797
-0.0299,5936
-0.0696,7109
0.182,2008
-0.0275,8105
0.0111,4968
0.00632,4748
-0.0429,5856
-0.0792,8440
0.058,3101
-0.0128,5688
-0.0176,5961
0.0558,3880
-0.00945,5321
0.0624,3380
-0.414,10026
-0.147,9396
0.00679,4877
-0.171,9804
-0.016,5046
0.0109,4744
-0.0834,7880
0.171,989
0.0275,3749
0.0597,3738
0.0301,4390
-0.255,8152
-0.0256,6691
-0.0563,6459
0.0513,3071
-0.15,8922
0.0772,2870
-0.182,9608
0.109,3086
-0.115,9523
-0.135,8898
0.00334,4873
-0.122,8664
0.0272,4357
-0.265,10201
-0.061,8221
0.0357,3593
-0.209,9157
-0.154,8172
-0.0886,6488
-0.159,6873
-0.0567,7080
-0.118,9634
-0.0732,7918
-0.106,6534
-0.0858,7629
0.124,1040
-0.144,9915
-0.262,10292
0.0147,4517
-0.0534,5657
0.0862,2485
0.0238,4176
0.102,2163
0.106,2973
0.0121,4671
0.0963,2605
0.0569,3782
-0.00323,4996
-0.0916,9264
-0.0724,8041
-0.39,10164
0.0881,2715
-0.0378,5767
-0.0822,7926
-0.00293,5091
0.265,438
0.653,115
-0.0227,5422
-0.0667,7128
-0.493,7456
0.0986,2160
-0.0631,8467
0.065,3314
0.0523,3449
-0.102,9260
-0.0462,6049
0.026,4048
-0.094,8612
0.0233,4324
0.0475,2359
-0.0396,6324
-0.0986,7816
0.00659,4683
-0.109,9038
0.156,2277
-0.0821,8767
-0.0349,5549
0.0207,4142
0.109,1167
-0.0269,6271
-0.203,9641
-0.0231,6667
0.096,2646
0.0319,3863
-0.0201,5640
-0.0798,7659
-0.0468,5790
-0.0362,5989
-0.00595,5290
-0.329,9133
0.0613,3767
-0.16,8590
0.148,1345
0.977,8
-0.157,7631
0.0944,2711
-0.075,6355
-0.11,7530
0.198,1418
-0.0962,7962
0.0454,3382
0.0981,2942
-0.169,9677
0.0506,3493
0.131,3490
0.182,2983
-0.304,9637
-0.0808,6790
-0.043,7219
0.116,2523
-0.00104,4971
0.0637,2137
-0.0967,8052
0.0883,2887
-0.0101,6246
-0.0687,7842
0.0281,4246
0.302,208
0.0327,3957
0.483,523
0.0439,3474
-0.0115,5366
-0.13,7609
0.34,1191
0.409,679
0.137,1668
0.162,995
-0.182,10183
0.145,1531
-0.139,8791
-0.243,5281
-0.132,8363
0.103,2271
-0.355,10369
0.024,4113
0.0265,4260
0.0815,2178
-0.153,9472
0.0845,1841
-0.0534,6624
0.215,1151
0.0771,3353
0.324,152
-0.124,7877
-0.00368,4875
-0.136,8703
-0.18,9368
-0.0535,6864
-0.177,7588
-0.143,9159
-0.106,9939
0.159,653
0.255,398
-0.124,9153
0.189,1965
-0.13,9537
0.0908,2608
-0.0592,9428
-0.078,7378
-0.336,10272
0.273,2095
-0.18,9160
-0.0522,7313
0.0836,2726
-0.0807,8761
-0.1,7854
0.0863,1510
0.17,720
-0.0561,7731
0.251,619
0.287,1580
0.654,1548
-0.0392,3646
-0.0617,6087
0.198,2702
-0.00944,5543
0.055,3266
-0.11,7621
0.339,513
0.388,2115
0.0798,3021
0.107,739
-0.0273,6368
-0.0668,7590
0.0981,1020
-0.0517,5958
0.171,370
0.0936,1100
-0.295,8192
0.0979,2903
-0.159,7846
-0.206,7094
0.276,160
0.0815,2672
0.201,1160
-0.117,8530
0.0355,4034
-0.104,8903
0.189,219
-0.0535,6718
-0.137,8608
0.185,545
-0.0531,7057
2.52,533
0.0574,3658
0.0245,4155
-0.0843,8580
-0.0404,7383
0.155,1702
-0.0478,6637
-0.13,8327
-0.131,8169
-0.186,9318
-0.0455,6853
-0.315,10243
-0.0179,5761
-0.0788,8400
-0.063,7748
-0.0607,7278
-0.0782,6474
0.0364,3612
0.22,855
-0.0942,9071
0.0785,2533
-0.102,7068
0.0612,2292
-0.0334,6781
-0.162,8036
0.081,677
-0.089,9161
-0.141,9480
-0.0444,4945
-0.0908,6693
-0.21,9090
0.105,1189
0.0666,3347
-0.146,8253
0.276,1760
0.521,456
-0.197,9279
-0.0645,6963
0.292,116
0.184,2939
-0.0407,6548
-0.101,7126
0.00325,4570
0.119,1123
0.0259,3999
-0.142,8387
0.386,595
-0.00909,5254
-0.133,7870
0.0572,3402
-0.105,8776
0.0147,4448
-0.0684,7700
-0.153,8146
0.0106,4581
0.173,530
0.114,963
-0.0699,7671
0.161,2048
0.0921,2544
-0.01,5531
-0.135,9463
0.0154,4467
-0.0888,7389
-0.131,7893
-0.35,6195
0.278,1008
0.0545,2984
0.041,3202
0.0782,3119
-0.0196,5597
0.945,200
-0.184,10448
0.161,219
0.0258,3854
0.324,193
-0.0777,7134
0.233,1969
-0.128,6721
-0.0685,8234
-0.0825,6602
-0.136,6859
-0.16,9049
-0.12,6838
-0.168,9407
-0.0474,6175
-0.00331,5396
0.00885,4739
-0.299,9263
-0.0806,8988
0.303,415
-0.167,9733
-0.117,9052
0.201,2495
0.209,1976
-0.592,10294
-0.00949,5472
-0.0644,7284
-0.113,8282
0.121,2489
-0.0866,6958
-0.146,6956
0.17,675
-1.31e-05,5046
0.054,3547
0.0176,4423
0.0887,2936
0.0276,4437
0.0753,2729
-0.191,8815
0.016,4718
0.00961,4481
-0.109,8115
0.032,4358
-0.104,6590
0.239,369
0.0507,3619
0.0446,3672
-0.372,10432
0.0775,2559
-0.317,10364
0.0623,2710
-0.161,10222
0.0686,3404
0.0803,2979
0.107,2674
0.0538,3895
0.239,172
0.0357,3155
0.144,1286
0.0403,3172
-0.136,6593
-0.114,6353
-0.219,9924
-0.108,8464
0.00576,3736
0.282,757
0.188,1056
-0.159,9821
0.0247,3663
0.103,1840
0.0805,2270
-0.175,9092
0.00032,4907
-0.0588,6363
0.106,3150
0.103,1617
-0.198,10390
-0.161,9820
-0.412,9630
-0.181,9595
0.386,1296
-0.0222,6001
-0.013,5455
0.029,4299
-0.0279,6004
-0.101,8450
-0.21,9432
-0.11,9024
-0.0904,8044
0.417,446
-0.112,7717
-0.0337,5545
-0.306,7582
-0.0536,7015
0.041,3751
-0.113,8787
0.261,770
-0.318,8138
-0.00958,5501
-0.106,8695
0.0263,4198
0.0714,3754
-0.0153,5848
0.294,537
0.11,1495
-0.268,9403
-0.0919,8514
0.257,517
-0.239,9988
0.0606,3380
-0.0281,5908
0.0324,3612
0.134,625
-0.019,5893
0.011,4858
-0.111,6068
-0.0938,7965
0.0677,2530
-0.0245,6210
0.0311,4226
0.756,1589
0.641,706
-0.188,8346
-0.0771,8035
0.236,1565
0.0962,3661
-0.0161,5788
-0.155,8479
-0.0386,5865
-0.0476,6808
-0.0847,7525
0.234,895
0.0119,4877
0.0831,2807
0.349,355
-0.264,9477
0.141,521
-0.186,9300
-0.105,7961
0.0774,3650
-0.241,9349
0.0932,2475
-0.143,9907
-0.113,8021
0.226,2436
0.133,437
0.0277,4502
-0.13,9225
0.0899,370
0.0925,1604
-0.175,6273
0.597,335
-0.0478,7147
-0.134,9339
0.169,235
-0.231,9536
-0.114,7388
-0.0429,5524
0.0909,3597
0.0104,4551
0.166,1962
0.0767,3058
-0.0479,6253
-0.0523,6553
0.322,1797
0.0738,2677
0.22,714
0.0843,3327
-0.0368,6412
-0.00339,4993
0.22,1462
-0.0558,7067
-0.184,10068
0.031,3979
-0.0181,5826
-0.0972,8998
0.139,1828
-0.166,8862
0.121,1525
0.128,1347
0.00355,5080
-0.0991,8438
-0.106,7454
-0.0486,7591
0.1,228
-0.159,8643
-0.199,9812
-0.491,10057
-0.125,8879
-0.0571,7193
0.0404,3886
-0.323,10192
-0.0577,6979
0.37,12
0.079,544
-0.116,8667
-0.126,8337
0.0185,4383
-0.149,9430
0.0485,3913
0.0063,4989
0.0139,4565
-0.147,9633
-0.166,9039
-0.0117,5322
0.0746,3516
0.153,2359
0.144,514
0.0847,2860
0.155,2132
0.175,242
0.367,943
-0.0646,8007
0.0505,3818
0.149,1061
0.00676,4886
0.105,2524
-0.062,6097
-0.27,7461
-0.0624,6661
-0.00183,4989
-0.201,8685
0.0456,3162
-0.24,8162
-0.171,8228
0.0202,3660
0.0831,2213
-0.0536,7475
-0.0909,8164
-0.0286,6567
-0.0987,7483
-0.0953,8211
-0.0188,5990
0.0781,3048
0.492,163
-0.133,7326
-0.145,8333
-0.0224,6152
-0.0181,6128
0.0537,3760
0.361,455
-0.269,8494
-0.271,10159
0.0526,3150
-0.26,8716
-0.272,9026
0.0641,4019
-0.49,8266
0.762,72
-0.251,10045
-0.204,9681
-0.0833,6590
-0.268,8794
-0.123,8841
-0.00887,5641
-0.303,10443
0.722,195
-0.325,10253
0.0154,4534
-0.00093,4845
0.0596,2946
-0.106,9612
0.558,64
-0.0911,7782
-0.317,10125
-0.127,6914
-0.0493,6891
-0.109,9681
0.026,3964
0.0419,4211
-0.151,8122
0.856,398
-0.0326,6080
-0.0378,7779
-0.133,7028
0.223,1223
0.119,3250
-0.00839,5446
-0.083,8638
0.101,2344
0.0796,1917
-0.0423,6140
-0.0747,7394
-0.00186,5020
-0.106,10051
-0.0723,8403
-0.0566,6161
-0.155,8790
-0.0422,6922
0.171,2047
0.0771,2084
-0.0839,8413
-0.0671,8031
-0.105,7529
-0.114,7760
-0.392,10371
-0.107,9034
0.0248,4139
0.00214,4977
0.00459,4690
-0.0312,5166
-0.226,8381
0.0528,2526
-0.00864,5625
0.0733,2777
-0.168,8950
-0.24,9964
0.0901,2953
0.0319,3585
-0.0419,6409
0.0919,2485
0.18,918
-0.0338,6283
-0.0838,7806
-0.0175,5876
-0.0122,5825
-0.0334,5978
-0.225,8822
-0.203,8186
-0.0304,6014
-0.0877,8337
0.0753,835
0.015,4794
-0.0658,6773
-0.0848,6882
0.0987,2751
0.0217,4074
-0.148,8814
0.0248,4169
-0.239,9352
0.143,353
0.0381,3913
0.0869,1889
-0.156,9689
0.105,2451
-0.174,10181
-0.147,8802
0.263,2730
-0.000685,5264
-0.00334,5106
-0.103,7727
0.116,2701
-0.373,9259
0.981,605
-0.149,8902
0.138,810
0.173,1103
0.065,3066
-0.23,6621
-0.294,7821
0.0103,4655
-0.0471,7439
-0.0742,7598
-0.137,8217
0.287,1423
-0.0793,7890
-0.0539,7010
-0.282,9144
0.0344,4207
-0.332,9736
0.222,1901
-0.00834,4882
-0.136,8982
0.0132,4544
0.0855,2440
0.0715,3074
-0.0596,7270
-0.0305,5975
0.0626,1132
0.213,259
0.136,2052
0.496,146
-0.0448,6352
0.376,984
0.0339,3526
0.179,1523
0.143,737
-0.0287,5680
-0.0668,6402
0.108,2220
-0.15,9182
-0.0717,6274
0.0685,3798
-0.0449,6468
-0.0398,6122
-0.0432,6177
-0.187,9900
0.101,2689
-0.202,10155
-0.151,8481
0.312,1088
0.699,191
-0.16,9921
-0.124,8186
-0.0675,6242
0.376,762
0.171,2567
0.251,33
0.141,868
-0.199,9535
0.126,1445
0.103,2406
-0.693,10041
-0.00296,5299
0.0277,3998
-0.0743,7219
0.424,353
-0.0223,6508
0.145,1042
0.00463,5046
0.133,2111
-0.284,10288
-0.0118,5533
-0.00711,5570
-0.11,8068
-0.216,9656
0.085,2344
0.0253,4043
-0.0318,5836
-0.127,7792
0.0327,4128
-0.0881,6711
0.05,2512
-0.0368,6533
-0.0869,7870
-0.263,9872
0.254,723
-0.321,9814
-0.0885,7799
-0.134,9221
0.162,433
0.2,1146
0.0714,3363
0.114,2330
-0.025,6397
0.0974,1099
0.15,1502
0.0833,3105
-0.0322,6471
0.00558,4922
0.0332,3550
-0.104,8857
-0.0138,5668
0.189,2248
-0.39,10054
0.537,150
0.0397,3229
-0.0689,8780
-0.0116,5333
-0.151,9630
-0.13,6554
-0.139,8225
-0.0424,6255
0.0482,2251
0.0711,2469
0.148,1092
0.028,3081
-0.0859,7534
-0.0478,6683
-0.00309,5127
0.00765,4897
0.047,3791
0.046,3822
-0.0461,5970
-0.11,8972
0.0797,2286
-0.125,8449
0.0946,2237
0.111,2345
0.0308,4129
-0.0718,7466
-0.123,9253
-0.191,8852
0.0933,3465
-0.561,8589
0.602,794
-0.086,9064
0.0769,3185
0.0768,3186
-0.0998,7214
-0.195,7848
0.0529,4060
0.119,403
-0.0725,8404
0.0938,3216
-0.0653,6656
-0.358,8240
-0.165,7588
0.139,1161
1.03,632
0.0613,3399
0.115,1606
-0.0938,8502
0.316,963
-0.131,8741
0.163,904
0.0747,2926
-0.168,7930
-0.25,10197
-0.454,9942
0.0879,3153
0.0108,4758
0.142,1949
-0.017,5760
0.165,1833
0.0863,2714
0.159,562
-0.078,10030
-0.265,7549
-9.34e-05,5233
-0.0538,6578
0.105,1130
0.0967,2898
0.065,1981
0.158,1589
0.326,1699
-0.00133,5245
-0.094,6751
0.0959,2607
0.361,505
0.629,232
0.191,1367
-0.196,8479
-0.27,9082
-0.263,9157
0.0569,2489
-0.164,8830
-0.0739,7833
0.221,851
-0.15,8607
0.109,1607
0.0733,910
0.183,1298
-0.183,9931
-0.138,6527
0.107,1906
-0.00225,5236
-0.197,9288
-0.128,8007
-0.246,9695
-0.172,8231
0.452,2144
-0.114,9979
-0.0112,5490
-0.0141,5740
0.0979,3668
-0.219,9333
0.31,128
0.121,585
0.0465,3247
-0.3,9650
0.0143,4527
0.221,693
-0.229,8387
-0.0472,7158
0.0659,2716
0.128,2902
-0.14,8608
0.104,3441
-0.215,9659
0.199,630
-0.128,9818
0.122,2008
0.186,1476
-0.0636,6420
0.0221,4240
-0.106,8631
-0.0403,6358
0.0153,4507
0.133,1779
-0.137,8527
0.415,439
-0.0335,6320
0.096,1384
-0.0387,6231
-0.125,8583
-0.0308,5345
-0.052,7147
0.0399,3673
-0.207,9003
-0.0578,5948
-0.0796,7624
-0.06,6913
-0.0814,6348
0.0415,3091
-0.117,7676
0.104,2235
0.15,2711
0.661,398
0.199,2458
-0.00935,5819
0.165,334
0.0645,3808
-0.0168,5769
-0.284,6503
-0.302,8473
-0.00212,5104
-0.0463,6857
-0.0741,7560
-0.429,10459
-0.173,7264
-0.234,9110
0.0403,3640
-0.00157,5071
0.11,3193
-0.177,8649
-0.0968,6715
-0.191,7844
-0.0417,6107
0.0354,3782
0.0817,3291
-0.0512,6631
-0.118,7373
0.215,1645
-0.00264,5443
0.31,117
-0.206,7365
-0.0985,7294
0.238,1805
0.148,1188
0.0534,1788
0.144,572
0.165,2073
-0.144,8643
-0.113,7208
-0.145,8189
0.307,535
-0.0708,8563
0.151,2701
-0.0178,5712
-0.202,10047
-0.0705,7557
-0.244,10231
0.0495,1672
0.0789,2608
0.0115,4578
-0.0177,5468
0.0152,4384
0.0957,1233
-0.0176,5572
-0.0396,8842
0.0498,3390
0.195,732
0.0304,4166
0.151,1187
0.0134,4596
0.0497,3151
-0.0368,6322
-0.126,9160
-0.257,9642
-0.134,8398
-0.0524,7139
-0.0444,6734
0.201,1712
-0.0504,6462
0.241,1593
0.0387,4472
0.0401,2750
-0.0502,8409
1.07,645
0.776,88
-0.0432,4698
-0.102,6535
-0.0133,5588
0.0109,4533
-0.226,9387
0.169,988
0.125,2281
-0.0393,5740
0.0018,5113
0.0153,4473
0.135,2878
0.00782,4888
-0.0562,6297
0.899,51
-0.0301,6212
-0.02,5663
0.209,1054
0.218,823
0.21,1598
-0.151,7267
-0.146,9377
0.0522,2943
0.00818,4756
-0.0201,5528
0.022,4308
-0.0209,5820
0.412,3
-0.0303,6412
0.261,2517
0.556,418
-0.0542,8146
0.0552,2681
-0.028,5741
-0.116,9452
0.264,312
-0.0355,5976
-0.305,10146
0.00562,4984
-0.0122,5467
-0.525,10323
-0.11,8550
-0.116,7220
0.0679,3352
-0.0286,5965
-0.0096,5601
0.135,1136
0.0363,4098
-0.0958,8477
-0.0926,6992
-0.184,9093
-0.199,10249
0.0494,3901
0.101,1900
-0.119,7962
-0.229,10247
0.0928,1579
-0.0762,7426
0.131,1875
-0.191,9083
0.016,4554
0.0453,3565
-0.111,9074
-0.159,10161
-0.204,9722
-0.249,10174
0.0253,4414
0.37,1387
-0.153,8823
-0.0535,7983
0.33,1303
-0.197,9635
-0.0728,6676
0.025,4653
-0.127,9138
-0.0397,6264
0.171,1776
-0.231,9502
-0.0432,6300
-0.0494,7181
-0.212,10084
0.00735,4871
-0.282,6910
-0.203,9894
-0.364,9408
-0.353,9342
-0.188,9771
0.155,170
-0.0358,6524
0.0881,2688
0.0148,4645
0.0323,3796
-0.0138,5326
0.101,472
-0.0591,6394
-0.0265,6190
-0.00948,5484
0.103,2483
0.0974,1237
-0.0517,6303
-0.118,8150
0.0517,3589
-0.0259,6144
0.0553,2336
0.129,1294
0.0901,1838
-0.125,9081
-0.139,9020
-0.108,7457
-0.0648,6960
-0.0274,6741
-0.189,8612
-0.075,4802
0.0603,3168
0.516,899
0.0939,2720
0.102,748
0.0872,2762
-0.97,10169
-0.391,10152
0.067,2559
-0.208,9561
0.0118,4382
-0.00636,5157
-0.0713,6782
0.00405,5041
-0.121,7790
0.0585,3997
-0.0897,8777
0.0516,3697
-0.088,6535
0.0065,4825
0.184,1174
0.0908,3177
0.0086,4748
0.237,481
0.0148,4402
-0.0278,5127
-0.071,7397
0.106,2233
0.0408,3105
0.0698,2606
0.32,140
0.0665,2430
-0.0386,5939
-0.0328,6233
0.211,994
-0.00727,5429
0.0679,3096
-0.23,10295
-0.108,8586
0.052,3395
0.00724,4897
0.135,1548
0.0495,3791
0.0755,2711
-0.165,8896
-0.127,7168
-0.0531,7205
0.0576,3379
-0.0293,5945
0.117,1449
0.253,2455
0.127,2687
-0.119,8399
0.125,2366
0.189,1166
-0.0476,6666
-0.19,9225
0.0807,3119
-0.0154,5879
-0.247,10227
-0.11,7938
0.634,101
0.0247,4482
0.0334,3870
0.0969,1481
-0.0686,6557
-0.257,9878
-0.163,6388
-0.035,5955
0.047,3526
-0.0654,6974
-0.00579,3767
-0.0975,6072
-0.308,6111
-0.0449,6082
-0.114,4661
-0.258,9134
-0.0315,5884
0.125,2974
-0.00729,5026
0.051,2884
0.171,589
0.207,1587
0.105,2280
-0.0859,7348
0.0817,3084
0.0421,3659
-0.0199,6397
0.0621,3597
-0.183,9209
0.0303,4409
-0.0301,5451
0.108,1952
-0.0151,5697
0.112,2299
-0.0794,7520
0.0251,4213
0.291,689
0.194,251
0.0987,2278
0.0119,4643
0.271,243
-0.0436,6353
0.0591,3700
-0.138,8910
-0.137,9178
0.286,531
-0.00271,5378
0.143,1610
-0.255,10026
-0.0527,6219
-0.0562,8181
8.04,0
-0.00267,5076
0.13,2335
0.181,1399
0.104,1427
0.00284,4952
0.0149,4437
0.0013,5139
-0.028,5507
-0.123,7558
-0.0583,7074
0.0114,4135
0.105,2202
-0.199,5488
0.0262,4188
-0.0907,7859
-0.00427,5324
0.00389,4933
0.507,75
-0.0359,7152
-0.0361,7087
-0.421,10351
0.102,2079
-0.105,9953
0.00655,4677
-0.174,6525
0.255,914
0.0282,4431
0.0101,4885
-0.313,10400
0.21,874
0.0232,4401
-0.0608,6188
0.0561,3362
-0.185,8291
0.0889,1919
-0.365,7563
-0.693,9398
-0.318,10272
0.316,249
0.0771,3400
0.0592,1437
-8.68e-06,4931
-0.025,6486
0.0455,3863
0.244,720
0.0305,4394
-0.304,10095
0.0129,4716
0.0128,4593
-0.385,7431
-0.2,8376
-0.146,8575
0.418,117
-0.125,8710
-0.147,8394
0.104,1948
-0.167,9303
-0.101,7003
-0.23,9850
0.029,3545
0.252,538
-0.0186,5378
0.181,868
0.318,1471
0.362,1002
0.0453,2820
-0.06,7618
0.206,861
0.442,9
-0.154,7744
-0.182,9112
-0.0508,7816
0.147,917
0.0742,3307
0.0483,3703
0.207,1267
-0.0869,6511
0.0658,2679
-0.152,9559
-0.0486,6489
-0.223,9756
-0.252,7871
-0.0265,5758
-0.0127,5600
-0.0377,6969
-0.097,8014
0.0909,2949
0.212,1621
0.0765,3127
-0.188,10093
-0.0121,5401
-0.0321,6090
0.311,537
0.00628,4613
0.00507,4824
-0.0224,5992
0.0203,4528
-0.0582,6784
0.0215,4500
0.0289,3721
0.254,351
-0.018,5915
0.00747,4625
-0.158,8739
-0.0973,7725
0.234,967
0.00911,4558
-0.207,9668
-0.219,10157
0.15,1806
0.309,926
-0.0756,6488
0.124,3132
0.163,2825
0.202,1323
0.427,792
0.34,2363
-0.136,7587
-0.0488,6162
-0.197,8776
0.314,266
0.00315,4916
-0.372,9690
-0.0682,7135
-0.131,9542
-0.189,9855
0.0591,3955
-0.0414,6669
0.0588,3218
-0.211,9389
0.0717,3016
-0.148,10312
-0.118,8119
0.0767,2248
-0.312,7518
0.0623,3330
-0.0632,7331
-0.0954,8144
0.0907,3101
-0.192,7733
0.0577,2557
0.173,1056
-0.109,9129
-0.296,9732
-0.0688,9471
0.116,2098
-0.216,7825
0.418,639
0.219,699
-0.0557,6562
-0.147,8635
0.0708,2886
0.0729,2303
-0.0103,5401
0.0471,3246
-0.057,7621
-0.1,8856
-0.059,7100
-0.0482,6410
0.433,459
-0.472,9121
0.0986,1830
0.0203,4436
0.183,187
0.0932,2980
0.116,2361
0.104,2660
-0.0374,6379
0.174,2273
-0.0923,8881
-0.0432,6018
0.114,2893
0.000146,4920
0.187,246
-0.00208,5111
0.0523,4106
-0.0727,6098
0.152,2071
-0.0329,6947
0.0208,4315
-0.152,3119
-0.247,5125
0.809,1390
0.0306,4356
-0.4,9069
0.194,2555
0.0718,3486
-0.018,5951
-0.208,9237
-0.165,8360
0.0612,2664
-0.0104,5332
0.445,225
-0.121,5620
-0.278,9730
-0.136,5162
-0.315,6138
-0.146,6755
-0.369,10081
-0.058,7291
0.164,2958
0.0938,2780
-0.0105,5781
-0.0471,7049
0.0856,3537
-0.152,9465
0.0745,2683
-0.361,8850
0.0934,614
-0.0108,5357
0.142,1708
0.0578,3911
0.0698,3345
0.042,4101
-0.147,8911
-0.06,7083
-0.54,10313
-0.491,10180
-0.015,5061
0.177,1216
0.0647,3217
0.171,429
-0.231,9483
0.165,1186
0.215,678
-0.124,8438
-0.0378,7515
-0.135,9776
-0.397,5823
0.137,1870
-0.215,8980
0.0342,3970
0.0274,4212
-0.117,9504
0.00611,4972
0.0608,2883
-0.398,9300
0.0738,1200
-0.00512,5189
-0.107,9339
0.0778,2094
-0.552,10274
-0.173,7123
-0.0763,7448
-0.0586,6529
-0.213,10085
0.0873,2010
0.297,666
0.0134,4682
-0.172,9141
0.112,1058
-0.0996,9115
0.132,1478
0.0385,4033
-0.0278,5743
0.19,3291
-0.0745,7001
0.0244,4276
0.138,1511
-0.0186,5113
0.0739,3461
0.159,2668
-0.129,9250
-0.0806,7729
0.0849,2698
0.0135,4936
0.433,411
0.535,965
-0.0504,6876
-0.00206,5228
0.17,1412
-0.109,7655
-0.0455,8030
0.348,973
0.0857,1205
-0.00357,5240
0.182,1834
0.434,62
-0.0658,6260
0.195,1360
-0.18,8792
-0.0511,7105
-0.0725,7094
-0.0187,6343
-0.248,7591
0.268,253
-0.0568,7486
0.00628,4516
-0.054,6575
-0.3,10352
0.278,2405
0.224,1275
0.000351,4856
0.0711,1602
-0.203,10260
-0.252,9178
-0.254,6832
0.109,1852
0.0264,4560
0.149,255
0.167,2632
-0.714,9761
-0.6,10021
-0.0726,7600
0.355,1841
-0.277,9872
0.151,1752
0.517,450
0.00651,4809
0.097,1627
0.0621,2826
-0.00023,4852
0.151,2033
-0.16,7999
0.071,2996
-0.0943,8301
-0.00237,5296
-0.0417,6817
0.0209,4478
0.119,1227
-0.0117,5524
-0.13,8836
-0.223,9935
-0.227,8392
-0.0279,6136
0.25,2754
-0.259,8223
-0.0434,6093
0.0112,4585
0.0792,2793
0.245,270
-0.118,8010
0.0492,3676
0.44,21
0.0913,3351
0.322,264
0.11,1817
0.287,1177
0.181,1742
0.143,2966
-0.351,10329
-0.271,8323
-0.2,7965
-0.93,9302
-0.0717,7527
-0.3,10424
0.197,518
-0.00148,5044
-0.00283,4949
0.343,479
-0.0237,5535
-0.13,8083
0.0461,3724
0.438,744
0.0111,4451
0.0576,3389
0.23,487
-0.0594,7535
-0.161,9023
-0.0178,6027
0.198,754
0.0945,3390
-0.0647,6813
0.0493,2962
0.0963,1516
-0.06,6912
-0.0312,5541
0.00204,4960
-0.0663,6467
-0.0194,6866
0.176,1530
0.278,598
0.118,2716
-0.197,9163
0.138,1710
-0.123,8005
0.21,271
0.128,2930
-0.0206,5515
-0.185,8336
0.14,2191
0.0101,4811
0.373,4
0.141,2770
-0.216,9363
0.00966,4781
0.171,2434
0.044,4312
-0.0888,8847
-0.0245,5763
-0.04,6565
-0.0614,5064
0.615,928
-0.0317,6803
0.0831,2029
-0.22,10011
-0.0804,7774
-0.0538,7041
-0.035,5630
0.0456,3092
-0.138,10037
0.254,118
-0.0114,5217
-0.029,4505
-0.168,8956
0.254,1054
-0.142,9536
-0.123,8805
0.0338,4135
-0.0219,5272
-0.05,6424
-0.123,9953
0.0161,4497
0.886,311
-0.298,8630
0.0121,4273
0.000509,4829
0.0112,4725
-0.0649,5956
0.0586,3758
0.00434,4942
0.00238,4686
-0.107,7340
0.263,607
-0.0131,5885
-0.295,9248
0.191,930
-0.133,9065
0.272,1115
-0.0341,6877
0.135,2170
-0.155,9252
-0.122,7970
-0.0533,6963
0.203,884
0.0672,2934
0.0108,4776
-0.104,7479
0.1,2599
0.0945,3207
0.0825,1332
0.0842,2654
0.059,2774
0.0667,3220
0.0322,4284
0.222,1833
0.0304,4166
-0.169,10079
-0.0622,7631
0.108,2574
-0.268,9593
-0.0903,7158
-0.0703,7560
-0.0228,5847
-0.113,8601
-0.00727,5126
0.0102,4942
-0.118,9696
-0.16,9479
-0.0481,6762
0.0106,4663
0.152,1887
-0.122,7278
-0.521,10427
-0.17,9336
-0.235,10040
0.0235,3723
0.405,561
-0.452,10405
-0.179,8755
0.359,751
-0.0254,6164
-0.0509,7612
0.251,887
-0.186,8602
-0.134,7678
-0.152,7991
-0.01,5442
-0.191,10005
-0.173,9179
-0.165,8127
0.00136,5216
0.344,294
-0.13,9643
0.153,978
0.146,1546
0.182,1408
-0.293,9615
-0.481,10286
0.465,391
-0.105,8870
-0.128,7552
-0.0371,5705
0.0247,4500
-0.076,7873
-0.0211,5861
-0.05,7507
0.125,2255
-0.254,9003
-0.0208,5902
0.148,2349
0.0495,3207
-0.0648,8461
-0.188,9108
0.206,1498
0.0811,2867
-0.218,9892
-0.0609,7096
-0.0104,5761
0.0921,2639
-0.0803,7909
-0.0756,6295
-0.0234,5944
-0.0207,6009
-0.125,10254
0.0573,3571
-0.0143,5604
0.14,2076
-0.224,5811
0.0457,3389
0.088,2228
0.0297,3755
-0.233,9837
0.0552,3950
-0.0733,7113
-0.0852,8185
0.17,1496
-0.369,10442
-0.149,6150
0.0231,4578
0.276,488
0.00975,4776
-0.0687,6876
-0.00575,5115
-0.0635,6235
-0.221,10266
0.206,2987
-0.0636,7023
-0.0148,5627
0.0523,3854
-0.0644,7043
-0.203,10085
-0.0445,6244
0.0652,1747
-0.148,9139
0.264,753
-0.0409,7004
-0.155,8039
-0.0889,6343
0.178,534
0.0331,3714
-0.105,6735
0.0542,3756
-0.094,7241
0.237,2001
0.0236,4484
0.0333,3228
-0.122,7711
-0.445,10329
-0.0772,7029
0.25,286
0.112,1452
0.107,1815
-0.341,10452
0.227,1541
-0.103,7427
-0.0748,7806
-0.153,9857
0.124,2957
0.0237,4122
-0.111,7798
-0.553,9450
-0.0946,10054
0.232,537
-0.113,9165
0.149,1612
0.13,1111
0.12,2501
0.14,1255
-0.0397,6561
-0.2,8842
-0.111,6926
0.128,2749
-0.203,9300
0.0292,4082
-0.0525,6596
0.131,2340
0.00173,5019
0.0653,3525
0.0168,4590
-0.198,10444
0.0983,1108
-0.0846,6715
-0.0997,7915
-0.237,9864
-0.236,8171
0.0586,2616
-0.0599,8218
-0.0704,7033
-0.109,8785
-0.124,7443
-0.348,9523
-0.0672,8686
0.157,901
-0.00905,5754
-0.19,8887
0.0171,4784
0.08,2092
-0.198,10072
-0.0122,5411
0.123,2447
0.00311,4854
-0.265,7457
0.115,2280
-0.0724,7487
0.0672,2361
-0.162,8850
0.000591,5146
0.267,375
0.405,268
-0.027,6237
-0.308,10289
-0.287,9972
0.0699,3468
0.688,181
-0.15,6140
-0.0494,6745
0.0383,3657
-0.162,6524
-0.071,6246
0.134,2602
-0.227,9633
-0.0969,8580
0.174,701
0.202,856
0.0135,4407
0.0584,1590
-0.21,9978
-0.0583,7957
-0.216,10371
-0.241,4911
-0.346,5655
1,474
-0.478,8712
0.373,2476
-0.0463,7108
-0.0302,5145
0.0359,4160
-0.0437,6500
0.0114,5030
-0.0806,7819
0.0756,2616
-0.0653,7180
-0.28,10017
-0.272,9993
0.043,3299
-0.0177,5832
0.08,1624
0.0152,4705
-0.0113,5187
-0.0987,7475
-0.0356,5870
0.157,982
0.00582,4457
0.832,389
-0.0393,5893
-0.259,7953
-0.0565,6528
0.114,1563
0.0152,4102
0.0368,4275
-0.0188,5453
-0.0894,8165
0.0794,2692
0.0618,2091
0.0142,2794
-0.0256,6087
-0.102,8862
-0.14,8097
-0.0988,9006
0.123,704
0.0918,3483
0.0136,4756
0.179,2020
-0.0392,6759
-0.0152,5847
0.0789,2575
-0.017,5178
-0.536,9884
0.428,484
0.273,1115
0.0197,4439
0.0294,3952
0.0283,3677
0.236,1197
-0.208,9279
-0.194,7904
0.888,705
0.19,348
0.12,446
-0.227,9555
-0.322,9521
-0.271,10253
-0.145,6634
0.263,514
-0.0722,8516
0.00647,5010
0.205,1610
-0.0552,6955
-0.0566,6188
0.13,1845
-0.0477,6505
-0.0521,7483
0.376,374
-0.0753,7315
1.33e-05,4883
-0.0446,6976
0.14,947
-0.0383,6040
-0.198,9421
-0.0803,6621
0.181,2634
0.0617,1625
0.0794,3040
-0.0646,7738
-0.158,9446
-0.171,8625
-0.0387,5763
-0.174,9547
-0.0163,4966
-0.0934,7362
0.0834,3603
0.146,2545
-0.0818,6399
0.00348,4935
0.0136,3878
0.39,1096
-0.0129,5991
-0.154,7199
-0.0549,6163
0.0526,3838
-0.192,9284
-0.144,9804
-0.142,8297
-0.0747,6222
0.206,311
0.14,1810
0.0332,3028
0.0323,4003
-0.134,7844
0.0817,3127
-0.0313,5840
0.0427,3496
0.238,573
0.417,592
0.00613,4926
0.111,624
-0.00245,5032
0.0875,2406
0.0608,2300
0.0742,2693
0.421,79
0.0179,4363
0.221,1518
-0.0884,6987
-0.111,9826
-0.591,7736
-0.00672,4956
-0.0185,6083
-0.321,8921
0.0304,3996
0.14,1589
0.474,222
-0.00682,5415
0.155,2318
-0.269,10424
-0.277,10160
-0.106,8557
0.343,187
0.00136,5034
0.304,998
0.111,2723
-0.096,8763
-0.128,9010
0.213,1207
0.00867,4850
-0.286,10212
-0.0702,7666
-0.219,9231
-0.00293,5148
0.0858,2072
-0.103,8197
0.0561,3677
0.248,1129
-0.0392,5844
0.138,2239
-0.000841,4993
-0.37,9299
0.102,1875
-0.109,7091
0.0541,3574
0.0807,2932
-0.0961,8145
0.132,2860
0.328,2097
0.171,1298
0.0241,4432
-0.0207,5747
0.463,2118
0.713,505
-0.00199,4886
-0.167,3822
0.4,652
-0.0996,8188
0.115,3052
-0.013,5285
-0.0991,9004
0.0635,1954
0.0958,2329
-0.142,7173
0.227,1571
0.0756,2542
-0.0741,9353
-0.00195,5158
-0.142,8550
0.0115,4547
0.0517,3161
-0.0758,6996
0.0497,3832
0.0298,3574
0.382,1411
0.1,1901
-0.0731,8384
-0.24,8737
0.0396,3693
-0.0211,6249
0.159,2833
0.011,4607
-0.272,10136
-0.137,9043
0.15,1418
-0.219,9650
-0.196,8636
-0.118,9226
0.0111,4723
-0.0879,6214
-0.099,8799
-0.0893,8324
0.0154,4871
-0.104,6910
0.208,2088
0.228,1471
-0.03,6822
0.0907,2793
-0.279,9449
0.0731,3680
-0.309,10346
-0.187,9339
-0.125,9196
0.121,761
0.0295,3660
-0.323,10168
0.0964,3829
0.112,2639
-0.0752,7498
-0.0385,7382
0.0194,4321
-0.0229,5397
0.338,445
-0.0244,5921
0.0126,4612
-0.0179,5562
-0.0915,7851
0.105,2213
0.0229,4203
0.0583,3485
-0.113,9215
0.0724,2546
0.156,2529
0.0759,2657
-0.0652,6075
-0.0631,6660
0.176,1109
-0.157,9462
-0.156,8990
0.0756,1868
-0.0348,6472
0.0393,2757
-0.222,9754
0.0492,3249
-0.000713,5168
0.0672,2035
0.0803,2349
0.00869,4605
-0.0249,6264
-0.171,9372
0.0249,4310
-0.0136,5606
0.217,616
0.0165,4476
0.107,2124
0.0274,3993
0.0453,3870
-0.0563,6361
0.101,2428
-0.191,9735
0.328,505
-0.0932,7678
-0.186,9295
0.0213,4518
-0.0287,5136
0.28,2967
0.0931,1677
-0.0542,7463
0.271,82
-0.0162,5204
-0.0132,5441
-0.0689,6120
0.0182,4201
-0.103,9085
-0.016,5609
-0.0556,6687
-0.25,7770
0.338,676
-0.171,10266
0.111,1490
0.11,2355
-0.0518,6994
-0.156,8022
0.353,343
0.345,191
0.014,4493
0.00671,4669
-0.153,9130
-0.0402,5929
-0.138,9566
-0.0425,5665
-0.146,8301
-0.0629,6557
-0.138,7444
-0.482,8843
-0.0607,5534
-0.211,10221
-0.104,9954
-0.0929,7204
-0.295,8824
0.114,1283
-0.0207,5120
0.0102,4779
-0.0672,8142
-0.0611,6466
-0.219,10217
-0.0239,5573
-0.0922,6234
0.175,2308
-0.171,8818
-0.062,6245
0.257,1437
0.074,2493
0.0655,3112
0.0162,4141
0.0725,2205
-0.0565,6030
0.0828,2519
-0.433,10465
-0.188,9845
-0.106,10031
0.0547,2182
-0.142,9561
0.0612,3710
0.129,2518
0.0956,2439
-0.00344,5199
-0.0528,7622
-0.109,9017
0.128,2003
0.0855,1065
0.153,3515
0.000756,5032
-0.137,9267
-0.0469,5581
0.265,1865
0.0304,4038
0.0508,3976
-0.0516,7099
0.0936,902
-0.263,9856
0.0509,3276
0.0421,3664
0.287,118
-0.157,9418
-0.238,10179
-0.0789,8384
0.524,15
-0.00586,5491
-0.00367,5385
-0.169,9697
-0.145,9603
0.0994,1998
-0.0518,6381
0.0199,4478
-0.213,4663
-0.204,10379
0.0469,3020
-0.0407,6321
-0.158,9475
-0.429,10413
0.0333,4129
0.0792,2683
0.0245,4180
0.336,126
-0.221,9974
-0.516,10339
-0.0669,6666
-0.0735,8467
0.0297,4128
0.0313,3991
-0.156,9661
-0.142,7653
0.026,4124
0.0228,4061
-0.0694,6857
0.0538,3125
0.0454,4161
-0.011,5417
-0.256,9818
-0.0879,7675
0.252,192
-0.264,9749
-0.0214,5348
0.0947,2475
-0.0804,5370
0.0561,2876
-0.0522,7451
0.342,410
-0.216,6127
0.0457,3479
-0.13,6091
-0.188,9212
-0.082,8334
0.0501,4163
0.215,1298
-0.0256,5388
-0.0623,6290
-0.0298,6216
0.15,1417
0.196,1975
-0.109,6647
0.465,170
0.00903,4710
-0.00416,5216
-0.0529,8363
-0.0553,6225
0.127,2995
-0.106,7874
0.231,778
-0.247,8106
-0.0328,6994
-0.118,7920
0.131,1708
-0.269,9494
0.081,2567
-0.401,9829
-0.0417,7039
-0.103,8555
0.299,1022
-0.0745,5054
-0.22,9892
0.0251,4301
0.088,2856
0.025,4462
-0.0779,6976
0.258,1278
-0.0583,6005
-0.1,9076
-0.0957,8418
-0.247,9934
0.165,1449
-0.0435,6065
-0.00736,5398
0.00142,5373
0.000816,5069
0.259,354
-0.172,9314
1.54,51
0.264,839
0.0707,2408
-0.0303,6249
-0.00246,5085
0.0615,3227
0.328,220
0.101,1846
-0.111,9154
1.04,54
-0.133,8693
0.0869,3536
0.0451,3831
-0.00405,5216
-0.125,8511
-0.274,10302
-0.24,9236
0.0296,3325
-0.317,10251
-0.0815,8403
-0.145,9095
0.00967,4639
0.056,3828
-0.0225,6127
-0.0407,6005
-0.0201,5935
-0.0305,6408
-0.0295,6802
0.352,167
0.121,2308
0.00858,4670
-0.14,8771
-0.251,9683
0.158,777
-0.108,6803
0.109,3235
0.108,2160
-0.126,7705
-0.0912,7638
0.0426,3140
-0.0183,5561
-0.00382,4946
-0.145,9547
0.207,2226
-0.191,9744
-0.0766,8628
0.0225,4086
0.0137,4618
-0.199,8924
0.0982,3280
0.0387,2272
0.0929,2351
0.241,656
-0.0658,6723
0.112,2742
-0.188,9423
-0.117,9067
-0.0557,6638
0.0916,2578
-0.203,9661
-0.0173,5701
0.0802,2999
-0.141,9636
-0.0434,6186
0.23,1681
-0.483,9051
0.324,2481
-0.226,4774
-0.207,10142
-0.00759,5474
-0.0433,6262
0.506,100
0.00307,5080
0.109,2285
0.0858,2424
0.48,733
-0.0675,8551
-0.0234,5781
0.121,713
-0.109,8376
0.175,1474
-0.0562,7646
0.0249,4358
-0.0753,7138
-0.00452,5255
-0.0469,5104
0.0858,2311
-0.299,10053
3.33,5
-0.282,9767
0.138,1596
0.268,1174
0.203,820
-0.181,7994
0.0392,4145
-0.0479,6521
0.337,374
-0.111,9007
-0.00317,5502
-0.0046,5323
-0.151,9148
-0.0503,6251
0.0318,4284
-0.115,9993
-0.003,5137
0.0823,1020
-0.153,8223
0.067,3556
-0.316,6428
0.285,1797
-0.0354,6574
-0.191,9426
-0.199,8689
0.0282,4014
-0.2,8415
0.107,3240
0.0137,4822
-0.0154,5396
-0.0375,6257
0.0433,3914
-0.264,10043
-0.184,8821
-0.0118,5763
-0.0839,8843
0.0917,2426
0.285,18
-0.0202,5632
0.227,654
-0.134,9305
-0.122,7491
-0.0149,5489
0.0208,4551
0.0802,3344
-0.144,8662
0.0747,2090
-0.147,8738
-0.127,7023
0.0934,2724
0.149,2307
-0.274,8338
0.183,907
0.0848,1021
-0.0414,6648
-0.0972,9171
-0.0294,5812
0.0473,3218
0.0528,3009
-0.0116,5321
0.663,1037
-0.344,8693
0.0744,2904
0.663,1548
0.0129,5004
0.0241,3172
0.0221,4366
-0.263,10402
-0.206,8584
0.0363,3534
0.138,1382
-0.032,5828
0.13,2382
-0.0765,7793
-0.114,8094
0.142,665
-0.125,8843
0.0806,1559
0.216,1324
-0.023,5348
0.0783,2692
0.0719,2948
0.105,3158
-0.0693,6704
-0.0668,6822
-0.0606,5525
0.149,2415
-0.0256,5695
-0.0731,8627
0.167,1002
-0.0746,7656
-0.145,7031
-0.0776,7156
0.508,338
-0.0453,7242
0.0983,2137
-0.0702,6418
0.482,11
0.0278,3758
0.0239,4472
0.0158,4329
-0.0303,7296
-0.234,9811
-0.21,8898
-0.097,6835
-0.254,8284
0.147,1245
0.155,2085
0.146,2655
0.249,821
-0.636,8780
-0.0637,5991
-0.0793,7389
-0.0138,5755
0.572,44
-0.0201,5642
-0.0849,7652
-0.217,8889
0.0936,1756
-0.0577,8398
0.199,1384
-0.13,9167
0.0316,4285
-0.199,8678
-0.151,9597
-0.0251,6021
-0.103,8392
-0.177,9493
-0.0931,8850
-0.151,9857
0.18,1158
0.0222,4099
0.0491,3899
-0.155,8406
0.0286,3965
-0.0688,6167
-0.0246,6206
-0.2,9827
-0.213,9225
0.076,2059
0.518,650
0.237,575
0.106,1540
0.0137,4690
2.01,28
-0.265,9228
-0.0912,6030
0.162,222
0.105,1020
0.157,1468
-0.0838,7944
-0.113,7962
-0.0495,6184
-0.154,9367
-0.157,8242
-0.196,10112
-0.297,10095
-0.0882,6331
-0.125,8094
-0.0973,6892
0.201,1024
1.13,344
0.255,1415
-0.0717,6384
0.261,1100
0.295,1352
0.0335,4267
-0.407,8914
-0.296,9663
-0.185,7034
-0.23,10194
0.0908,920
-0.0128,5968
-0.0251,5822
-0.159,9514
0.305,561
0.157,1152
-0.186,10046
-0.00742,5141
0.0887,3536
0.16,1793
0.11,2168
0.112,1935
-0.0712,6576
0.107,3280
0.142,1702
0.095,1678
-0.0932,7128
0.122,1169
-0.157,9594
0.019,3209
-0.171,8019
0.0251,4678
-0.045,6124
-0.0779,6898
0.00538,4834
-0.0456,7040
-0.151,8775
0.133,870
0.0907,2535
0.0109,4743
-0.0787,8605
-0.0551,6924
1.72,827
-0.17,9357
0.0293,4418
0.0368,3594
0.154,1706
-0.11,8471
0.264,334
0.434,87
-0.0121,5164
0.198,2786
0.0289,3622
-0.243,10078
0.158,713
-0.051,5812
0.466,521
-0.146,7870
0.016,4621
0.27,320
-0.0455,6526
-0.212,9198
-0.0528,7280
0.0368,3983
0.145,950
0.0346,4047
-0.131,8459
-0.0561,6339
0.0152,4790
-0.0951,7669
0.053,3313
-0.221,10407
0.00261,4948
-0.055,6024
0.148,1214
-0.186,9561
-0.0412,7333
0.065,2860
-0.151,9871
-0.151,7746
0.248,1572
0.22,1668
-0.11,9270
0.00989,4343
0.34,286
0.112,2732
0.0208,4423
-0.051,5606
0.0151,4317
-0.169,9645
-0.145,9579
0.186,1037
0.324,12
0.143,1358
0.0578,3354
-0.311,10072
0.544,179
-0.0946,7427
0.239,455
0.0476,4056
0.14,1602
-0.114,8018
0.731,31
-0.154,9773
-0.309,9663
-0.232,8039
0.0214,4223
-0.0515,6806
-0.0632,7105
-0.0184,5778
-0.158,9734
0.128,2740
0.173,803
-0.123,9727
-0.352,5169
-0.281,10090
-0.191,9114
-0.173,8895
0.0795,2422
-0.226,9428
0.0344,4019
0.133,2774
-0.0969,8682
0.019,4176
-0.0356,7023
-0.0504,7772
-0.0752,7989
0.117,1164
0.134,2599
0.0794,3744
-0.195,10282
-0.241,10329
0.0148,4672
-0.179,9083
-0.149,7590
-0.0591,8663
-0.0432,7084
0.178,671
-0.461,9667
-0.0864,9996
-0.0439,7708
0.12,756
0.0204,4316
-0.337,8271
-0.298,10238
0.0445,1803
-0.012,6278
0.328,2696
1.72,626
-0.0624,8261
0.203,326
-0.0143,5110
-0.0185,5517
0.112,2700
-0.061,6462
0.109,2331
0.036,3886
0.0426,3731
-0.108,7122
-0.0286,5758
-0.0313,6066
-0.273,10265
0.191,81
0.102,1656
-0.294,9946
-0.0746,6212
-0.00369,5021
-0.106,7542
-0.216,8921
0.0311,3661
-0.0754,7589
0.056,3643
-0.262,7876
0.174,2081
0.182,788
0.0308,4377
0.0786,2036
-0.0372,6843
-0.046,6277
-0.438,10390
-0.0121,5731
0.118,1177
-0.0857,7905
-0.137,8802
-0.000519,5251
-0.271,8515
-0.0651,8364
-0.101,8706
0.107,2374
-0.00528,5170
0.422,701
0.0149,4465
0.0249,4090
0.0529,3261
0.217,609
0.217,1084
0.037,3789
-0.307,10308
0.00322,4732
0.0541,2056
-0.27,10375
0.132,1507
-0.175,8339
-0.0948,8943
0.0127,4383
0.0442,3360
-0.0248,5873
0.497,1224
0.062,2512
-0.0285,5700
0.00686,5016
0.104,1336
-0.1,8047
0.27,724
0.0997,2386
0.145,2034
-0.265,9340
-0.102,8483
-0.044,5692
-0.0792,8703
-0.0319,5555
0.743,493
0.0263,4126
0.148,2000
-0.041,6507
-0.00125,5082
-0.0116,5264
-0.114,8121
-0.057,6915
-0.0421,7550
-0.0427,6602
-0.07,6998
-0.102,7999
-0.213,10012
0.112,553
-0.117,9623
-0.0482,6322
-0.41,10238
-0.121,7971
-0.08,8328
0.169,939
-0.093,8021
0.0668,3106
0.485,477
-0.159,8110
0.101,2449
-0.102,7922
0.0704,3971
0.106,3743
-0.0621,6386
-0.304,7794
-0.0471,7161
-0.0048,4999
-0.385,10135
0.0753,2847
-0.0143,5707
-0.0334,6310
-0.0232,5668
-0.338,9107
-0.061,7019
0.414,245
0.0683,2879
0.281,18
-0.0583,7451
0.429,667
-0.0729,6598
0.13,680
0.0456,3371
-0.113,8627
0.0183,4389
0.123,2912
0.0727,3377
-0.101,7752
-0.199,9823
-0.136,8844
-0.147,9537
0.123,2056
-0.197,9305
0.197,1564
-0.31,10284
-0.066,6923
-0.232,5023
0.0271,4260
0.0981,3263
-0.147,7059
0.128,802
0.053,3136
0.101,995
0.0925,2860
-0.15,8695
0.173,1568
-0.249,9140
-0.163,8219
-0.0946,9033
-0.0116,5246
-0.232,8122
-0.253,10225
0.033,3710
-0.0904,8256
-0.066,7140
-0.0164,5578
-0.226,7776
-0.406,8608
0.117,2628
0.0554,2098
0.0254,4249
0.357,2261
0.126,1983
0.0378,3796
0.00844,4651
-0.161,8720
0.077,2572
-0.415,9775
-0.47,9046
-0.0579,6959
0.234,194
0.0689,2964
0.324,145
0.09,3127
-0.0738,6180
-0.104,9944
-0.0877,6987
0.0253,4366
-0.102,8450
0.285,1446
0.103,2356
0.0161,4298
-0.136,9597
-0.0163,5634
-0.146,8881
-0.0631,6505
-0.0272,5495
0.356,126
0.242,360
-0.164,9131
0.11,1529
0.0634,3641
0.0574,3706
-0.0434,6631
0.098,2194
0.0986,3134
0.101,2112
0.0588,3410
0.071,3079
0.136,1222
0.108,1192
-0.199,8368
-0.482,8498
0.301,1983
-0.277,8189
-0.0408,7004
0.0157,4477
-0.193,9614
-0.0196,5561
-0.186,9676
-0.371,10034
0.0367,3526
-0.0419,6391
0.116,2440
-0.156,9529
0.195,1041
-0.0636,6870
0.07,2732
-0.0919,7715
0.053,3758
-0.199,8448
0.026,4323
-0.181,9119
-0.143,9943
-0.0719,9387
-0.215,8686
-0.0587,7060
-0.163,8804
-0.362,10046
-0.048,6390
-0.142,7835
0.277,215
-0.0809,8077
-0.0236,5325
0.0769,2151
0.0414,2549
0.0427,4286
-0.0556,6951
0.168,2360
0.056,3391
0.0519,2386
0.0237,3705
0.115,1799
-0.133,8712
-0.0498,6746
-0.102,6143
-0.0305,6491
-0.266,10467
0.108,1347
0.0909,3235
0.229,2612
-0.161,7713
-0.0713,6198
0.0196,4204
-0.119,7880
0.0672,2352
-0.129,7414
-0.00324,5100
-0.179,9691
-0.0423,7488
-0.175,9485
-0.18,9386
0.169,666
0.0185,4473
-0.00898,5632
-0.122,9392
-0.0754,6150
0.104,2550
-0.308,10027
0.152,2624
0.018,4461
-0.00749,5334
0.0295,3988
-0.209,7812
0.954,1146
0.787,300
0.133,2660
-0.0139,5368
4.26e-05,4775
-0.0438,6420
-0.286,9172
-0.465,9820
0.15,1268
-0.368,9378
-0.246,9124
0.06,3793
0.0714,3239
0.186,2267
0.138,695
0.183,489
0.174,1077
-0.3,5335
0.256,505
0.171,839
0.376,156
0.0352,4058
-0.096,6681
0.0756,3275
0.239,2553
0.571,124
-0.0176,5873
0.0166,4301
0.062,3420
-0.0257,5582
-0.41,9575
-0.126,8740
-0.0855,8221
-0.162,9003
-0.00994,5255
0.159,2126
0.172,1142
-0.078,7755
-0.0809,8399
-0.0596,7659
-0.181,9550
0.111,2330
0.0308,3208
-0.0671,7133
0.014,4307
0.051,3331
-0.0584,6254
0.301,229
0.17,1464
0.196,1081
0.0358,3073
-0.111,9295
0.0765,2365
0.0997,2040
0.363,1712
0.148,2422
-0.132,9722
-0.0414,6789
-0.0658,7175
0.236,1498
-0.0414,7143
-0.145,7198
-0.092,9618
-0.0477,8290
-0.043,5446
-0.205,8951
0.091,3030
-0.249,9822
0.0272,4260
0.00713,4808
-0.0576,6967
0.0723,3102
-0.339,9958
0.0738,2668
-0.0205,6465
-0.136,7680
-0.355,9449
-0.229,10215
-0.167,7502
0.845,491
-0.201,10210
-0.0706,7572
-0.0199,5628
-0.0014,4689
-0.112,7266
-0.0141,5440
0.0952,716
0.0684,3127
0.115,1847
-0.305,8285
0.0923,2242
-0.12,8321
-0.161,10150
-0.132,6771
-0.184,8834
-0.111,9071
-0.00191,5026
-0.0754,9385
-0.0342,6453
0.0549,3584
-0.102,8490
-0.185,8756
-0.14,7688
0.117,676
0.0535,3795
-0.387,9601
-0.903,10181
-0.163,8385
0.889,1127
0.669,130
0.0441,4004
-0.0707,7690
0.0625,3293
-0.152,10024
0.0802,2050
0.117,1382
-0.11,9205
0.198,1434
0.272,223
-0.133,9517
0.139,1617
-0.156,8495
0.298,377
-0.159,8902
0.0254,3612
0.0773,1746
-0.132,9483
-0.0794,7070
-0.115,7623
-0.0727,7744
-0.161,9673
-0.145,8593
-0.0614,7027
-0.149,7711
-0.0878,7594
-0.309,10003
0.157,845
0.0259,4312
-0.124,8402
0.185,911
0.0221,4582
0.033,3509
-0.0168,5382
-0.118,7508
-0.103,7733
-0.322,10384
-0.119,7604
0.17,2233
-0.187,9337
0.00853,4528
-0.0829,6767
0.0972,1199
0.0223,4384
-0.259,9034
-0.115,9099
-0.0302,6655
0.245,585
0.015,4573
0.0442,4106
0.128,3343
0.1,1960
-0.0791,7959
0.0616,1680
-0.12,7789
-0.198,7959
0.104,2842
0.0596,3578
-0.00583,5249
-0.199,10227
0.0675,2294
0.256,368
0.11,1227
0.0883,2423
-0.00643,5130
-0.00435,5274
-0.0665,7335
-0.0169,5643
0.00695,5001
-0.00741,5470
-0.204,10164
-0.16,9059
0.23,821
-0.168,9037
0.0485,3431
0.139,2368
-0.0484,7105
-0.115,8581
-0.123,8789
-0.254,8709
-0.23,9871
-0.0872,6774
0.0407,3622
-0.0213,5750
-0.331,9781
0.191,2026
-0.0633,8746
0.247,899
0.0833,3124
-0.135,9161
-0.242,9404
-0.0223,6023
-0.00835,4959
-0.169,6402
-0.21,9362
0.0403,3992
-0.0924,6866
0.268,241
-0.000294,5142
-0.0364,7041
0.0691,3141
0.118,2197
0.192,1546
-0.0251,5729
-0.141,8504
-0.19,9865
0.273,151
-0.00162,5246
0.0639,2968
-0.187,9810
-0.225,10340
-0.0262,6365
0.0886,3581
-0.0602,6309
-0.0441,6496
0.209,1210
0.0886,1032
0.0402,3672
0.143,1371
0.0652,3111
0.104,2079
-0.0431,6251
-0.109,7446
0.0944,2194
0.0628,2095
-0.173,9374
0.116,2230
0.0857,3166
0.0591,3470
-0.2,9774
0.256,951
-0.078,7573
0.769,29
0.562,940
-0.0702,8091
-0.0294,7036
-0.128,8686
0.119,2156
0.201,373
-0.442,9624
-0.0921,9520
0.0483,3086
-0.254,9972
-0.148,8211
-0.0512,5565
0.24,561
0.00338,5049
0.0098,4808
-0.115,7612
0.0487,3640
0.0828,2620
-0.352,8613
-0.144,8579
0.251,253
-0.128,7921
-0.0123,5215
0.212,1018
-0.208,8285
-0.041,7474
-0.0875,8620
-0.157,9609
0.0577,3148
0.072,2780
-0.15,6848
0.133,1026
0.024,4281
0.582,1121
-0.0508,7029
0.00661,4841
0.134,897
-0.0743,8492
-0.109,9715
0.226,891
-0.0742,8171
-0.0473,6306
0.271,328
0.067,1997
-0.103,9796
0.096,1915
-0.135,8785
0.0479,3830
0.11,2749
0.087,2957
-0.108,9340
-0.0485,6111
-0.232,8905
0.155,1488
0.196,837
-0.0244,6449
0.0986,2106
-0.165,8451
0.0268,4426
-0.329,10125
0.148,1926
-0.0449,8584
-0.0126,5702
0.149,1921
0.0783,3217
-0.195,7176
-0.243,9631
0.0296,4136
0.00901,4622
0.234,171
-0.112,7990
-0.114,5943
0.0832,3133
0.0435,2998
0.0455,2587
0.124,3175
0.043,3480
0.109,2106
-0.099,7029
0.186,515
-0.145,9527
0.127,2498
-0.126,7222
0.083,2909
0.741,20
0.0514,3253
0.195,607
0.00865,4773
0.0795,3039
-0.221,10387
-0.529,9603
0.0658,2298
-0.0126,6386
0.484,155
0.193,825
-0.17,6477
-0.0611,7076
-0.0189,6211
0.222,222
0.0612,4039
0.268,1193
-0.27,9264
-0.133,6863
-0.0291,6187
-0.174,8649
-0.18,9869
-0.0257,6094
-0.0463,6854
0.0981,3242
-0.0129,5519
-0.0621,7151
-0.148,8638
-0.19,10029
-0.593,8697
-0.418,9703
-0.102,8227
-0.0359,6176
-0.0961,8768
-0.156,7568
0.0723,3135
-0.299,9064
0.00663,4933
0.154,1217
0.14,1817
0.565,1365
0.159,1932
-0.176,7366
-0.0369,7493
-0.0231,5720
0.0607,3583
-0.0738,6421
-0.0586,7357
0.295,1119
0.0188,4426
-0.084,6632
0.302,349
0.153,1811
0.159,1377
0.0257,4384
0.0215,4302
0.127,2361
-0.0411,6676
0.116,2190
-0.0279,5217
-0.116,7762
0.131,701
-0.0303,6190
0.109,2541
-0.0236,5772
-0.286,9422
-0.293,10239
0.0194,4111
0.0651,3251
-0.0516,6407
0.298,568
-0.0449,7418
-0.107,6915
-0.0601,7844
-0.0218,6786
-0.141,9856
-0.00414,5282
-0.306,10421
0.0343,3976
0.374,334
-0.0277,6585
0.0955,1892
-0.285,9628
0.0223,4584
0.436,741
0.325,1958
0.0142,4191
-0.0312,6655
0.0651,3913
0.0902,1808
0.35,311
0.0961,2713
-0.0111,5447
0.0817,838
-0.101,5495
-0.676,9370
2.04,680
-0.254,9278
-0.258,8189
0.0641,2304
0.0422,3964
-0.165,8698
0.197,401
-0.0287,7017
0.142,699
-0.227,10234
0.0502,3715
-0.198,8933
-0.163,9420
0.142,1463
-0.0556,7620
-0.191,9913
-0.156,8309
0.0548,4065
0.715,25
-0.166,9479
-0.066,5663
-0.0414,5769
-0.291,10395
0.294,673
-0.557,10088
-0.07,6843
0.217,204
0.2,330
-0.473,7251
-0.0461,5314
0.336,2203
0.0509,4054
-0.0303,6291
0.0923,2594
1.08,934
0.189,2895
-1.18,10063
0.018,3082
-0.089,8012
-0.16,5045
-0.0163,5092
0.584,1255
-0.169,9626
-0.212,5325
0.174,1111
-0.104,8668
-0.113,8169
0.388,87
0.0557,3401
-0.151,9734
-0.0844,6912
-0.142,8403
-0.0186,6352
-0.498,9363
-0.0264,5694
-0.157,9090
0.0549,2502
-0.184,8488
0.0558,2661
0.0298,3868
0.0596,3654
0.312,614
0.0723,2333
-0.000325,5062
0.0308,3866
-0.016,5481
0.0774,1292
-0.0522,7401
-0.296,9456
-0.243,9000
0.836,146
-0.143,8697
-0.129,7647
0.0397,2737
0.287,2353
0.115,3456
-0.18,7899
-0.0962,7435
0.159,1131
-0.1,7987
0.00353,4875
0.0418,3820
-0.0618,6729
-0.0131,5562
-0.175,10396
0.115,1700
-0.275,10031
-0.117,7663
0.0157,4533
-0.213,8704
-0.0804,9157
-0.0929,9631
0.31,1875
0.489,1404
-0.322,6872
-0.00329,5074
-0.00564,5074
0.0812,2913
0.391,299
0.00265,4850
-0.158,9706
-0.127,9727
-0.0641,7915
0.136,2920
-0.0201,5478
-0.779,9519
-0.0577,5862
0.122,832
0.031,3971
0.169,1792
0.0303,3869
-0.172,8005
-0.226,8187
-0.0183,6106
0.0281,4325
-0.172,9197
-0.0328,5987
-0.0611,6828
0.0124,4770
0.125,790
-0.119,8770
-0.219,8193
0.26,1118
-0.335,10324
-0.484,10307
-0.0394,7072
0.00503,4757
0.421,1219
-0.0935,8095
-0.0963,6636
-0.102,9115
-0.238,8985
0.129,2264
0.172,1878
0.0363,3846
0.162,1439
-0.0137,5795
0.11,1991
0.129,261
0.0299,4034
0.0142,4504
0.0357,4213
0.278,2107
-0.033,6038
-0.215,10359
-0.00418,5248
0.0494,3004
-0.344,7896
0.0537,3964
0.0726,2949
0.059,1328
0.521,2063
-0.229,8200
-0.563,10052
0.245,2226
-0.155,7434
-0.419,9219
-0.178,9009
-0.0331,5984
-0.0998,8530
-0.168,9216
0.0537,1771
-0.0168,6058
0.288,162
0.0784,2876
-0.199,8544
0.0699,2851
-0.182,7760
0.0789,2532
0.0793,2726
-0.069,6492
-0.204,10026
0.307,625
0.00552,4996
0.0554,3711
0.0187,4535
0.2,1644
-0.269,9955
-0.25,9267
-0.093,8381
-0.0854,7482
-0.245,9408
-0.0739,8026
-0.153,7082
0.0295,3943
0.0554,3733
0.0399,3279
-0.123,9150
0.147,1662
-0.276,9721
-0.139,6617
-0.0788,7722
-0.124,8419
-0.0214,6081
0.048,3717
-0.149,8478
-0.1,8435
0.194,256
-0.059,7900
0.342,797
-0.115,7836
0.247,1336
0.0129,4751
-0.0104,5361
0.434,59
0.205,1697
0.0184,4589
-0.0401,5659
0.091,2840
0.185,1073
-0.0188,6039
-0.192,8036
-0.0397,5867
-0.197,9037
0.128,2040
0.00646,4750
0.0176,4344
0.159,1584
-0.0409,5511
-0.0309,4956
0.226,584
-0.0614,6353
-0.0905,7617
-0.0368,7127
0.205,1782
0.00467,4830
0.138,1614
0.058,3082
0.00875,4694
-0.0939,6996
-0.145,6827
-0.251,9536
0.188,137
-0.07,7751
-0.369,7434
-0.209,8884
0.154,2847
-0.102,8813
0.115,1853
-0.0757,9027
-0.0103,5695
-0.243,10168
-0.163,8067
0.0015,4692
0.0309,3448
0.0522,3083
-0.0309,5698
-0.0963,8579
-0.0914,6699
-0.0715,8269
-0.0758,7677
0.000794,5065
-0.138,7937
0.133,663
-0.0763,6443
-0.266,9227
-0.464,10299
-0.0321,5861
-0.119,9284
-0.115,8247
0.175,766
0.407,623
-0.0149,5415
0.123,209
0.0649,3149
-0.0508,6208
-0.051,7423
0.0575,3237
-0.116,9456
-0.0305,7093
0.0477,3477
0.0579,3456
0.151,2738
-0.148,6787
-0.052,7041
0.0107,4662
-0.0919,7039
-0.0946,8028
0.0454,3922
-0.446,9192
-0.0977,7721
0.0352,3910
-0.24,9258
-0.0235,5699
-0.191,7943
-0.0478,6996
-0.019,5485
0.199,747
0.197,1376
-0.0216,5644
-0.0285,5478
0.256,2189
-0.0939,8488
-0.0397,7898
0.27,110
0.0879,3501
-0.227,10321
0.0162,4677
0.128,746
0.0541,2789
-0.31,8585
0.0317,3789
-0.379,9706
-0.189,9099
0.416,5
-0.0791,9293
-0.0753,7718
-0.00603,5230
-0.0707,6862
0.128,784
0.00824,4902
-0.042,7257
0.424,224
0.43,54
0.0772,2848
-0.0371,6325
-0.508,8825
0.0299,3979
-0.145,8834
0.104,1985
-0.108,7545
-0.0832,8039
0.204,373
-0.198,8743
-0.0361,5514
-0.171,9074
-0.0796,7732
-0.0939,6806
0.154,799
0.219,761
-0.00513,5480
-0.000256,5159
0.154,946
-0.0475,4473
-0.0598,9610
-0.0676,7833
-0.0668,7825
0.0579,3356
-0.276,9799
0.261,253
-0.0683,6879
-0.0496,7187
0.0814,2427
0.126,2099
0.159,1218
0.363,1451
-0.189,9147
-0.0398,6416
0.248,2540
-0.135,8745
-0.194,8438
0.0515,3791
0.128,1143
-0.203,10154
-0.0373,6555
-0.0996,7700
0.123,2697
0.0251,3960
-0.19,8517
-0.0194,5498
0.0406,3536
-0.068,6729
-0.0463,6873
-0.0388,7313
0.0403,3276
0.0752,3125
-0.2,9353
-0.313,9548
-0.143,7415
0.00497,4622
0.0321,3304
-0.0292,6474
0.104,1961
0.0703,3286
-0.543,9965
0.34,489
-0.029,6819
-0.238,10006
0.121,2484
-0.0941,7158
-0.231,6686
-0.124,8376
-0.039,6796
0.0407,3055
1.07,26
-0.129,7821
-0.053,5146
-0.244,9303
0.0231,4324
0.218,1908
-0.0871,7834
-0.298,10059
-0.00293,5275
-0.0602,5817
0.0393,2778
-0.0658,8136
-0.271,10287
-0.0351,5953
0.501,172
-0.114,6442
0.248,188
0.0989,1645
-0.0508,7432
0.123,757
-0.153,8569
-0.113,8361
0.0157,4126
-0.0616,6541
0.42,527
0.00722,4937
-0.162,9091
-0.164,8912
-0.245,10113
-0.0134,6741
0.0138,4376
0.0529,3698
-0.0586,6022
-0.0652,7168
0.0494,2545
0.0341,4125
0.242,1957
0.365,95
-0.0376,6046
0.0996,1856
-0.0253,5982
-0.234,10044
-0.191,9667
0.0153,4557
-0.12,8308
0.0649,2484
-0.0188,6385
0.149,36
-0.0725,6247
0.0824,2286
-0.501,10165
-0.235,10272
-0.00568,5264
0.0501,3371
0.053,3015
0.14,2432
-0.106,8879
0.0994,3042
-0.0284,7413
0.0144,4546
0.132,2185
0.0508,3756
-0.0151,5485
-0.214,9980
0.0648,2243
0.198,213
-0.1,7146
0.11,2590
-0.0578,7526
-0.104,8475
-0.0821,9114
0.0335,3820
0.172,1816
-0.0457,6969
1.65,34
0.194,1306
0.0919,2378
-0.0109,5968
-0.0611,6417
0.0215,4507
-0.0332,6055
-0.0474,6220
-0.0431,6128
0.0872,2500
-0.266,9761
-0.338,9124
0.0065,4746
-0.142,8264
-0.12,9421
-0.0726,7506
-0.489,7475
-0.138,8722
-0.0731,7222
0.063,3656
-0.0112,6382
-0.0645,7738
0.471,149
0.0429,3941
-0.123,9043
-0.0748,7267
-0.0354,7143
0.0558,3250
-0.0607,6518
-0.113,7110
0.206,1195
0.222,587
0.0195,4022
0.0363,3588
0.0781,2891
0.0872,3305
0.0621,2962
-0.134,7430
-0.0755,8013
-0.0184,5895
0.0407,4170
-0.233,8822
-0.307,6416
0.453,317
-0.133,9245
-0.053,6752
-0.269,9643
-0.146,8038
-0.0101,5648
-0.0577,5991
0.0897,1843
0.161,647
-0.0473,5590
0.227,1626
0.146,431
0.154,2916
-0.154,8584
0.0308,3989
0.494,897
0.0732,2770
-0.359,6292
0.251,2139
0.0548,2754
0.0557,2798
-0.255,9878
-0.262,8158
0.0936,1603
0.12,1796
0.000619,5094
-0.332,8533
0.222,1647
-0.0891,4704
-0.191,7901
0.311,911
-0.252,9624
-0.0477,6134
0.0475,4003
0.0425,4326
0.00384,5048
-0.078,8932
-0.0678,6534
-0.078,6219
-0.365,7813
0.166,2853
-0.0603,7232
-0.207,9670
0.221,199
0.123,2871
0.141,1692
0.139,3429
-0.198,7142
-0.00864,5521
0.165,974
-0.187,8793
0.0321,3534
-0.567,9725
0.00575,4974
-0.0391,7093
-0.0708,7496
-0.293,6568
-0.126,7998
-0.387,8710
-0.123,7097
0.023,4191
-0.00395,5255
-0.0136,5288
-0.0192,5832
-0.491,8787
0.151,1072
-0.000676,4985
-0.113,9695
-0.356,10019
-0.12,8196
0.144,2008
-0.044,6568
0.0279,4367
-0.0116,5716
0.042,3502
0.0599,3675
0.155,2510
-0.406,10382
0.026,3447
0.0278,3214
-0.181,9718
1.8,53
0.101,2906
3.72e-05,5205
0.0285,3800
0.063,1679
-0.176,8348
-0.0179,5551
0.114,1988
0.129,2468
-0.114,7341
0.0194,4335
-0.0711,6292
0.0809,2899
-0.253,9840
-0.0426,5785
0.0417,4010
0.335,103
-0.194,9953
-0.000205,5224
0.0705,3414
0.22,1066
0.00783,4745
0.0188,4525
0.634,331
0.623,342
-0.27,8369
0.589,324
0.121,1558
0.664,237
0.0389,4009
-0.178,8408
0.0217,4427
-0.282,6731
0.0282,4072
0.0479,3829
0.00973,4657
-0.251,8743
-0.297,10049
-0.0472,7044
-0.0951,8122
0.0744,2487
0.103,1141
-0.202,9948
0.142,2339
-0.249,9835
-0.0681,8056
-0.0467,6983
0.022,4525
0.0675,2208
-0.272,8958
0.0746,3211
0.158,379
0.0314,3804
0.0444,3804
-0.0705,6958
0.0658,3645
-0.102,7973
0.00477,4864
-0.0909,7931
-0.0756,8033
0.0504,3559
0.0195,4486
0.153,2930
-2.52e-05,5300
-0.0171,5892
0.142,3239
0.486,717
0.0263,4002
0.0484,3531
0.079,2631
-0.163,8104
0.0176,4604
-0.0555,7931
0.241,524
0.0208,4213
-0.0375,6797
-0.0197,6412
0.0271,3476
-0.068,8104
0.0174,4086
-0.0464,7254
-0.108,7670
-0.0523,6636
0.157,828
0.0804,2695
-0.15,9192
-0.0122,5399
-0.201,9826
-0.118,10046
-0.067,5517
-0.118,8176
0.0276,3934
0.00877,4717
0.369,1322
-0.013,5242
-0.0621,6602
0.159,1049
0.095,2015
-0.956,10151
0.0277,3924
-0.0396,5772
0.211,299
0.0334,3959
0.371,1524
-0.0378,6078
-0.0173,5513
0.035,4124
-0.283,10162
-0.139,8901
0.176,1456
0.0298,4074
0.126,1927
-0.0237,6461
-0.0285,5967
-0.0353,5330
-0.0706,5569
0.198,2904
-0.00928,5451
0.175,738
0.0632,3350
0.0155,4380
0.122,3117
-0.332,8755
0.039,3719
0.207,457
-0.048,7810
-0.228,8466
0.233,275
-0.186,8911
0.0271,3647
-0.0287,6672
0.018,4660
0.0471,3583
-0.414,10467
-0.248,10345
0.117,774
-0.0897,6632
-0.295,9060
-0.0251,6148
-0.183,8653
0.24,236
0.0595,2594
-0.208,9348
0.291,546
-0.0418,5997
0.557,187
-0.494,9712
0.0108,4613
0.0361,3354
-0.187,9784
0.0785,3184
0.223,1603
-0.188,7502
0.117,1306
0.22,900
0.163,1156
0.0585,3942
0.0956,1764
-0.0632,7158
-0.0914,8243
-0.0926,7668
-0.198,9671
0.0451,3933
-0.00957,5277
-0.0295,5425
-0.0136,5707
0.0272,3679
0.0234,4316
0.0649,3463
-0.184,9382
0.406,2330
0.0409,3766
-0.131,9051
0.112,2262
0.109,3234
-0.27,9108
0.881,15
0.108,140
0.181,857
0.215,702
0.115,2284
0.0138,4760
0.109,740
0.0745,2427
-0.165,10048
-0.149,7715
-0.194,8992
-0.407,10115
-0.37,9603
0.11,1543
0.086,1721
0.189,1920
-0.0919,7845
0.0223,4559
-0.153,8235
0.15,877
-0.0639,7705
-0.364,10443
0.0985,2879
-0.176,9155
-0.116,9175
-0.0936,7140
-0.221,9949
0.274,1177
-0.383,8358
0.00277,4949
0.0484,2312
-0.0138,5426
0.0836,2930
0.271,723
-0.111,6830
-0.105,8377
0.0517,3478
-0.241,10026
0.0398,4059
0.058,3640
-0.0874,6907
0.0183,4375
0.088,1400
0.0157,4668
-0.115,7634
0.0498,3350
-0.111,8756
0.625,931
-0.088,8952
-0.146,9371
0.095,2535
-0.0226,5892
-0.0966,7880
-0.375,9479
0.251,1706
0.0656,2831
-0.108,6032
0.113,1615
0.0512,4158
0.207,1370
0.0287,3893
-0.0251,5328
0.00796,4774
-0.0593,6294
0.304,1390
-0.172,5334
-0.0437,6634
0.125,903
-0.124,7999
-0.0244,5456
-0.223,7200
-0.21,10010
0.0716,1787
0.0928,1423
-0.0872,7823
-0.164,8127
-0.215,4027
-0.178,10146
0.14,1726
0.00201,5158
0.167,811
-0.0286,5565
0.019,4315
-0.0218,5977
-0.122,8081
-0.162,9031
0.0371,4087
-0.0575,7747
-0.169,10014
-0.169,9259
0.102,2352
0.188,1176
0.038,4059
-0.206,9552
0.0554,4228
0.266,1158
-0.0649,7507
0.749,458
-0.0137,5504
-0.0497,7308
0.331,427
0.0203,4413
0.00749,4643
-0.0496,7518
-0.244,8491
0.0225,4456
0.0763,3414
0.0297,3510
-0.0997,7853
0.152,1930
0.209,916
-0.392,8424
-0.689,9752
-0.142,7435
-0.181,9350
-0.0172,5259
0.157,3047
0.166,1453
-0.0342,5681
0.000727,5033
-0.0313,7765
-0.0272,5324
0.116,1982
-0.188,6748
0.156,709
-0.00574,5258
0.155,671
0.491,42
0.397,342
0.246,842
0.0573,3295
0.0413,3021
0.0902,1955
-0.221,8639
0.156,2057
-0.0591,6680
-0.232,7440
-0.259,9366
-0.0828,8644
-0.178,9005
0.217,1158
0.781,397
-0.043,6219
-0.0342,6528
0.143,652
-0.0775,8606
0.22,194
0.0297,4035
0.109,2174
0.0627,2719
-0.179,9636
-0.212,9767
0.118,3187
-0.365,8938
0.165,1057
0.0113,4610
0.0412,3766
0.0803,3381
-0.0747,6480
-0.00152,5144
-0.0366,5550
-0.0107,5567
0.0777,2248
-0.167,8448
-0.0829,8873
-0.0837,6783
0.0527,4179
0.141,335
-0.0583,8289
0.0493,3636
-0.0964,7404
-0.126,7816
-0.0722,6726
0.0342,3139
-0.134,9966
0.423,63
0.162,1889
-0.294,7707
-0.181,9064
0.00717,4711
0.137,582
-0.083,3777
-0.493,9925
0.0118,4699
-0.38,8722
0.0738,2879
0.0748,1920
-0.722,9763
0.000206,5151
-0.218,8473
0.13,2142
-0.0425,7222
0.0393,3879
-0.0464,6211
0.0328,3146
-0.399,9720
0.175,1308
0.169,1775
-0.115,9779
-0.0808,6929
0.302,563
-0.0188,5454
0.35,1349
0.0701,3032
0.0401,3403
0.0398,4230
-0.108,7734
-0.24,9911
-0.222,7733
0.166,745
-0.0431,6669
-0.471,8400
-0.734,9324
0.083,2596
0.118,2891
-0.201,8535
-0.0289,5499
0.323,1216
0.188,549
-0.132,9192
-0.0732,6088
-0.0892,6864
-0.319,7988
0.259,2110
0.0112,4683
0.0275,3824
-0.173,8704
0.0832,2607
-0.0934,8202
-0.0312,6095
-0.157,10337
0.041,3669
0.215,1440
-0.223,7373
-0.107,6977
0.0185,4392
-0.0448,6630
-0.0953,8529
-0.222,9009
0.0193,4462
0.102,2688
-0.11,7429
-0.0321,5849
0.203,1426
-0.336,7585
0.0761,3539
0.2,973
-0.178,8654
0.0267,4203
-0.0983,9049
-0.675,8137
-0.234,8839
0.212,1894
0.06,1830
-0.0274,6942
-0.00623,5496
-0.0913,3377
-0.106,5067
-0.104,6415
0.0184,4779
-0.025,5388
0.548,2016
-0.543,9835
-0.811,9616
-0.337,8560
0.184,2791
-0.00311,4796
0.0374,4362
-0.189,10300
0.0297,3327
-0.256,5611
-0.281,7810
0.747,1209
0.623,1419
-0.0315,5518
-0.072,7988
0.851,2
0.0624,3507
-0.0772,6702
-0.065,7140
0.0749,2837
0.609,122
-0.161,9350
0.0967,3000
0.0759,1111
-0.11,9928
-0.0269,6239
0.129,2064
-0.145,9620
-0.00922,5280
0.282,666
-0.0243,6260
-0.14,10216
-0.704,8288
-0.217,7227
0.451,692
0.397,581
0.154,1580
-0.0896,7355
-0.109,4424
-0.0606,6107
0.0941,2787
0.00121,5000
-0.00783,5758
-0.153,7541
-0.261,5794
0.665,309
0.0431,2413
0.0128,3641
0.0193,4673
0.115,2484
0.0359,4135
0.0956,2305
-0.138,9310
0.00955,4836
0.148,1693
0.122,3054
-0.00365,5115
-0.087,6481
0.0121,4796
0.0802,1102
-0.124,7149
0.467,106
0.0237,4178
0.0484,3067
-0.141,9771
0.0569,3517
-0.154,9296
0.358,52
0.39,784
0.634,26
-0.198,7898
0.133,515
-0.0335,5568
-0.191,8258
0.128,2161
0.0231,4257
-0.0478,7529
-0.0484,7065
-0.375,8148
0.241,2005
-0.0884,8265
0.178,2513
-0.0555,7729
-0.232,8852
-0.193,8206
0.142,2275
0.268,808
-0.347,10324
-0.105,8566
-0.163,6188
0.235,1557
-0.023,5651
0.0702,3275
-0.0326,7241
-0.0859,9076
-0.0399,6093
0.317,2483
-0.144,8487
0.169,2376
-0.0126,5994
-0.00968,5328
-0.0751,8298
0.117,1460
0.0809,3711
0.0805,2992
-0.0594,7007
0.0686,3361
0.0452,2656
0.0267,3985
0.101,1712
0.186,1791
0.162,2118
0.0637,2752
-0.0585,7543
0.0724,2580
0.154,1338
0.0913,2690
0.0386,3724
-0.0224,6297
-0.00468,5078
0.0813,3111
0.0682,3350
0.215,1109
0.16,809
-0.0376,6153
-0.0489,7695
0.00384,4844
0.187,1027
-0.0712,8393
0.102,2235
-0.0782,8450
-0.113,7299
-0.0505,6356
-0.0393,7341
-0.367,8591
-0.0914,9027
0.0298,4203
0.0413,3734
-0.111,6305
-0.19,8263
-0.0544,6186
-0.00549,5369
0.00955,4916
-0.0968,8022
-0.126,8868
-0.00628,5139
0.154,1945
0.0398,3453
0.0248,4281
0.0224,4349
0.0139,4494
-0.00567,5134
0.00727,4818
-0.0531,6403
-0.0669,8535
0.0624,3407
-0.201,9731
0.069,2305
0.909,13
-0.095,8155
-0.0855,8364
-0.0223,5345
-0.244,8770
-0.398,9330
-0.0755,7872
0.0581,3771
0.201,944
-0.122,7712
-0.084,6412
0.0133,4576
0.345,58
0.224,175
-0.0508,7031
-0.131,8105
-0.0883,8249
-0.218,10386
-0.0329,6379
-0.167,9527
-0.00436,5099
2.27,498
0.412,14
0.000339,5009
0.112,1528
0.22,805
-0.0732,6864
-0.00958,5111
-0.004,5092
0.299,395
-0.125,8152
0.0839,1051
-0.0528,8808
-0.0666,6756
-0.246,9891
-0.0136,5606
-0.215,8477
-0.0346,6549
-0.0919,7438
-0.235,9255
0.127,2797
0.101,1993
-0.178,9164
0.118,1468
0.123,1916
0.127,2505
0.0714,3582
0.585,1290
-0.376,10246
0.337,798
-0.0704,8467
0.0129,4601
0.602,2014
-0.0956,7610
-0.0122,5441
-0.0166,6128
-0.111,10178
-0.177,7093
0.143,579
0.18,1206
0.0101,4760
0.113,1239
0.214,474
0.00342,4890
-0.453,10062
-0.0192,6090
-0.0642,6534
-0.0286,6278
-0.0669,8697
0.047,3847
-0.029,5727
0.0434,4429
-0.0674,8019
0.671,49
0.102,2112
0.168,1542
-0.173,9525
-0.063,5488
-0.199,8416
-0.025,5865
-0.113,8292
-0.172,9298
-0.0816,7068
-0.0974,6573
0.26,828
0.115,1320
-0.0992,9179
0.493,194
-0.017,5626
-0.176,9664
0.212,404
0.0395,2419
0.308,93
-0.0346,6552
-0.151,8789
0.165,1535
0.0382,3993
-0.0855,8237
-0.0518,6801
-0.197,9811
0.0628,3033
0.533,509
1.18,68
0.00793,4575
0.0659,2184
0.0984,2078
-0.214,10033
0.221,1707
-0.0043,5045
-0.0189,5578
0.0462,2110
-0.103,7037
-0.205,9485
-0.25,8716
-0.0613,7195
0.00326,4897
0.0708,2677
0.179,1427
-0.214,10095
-0.0164,5318
0.156,3095
0.246,352
0.0368,3861
-0.0644,6086
-0.0198,5935
0.114,2412
0.0887,2638
0.0189,4211
0.0173,4292
0.0252,4490
-0.0727,7926
0.0481,3567
0.0841,2886
-0.115,9317
0.00102,4897
0.00111,5194
0.208,314
0.311,698
0.00619,4791
-0.0986,7752
0.14,2064
-0.139,9407
-0.11,6052
0.0451,3789
0.0491,2164
0.025,4077
-0.0512,7285
-0.0157,5346
0.0435,4382
0.00945,4660
0.0498,2447
0.00588,4687
0.24,702
0.0485,3313
-0.0201,6156
-0.151,7576
-0.0952,8366
0.244,957
-0.00251,5223
0.101,3076
-0.0584,5968
-0.0526,5246
0.0132,4393
-0.0546,7403
0.0456,3719
0.0275,4460
-0.0651,6007
0.13,868
-0.00472,5303
-0.101,8689
0.11,2953
-0.198,9369
0.441,336
0.219,2534
-0.294,10105
-0.0435,6112
-0.218,7426
-0.0363,6138
0.117,2254
0.0222,4392
0.0196,4786
-0.092,7040
0.138,3178
-0.0288,6047
0.541,89
0.448,323
-0.0526,6572
-0.0576,6260
0.0116,4752
-0.0635,6545
-0.144,8338
0.0679,3571
0.339,339
-0.301,10159
-0.17,7792
-0.0948,7410
-0.179,8429
-0.0625,6097
-0.2,10256
-0.0516,7643
0.0688,2450
0.0757,3089
-0.0192,6083
0.324,306
0.139,2607
-0.0256,6157
0.163,2977
0.0574,3992
-0.115,7802
-0.00142,5195
-0.0619,8597
-0.0817,8805
-0.209,9727
-0.0243,5876
-0.344,9267
0.323,962
0.0104,4883
0.0115,4686
-0.1,8353
-0.296,9719
-0.102,6733
-0.106,7357
0.117,1344
0.0067,4804
0.066,3131
0.0594,3003
-0.115,7646
-0.0333,5932
0.215,934
-0.148,9478
0.285,1943
-0.137,6137
0.272,2195
-0.143,9384
-0.00308,5567
0.268,1147
-0.177,8187
-0.385,10215
-0.321,7230
0.0167,3923
0.0441,3697
-0.0216,5214
0.35,41
0.00661,4816
0.066,3343
-0.0236,6165
-0.0699,8170
0.0703,3058
0.0541,3567
-0.313,9989
-0.104,6802
-0.0859,7489
0.014,4807
-0.621,8092
0.0326,3716
-0.0838,8088
0.0592,3409
-0.0718,8653
-0.0441,7671
-0.217,9537
-0.198,8093
0.859,423
-0.074,8005
0.105,2597
0.0543,3669
0.13,2444
-0.00511,5198
-0.172,9375
0.0484,3843
0.0481,3407
0.0532,3178
0.76,1774
0.0188,4200
-0.0209,5925
-0.156,7308
0.183,318
0.000599,5354
0.39,2603
0.197,505
0.125,2932
0.326,99
0.166,457
-0.108,8222
-0.0409,6176
-0.0211,5338
0.158,192
0.0288,3272
-0.172,9030
-0.249,8494
0.195,2539
0.162,1532
-0.354,9544
0.249,842
0.199,781
-0.0134,5942
-0.151,9972
-0.0119,5392
-0.0833,7729
0.0143,3693
-0.225,10372
0.163,2581
0.0684,3523
-0.1,4244
-0.00137,5007
-0.178,9352
0.381,1291
0.17,1390
0.19,1908
0.0625,3912
-0.295,9217
0.228,351
-0.124,6024
0.122,1468
0.19,1942
-0.081,6942
0.0319,4548
0.375,60
0.0859,1684
0.125,1248
-0.0345,6013
-0.038,6607
-0.00375,5110
0.289,203
0.0358,3860
-0.164,9642
-0.35,10451
0.0682,3299
-0.0487,5867
-0.257,6112
-0.223,9314
0.0329,4032
-0.189,9603
-0.232,9862
0.299,1109
-0.0287,6201
-0.086,8792
-0.0212,8714
-0.118,7895
-0.221,8264
-0.207,8488
-0.0121,5369
0.0314,4045
-0.219,10312
-0.0583,7652
-0.0697,7781
0.00523,4722
-0.0201,5419
-0.0397,7165
0.0931,2636
0.0594,3009
0.0149,4522
-0.0382,6016
-0.0766,6912
-0.0202,6939
-0.038,7143
-0.147,9087
0.0605,2364
0.265,130
-0.0895,7302
0.186,1150
-0.163,9587
0.131,2667
-0.042,6100
-0.0259,6231
0.158,1408
-0.0766,7573
-0.117,7959
0.48,31
0.17,1423
-0.249,10156
-0.111,8719
0.106,3089
0.116,3525
-0.0417,5636
0.25,186
-0.103,8831
-0.0915,9714
-0.349,8323
-0.184,8045
-0.209,8078
0.0402,4012
-0.0326,6356
-0.0729,7747
-0.0719,8716
0.092,2238
-0.228,9933
-0.414,10423
0.222,162
-0.104,10128
0.233,1464
0.0331,4270
0.0735,2980
-0.0481,5793
-0.163,9682
-0.16,9508
-0.272,10132
-0.0218,5284
0.0577,4061
-0.101,9140
-0.153,9864
-0.101,8171
0.0291,3954
0.137,2559
-0.0123,5521
-0.00819,5590
0.0807,2835
-0.0981,8277
-0.181,9194
-0.0726,6549
0.126,1769
-0.113,9353
0.0245,4204
0.151,1245
0.105,2454
-0.142,6774
-0.0425,6664
-0.179,8814
0.35,169
-0.109,9453
0.0948,1106
-0.115,8634
0.0824,3014
-0.0373,6981
0.202,1758
0.0657,2509
0.0309,4154
-0.0506,6742
0.248,466
0.000746,4929
-0.348,9495
0.202,317
-0.158,7303
0.132,1473
-0.0569,6765
0.117,953
-0.0508,7458
-0.156,8647
0.0535,3616
-0.206,9823
0.00404,4895
-0.143,8162
0.00897,4652
-0.0848,6884
-0.0109,5507
-0.274,10332
-0.0216,5605
-0.183,8717
-0.224,9829
-0.0722,6896
0.22,824
-0.309,7144
0.129,1827
-0.0242,6451
-0.127,7975
0.0548,3739
-0.0395,6760
0.0576,3363
-0.00188,5453
0.0752,3751
-0.0342,6431
-0.00145,5073
-0.168,7207
-0.0541,5586
0.061,2935
0.0967,1990
-0.107,8264
0.156,1449
-0.0666,7324
0.447,267
-0.32,10156
0.237,226
0.0264,3674
0.638,98
0.277,915
-0.0727,7033
-0.0945,8229
0.0731,2681
0.0698,3227
0.0135,4686
0.0239,4365
0.193,1154
0.0777,3236
-0.0563,8202
-0.227,10205
-0.263,9809
-0.0153,5770
0.113,2881
-0.177,8292
0.0894,2664
0.15,1139
0.744,633
-0.0585,6143
0.323,714
-0.113,8873
-0.0222,5625
0.271,198
0.00339,4963
0.0935,2345
-0.14,8818
-0.101,7026
0.0917,938
-0.0627,7866
0.05,3464
0.48,312
0.0584,3911
0.0681,2887
-0.0375,6852
0.139,1401
0.0449,3559
-0.0742,6970
0.136,1257
0.0284,4275
-0.152,9124
0.0322,3435
-0.362,9775
-0.121,7571
-0.0413,6391
-0.0438,5499
0.0267,4075
-0.00694,5185
-0.226,10030
0.364,76
-0.00274,5260
0.00132,5085
-0.0578,7166
0.0611,3303
-0.0344,6496
-0.0532,6246
0.135,2965
0.185,156
0.289,1442
-0.0604,7441
0.0527,3335
0.338,542
0.07,3656
0.282,1451
-0.0325,5734
-0.0756,7898
0.432,1463
-0.0105,5218
-0.111,9186
-0.115,8523
-0.0913,9712
-0.0357,7243
-0.0568,6333
-0.187,7977
0.108,2507
-0.265,9734
0.172,560
0.0177,4255
-0.19,9790
-0.0529,6492
-0.376,9481
-0.0434,6372
-0.00429,5177
-0.102,9226
0.206,1346
0.0107,4754
0.535,587
0.167,1993
0.0784,1571
-0.118,8899
-0.0705,7844
-0.119,8077
-0.00535,5552
-0.216,10310
0.0684,2789
0.107,2035
0.572,4
-0.352,9343
-0.387,10092
-0.0654,6892
-0.0255,6481
0.158,1658
0.00752,4826
-0.279,9882
0.178,868
-0.0992,8662
0.185,1181
0.0259,4164
-0.106,6032
0.0998,3215
-0.228,9814
0.283,1483
0.00799,5090
-0.204,9196
0.284,990
0.0897,1216
0.135,1537
0.152,2692
0.0234,3719
0.00396,4822
0.165,1625
0.0103,4406
0.0938,2328
-0.0334,6390
-0.173,9991
0.176,634
0.0211,4392
0.109,2660
0.733,500
-0.166,7910
0.00702,4887
0.336,117
-0.0719,7810
-0.00377,5230
-0.122,8775
0.0866,2902
-0.0491,7856
-0.0436,7965
0.0198,4732
-0.0682,7126
-0.104,7410
0.0733,2622
-0.0878,8865
0.287,95
-0.113,8267
-0.165,8509
-0.124,6198
-0.486,10177
0.188,730
0.000924,4921
-0.167,9408
-0.0316,6470
-0.0392,6200
-0.142,7890
-0.0611,6411
0.257,184
0.0164,4559
-0.151,7826
-0.0721,6769
-0.199,10119
0.107,1494
0.0704,2384
-0.0534,7121
0.107,2639
0.108,2569
0.00842,4745
0.085,1706
-0.158,10326
-0.0885,6747
-0.0127,5459
0.231,1883
0.00562,4704
-0.0766,8211
0.0403,3461
0.122,2170
0.106,2277
-0.0848,7516
0.554,509
0.334,475
0.0226,4125
-0.131,9228
0.0743,3254
0.00796,4841
0.00181,4931
-0.00741,5589
-0.0975,8972
0.034,3442
0.0346,4499
-0.00188,4931
0.0871,1707
-0.184,8649
-0.0123,5614
0.199,1095
0.0964,1907
-0.182,8624
0.137,3016
0.247,327
0.0243,3590
0.329,110
-0.109,7719
0.532,384
-0.0241,5899
-0.248,9874
-0.0332,6741
-0.111,7438
0.151,1983
0.325,1083
-0.24,8713
0.0281,4175
-0.0768,8170
-0.31,9870
0.184,2224
0.0321,4020
-0.0332,6436
-0.52,10364
0.168,552
-0.299,10375
-0.00441,5221
-0.207,10105
0.0918,3254
0.11,2314
0.217,383
-0.0561,6935
0.141,2240
-0.0178,5411
0.191,1563
-0.149,9570
-0.268,9947
-0.192,6996
-0.13,8155
-0.115,8696
-0.209,9728
0.0471,2540
-0.0419,7130
-0.0279,5690
-0.0344,5599
0.0339,4168
0.125,2161
-0.0794,9771
0.00835,4712
-0.29,9180
-0.135,8403
-0.208,9157
-0.0649,6848
-0.11,8006
0.0204,3925
0.00423,4939
0.0868,3794
-0.152,7789
0.00533,4925
0.0136,4730
-0.147,9634
0.134,1421
-0.0715,5935
0.0654,3716
0.335,28
0.115,2377
0.231,179
-0.14,9203
0.0013,4919
0.0412,4148
0.0201,4484
0.00584,4721
-0.0573,7735
0.0266,4524
0.118,2591
0.269,1256
-0.00919,5142
0.196,66
-0.0142,5508
-0.0529,8308
0.177,1902
-0.473,10406
0.221,1481
-0.141,9571
0.314,420
-0.412,10430
-0.204,10261
-0.4,9637
0.0085,4841
-0.119,9484
0.0109,4800
-0.0124,5361
0.00867,4771
0.182,1715
-0.0519,6448
-0.185,10196
0.248,0
-0.11,7874
0.165,1056
-0.00968,5112
-0.136,7427
-0.0922,9184
-0.0763,8435
0.106,1746
-0.122,8329
-0.0472,5839
0.203,2518
0.0387,3968
-0.133,9911
0.0958,3406
0.023,4438
-0.108,7410
0.428,738
0.0112,4399
0.122,1313
0.592,223
-0.105,8002
-0.249,10114
-0.00147,5039
0.0451,2621
-0.0102,5552
-0.105,7665
0.0863,3457
0.106,2876
0.0159,4676
-0.0426,9142
0.13,617
-0.209,9285
0.162,954
-0.289,7142
0.107,3210
0.241,950
-0.0124,5520
0.109,2016
-0.267,9905
-0.0302,6505
-0.424,9802
0.129,922
0.0572,2630
-0.11,8440
-0.137,7450
0.4,637
-0.143,8126
-0.0665,6954
0.226,2914
0.289,538
0.36,159
0.299,241
-0.0921,7871
0.0411,3431
0.122,1962
0.19,736
0.126,2084
-0.0287,5920
0.368,243
0.164,1704
-0.259,10415
0.0801,1746
0.114,3334
0.169,2682
0.298,948
-0.109,9180
-0.00132,5130
0.0799,2939
0.115,3132
0.0263,4302
-0.0265,6406
0.257,986
-0.112,7153
0.16,1242
0.0798,2958
-0.00482,5435
0.0045,5110
0.0566,2506
-0.04,7237
0.359,135
0.306,1176
-0.0611,5742
0.361,349
-0.0982,6490
0.36,1188
-0.0791,6443
-0.00419,4919
0.00123,5112
-0.185,9735
-0.293,9475
-0.0271,5683
0.0325,4176
-0.0671,6602
0.0388,3905
-0.0149,5532
0.027,3490
-0.0372,6784
0.0785,2465
0.103,1783
-0.0482,7263
0.132,1154
-0.172,7098
-0.207,6147
0.297,667
0.0341,4304
0.0414,3576
0.046,3512
0.0399,4226
0.36,968
-0.0428,5748
-0.258,9897
-0.0774,9606
0.241,474
0.666,61
0.072,2168
0.765,1227
0.0257,4341
-0.184,9787
0.198,776
-0.0536,6490
0.0468,3065
0.0504,4023
0.614,628
0.0662,1963
0.00841,4546
0.0275,4451
0.301,1094
-0.155,9739
0.153,3310
-0.107,9380
0.0162,4417
0.0692,3152
0.0969,2215
0.0295,4301
0.367,1582
-0.0108,5565
0.0235,4148
-0.027,5500
0.22,456
-0.0464,6141
0.0944,2634
-0.23,10447
0.282,89
-0.111,8457
0.147,1970
-0.0258,5423
0.074,3979
-0.0397,6015
0.23,1311
0.299,448
0.533,786
-0.0506,6208
-0.203,9170
0.0682,1708
-0.125,5584
0.247,2196
0.108,632
-0.166,9038
-0.174,10211
-0.0444,7260
-0.182,9267
0.122,2581
-0.0403,5947
-0.0985,7183
0.113,973
-0.0594,7421
0.137,1168
-0.464,8019
-0.166,8940
-0.284,8749
-0.0409,6449
0.128,873
0.339,374
-0.252,9862
-0.0602,6601
0.258,942
-0.138,7869
0.00898,4549
0.204,1666
-0.0184,5269
-0.00546,5090
-0.184,8106
-0.174,9202
0.0366,2702
0.31,544
0.0134,4718
-0.132,7564
0.0302,4249
-0.118,9016
0.122,2298
-0.0225,5907
-0.072,6494
-0.257,9153
0.0169,4539
0.0598,2728
0.0335,3725
0.115,1752
-0.113,9762
0.0959,2795
0.087,1799
-0.0525,7045
-0.113,8621
-0.164,8758
-0.0663,6958
0.611,358
0.0227,4606
-0.053,6973
0.18,1051
-0.224,10242
-0.0968,8090
-0.204,8205
-0.02,5354
0.165,202
0.0472,3536
0.0243,4341
0.324,99
0.047,3248
-0.203,8118
-0.0244,6494
-0.0483,6548
-0.368,9087
0.0299,4416
0.0619,3907
0.177,2666
-0.0514,7713
-0.13,8088
0.0945,1038
-0.197,8256
-0.155,7728
-0.109,8229
0.276,625
0.124,964
-0.182,9701
-0.0143,5450
0.504,1557
-0.0377,6819
0.0791,1661
0.0867,2055
-0.051,6525
0.016,4532
0.0296,4377
-0.0131,5298
0.0889,1079
0.123,2231
-0.14,7746
-0.178,8015
0.0515,3144
0.165,790
-0.0338,6253
0.0563,2934
0.0572,3185
-0.239,10320
-0.371,9844
0.0514,3663
-0.0897,6730
0.195,2036
-0.683,9507
0.0188,4781
0.106,1938
0.139,1906
-0.261,9922
0.174,2975
0.0143,4022
0.0352,4092
0.289,146
-0.123,10434
0.107,2762
-0.0979,8517
0.43,388
-0.0605,6792
0.0637,1415
-0.0113,5450
-0.175,9345
-0.128,6650
0.0865,3515
-0.159,9291
0.108,1922
-0.108,9386
-0.484,6803
-0.164,8671
0.0439,4230
-0.22,9717
-0.109,9298
0.0554,2727
2.46,205
0.139,2605
0.0271,4387
-0.0372,6082
-0.0119,5835
0.0166,4373
-0.152,9400
-0.134,9303
-0.0913,7890
0.0443,2921
0.158,1005
0.0926,1756
0.0845,3204
-0.0172,5681
0.214,1471
0.329,1085
-0.134,8523
-0.00133,5185
0.104,2079
0.00189,4975
-0.236,8728
-0.202,9318
-0.0255,6546
-0.125,10015
0.0583,3259
0.123,2629
0.189,2365
0.161,1366
-0.0188,5548
0.0492,2852
-0.0213,5867
-0.203,9857
0.0537,3516
-0.00895,5461
-0.0535,6998
-0.0353,6367
-0.223,9615
0.154,1298
0.0526,3019
0.0478,4232
0.0115,4239
-0.08,7667
-0.209,9954
0.0254,4081
-0.0701,7108
-0.232,8555
0.16,574
-0.129,8857
-0.0883,7342
-0.0844,8043
-0.0911,7807
-0.129,9428
-0.117,8463
-0.0388,6688
-0.0403,5536
0.241,455
0.158,1541
-0.381,10119
-0.262,10237
0.0367,3675
0.00146,5243
0.299,260
-0.148,6835
-0.0665,7873
0.0722,3131
-0.19,9899
0.0412,4322
-0.0783,6574
0.0384,4188
-0.181,9324
-0.0212,5875
-0.0835,6847
0.0977,2954
-0.0309,5736
0.0942,1902
0.352,86
-0.125,9471
-0.0592,6594
-0.127,7566
-0.252,8527
-0.398,10171
-0.221,9898
0.0213,4546
0.177,1922
0.0818,2268
0.0536,3831
0.000268,4869
0.0669,1736
-0.0134,5532
-0.329,10215
0.0245,4309
0.165,2105
-0.187,9486
0.214,134
0.142,1034
-0.0763,6861
-0.0888,7015
0.153,1592
0.188,636
0.0425,3724
-0.194,9148
-0.0837,6973
-0.146,7837
-0.0603,6662
-0.000494,5083
-0.0589,6199
-0.0982,7258
0.0171,4444
0.163,1872
-0.281,9860
-0.16,8741
-0.143,9669
0.0545,3456
0.0723,2663
-0.254,10274
-0.000317,5222
0.0727,2020
-0.0265,6392
0.0642,2514
-0.0241,6041
-0.0544,6619
-0.00407,5303
-0.125,8017
0.11,978
-0.0165,5920
0.0262,4368
-0.0436,5848
-0.118,6873
-0.117,7577
0.103,2314
0.0204,3415
0.165,1347
-0.227,9643
0.0205,4389
-0.0363,5732
-0.19,8484
0.0171,4507
-0.228,10149
0.18,955
-0.0489,5858
-0.12,8647
-0.0683,8193
-0.0528,6487
-0.141,8704
-0.369,10370
-0.0549,7768
-0.318,9756
0.0628,1771
-0.0192,6247
0.247,1391
0.00335,4895
-0.158,7477
-0.026,5156
-0.0673,7544
-0.0179,5464
0.0849,3231
-0.0979,8095
-0.0959,7227
-0.225,9276
0.00166,4976
0.0748,2189
-0.112,8521
0.258,139
-0.208,8517
0.339,2517
0.238,813
0.0443,3270
0.0956,2313
0.0169,4629
-0.089,7059
0.0902,1657
-0.106,8423
0.14,1835
0.00607,4800
0.0923,2352
0.231,534
-0.528,9441
-0.0969,9021
0.121,1815
-0.167,5360
-0.439,9380
-0.082,7329
0.485,323
-0.0684,6772
-0.0858,8143
-0.276,9277
-0.0861,6833
-0.0168,5924
0.159,1238
-0.0631,7270
0.0158,4169
0.151,1704
0.118,2634
-0.106,6834
0.0062,4639
-0.131,9996
0.088,1989
0.404,1039
-0.0672,6349
0.0793,3142
0.0441,3727
-0.0703,7784
-0.0859,6806
0.00274,5073
-0.0119,5348
-0.161,6559
0.0817,2688
-0.409,10048
0.0065,4803
-0.00687,5194
0.33,462
0.0173,4311
-0.234,10174
-0.0238,6217
0.0502,3838
0.162,957
0.237,1055
-0.151,7746
0.226,1132
-0.0987,8002
0.0613,2864
-0.153,8092
0.0101,4764
-0.0861,8529
-0.011,5644
-0.111,9175
-0.0172,5540
0.0712,2303
-0.12,9011
-0.0868,9198
-0.0583,7494
0.0391,3385
-0.0107,5462
-0.00162,5346
-0.198,8388
0.0878,878
-0.16,8922
0.17,1114
-0.211,9252
0.126,2038
-0.262,9924
-0.15,9745
0.146,1019
-0.209,10423
-0.124,9982
0.13,2099
0.233,648
-0.148,7637
0.173,2498
0.00408,4844
-0.0728,9033
-0.0114,5315
-0.204,9234
0.0113,4476
0.303,1297
-0.0705,7771
-0.113,8044
-0.225,6899
-0.0403,5561
0.141,2245
0.375,1191
0.727,215
-0.134,8999
-0.484,7951
-0.568,7814
0.0869,3411
1.07,748
-0.0949,7120
-0.012,5428
-0.108,7137
-0.0524,5763
-0.0887,8736
0.0509,3435
-0.247,9833
-0.059,6692
0.194,2807
-0.0951,7195
-0.112,9557
-0.0959,7852
-0.0375,6425
0.0405,3738
-0.122,7402
0.0742,2886
0.0652,1263
0.0186,4561
0.109,2789
-0.107,6599
0.0684,2600
0.0526,2099
0.177,1506
0.00768,4850
-0.0908,7577
-0.256,9052
0.124,3077
-0.0271,7876
-0.0713,9382
-0.0821,7210
-0.00093,5148
0.249,309
-0.358,10312
-0.0516,6089
-0.116,9556
0.00584,4851
0.172,1264
-0.108,9129
0.23,816
-0.0662,7651
-0.0171,6026
-0.0693,8180
-0.0597,7057
-0.207,8853
0.31,512
0.0771,3570
-0.212,9717
-0.00748,5467
-0.101,7913
-0.165,7592
-0.219,10280
0.0947,2226
0.0162,4608
0.0471,3364
-0.0339,6635
-0.248,9503
0.166,536
0.12,2508
-0.0733,7996
0.0426,2647
-0.00694,5490
-0.0268,6318
0.132,2830
0.371,893
0.00556,4894
-0.0106,5474
0.0261,4333
-0.0107,5479
0.149,1717
-0.00978,5650
0.28,1548
-0.106,8096
-0.00495,5144
0.0378,4023
-0.552,10212
-0.0996,7560
0.0762,1910
0.0459,2624
0.317,523
0.192,1305
-0.255,10185
0.127,492
-0.155,9591
0.0494,2971
0.177,507
-0.137,8810
-0.0387,5925
0.108,3335
0.0208,4422
0.193,227
-0.17,8736
0.0257,4026
-0.147,6717
-0.4,9899
0.0344,3775
-0.0486,7528
0.0911,2588
0.04,3490
0.104,2495
-0.368,10435
0.51,283
0.0722,2291
-0.0359,6298
0.116,2549
-0.00691,5261
0.232,1406
0.0344,4139
-0.123,8570
0.13,1951
0.258,616
-0.386,10098
-0.334,10156
-0.0387,7853
-0.544,10288
-0.28,10138
0.191,610
0.101,2963
0.253,2073
-0.0284,6636
-0.0365,6987
-0.417,10419
-0.383,9791
0.139,2267
0.494,801
0.0779,2474
-0.0563,7266
0.243,559
0.0335,3797
0.206,1598
0.271,218
-0.16,8501
0.00706,4645
0.0989,2845
0.000741,5053
0.155,1770
0.0945,1682
0.161,1557
-0.278,9969
0.154,1402
0.363,1025
0.0235,4482
-0.0176,5365
-0.1,6158
-0.0224,6672
0.0821,2002
-0.0802,8656
0.266,1963
-0.117,7013
0.15,889
-0.0346,6814
0.0367,4214
-0.0619,7801
-0.152,8711
0.382,144
-0.0173,5433
0.0146,3587
-0.0983,8245
0.187,1904
-0.214,8056
0.115,2672
0.0291,4268
0.0402,1504
0.204,368
-0.244,10043
0.0155,4639
-0.137,9155
-0.0577,6970
-0.0699,7499
0.105,3755
-0.208,9965
0.0914,3017
-0.159,8996
0.174,2127
-1.62e-05,5181
-0.0249,5751
-0.114,7793
-0.106,8730
-0.149,8253
-0.0699,6759
-0.0553,6909
0.106,2181
0.15,1285
-0.403,9522
-0.0542,6771
-0.0234,6813
-0.0384,7737
-0.224,9325
-0.0912,7548
-0.0584,7402
-0.115,8785
-0.00377,5509
0.0993,1402
0.106,2187
-0.0878,7396
-0.121,8077
0.111,2617
-0.103,6441
0.0607,2439
-0.00979,5128
-0.233,8874
-0.206,7495
-0.251,9939
-0.0278,5995
0.0713,1591
0.0552,3411
0.0411,3540
-0.0034,4834
-0.134,8463
-0.16,10026
-0.066,7598
0.0384,4133
0.157,1753
0.226,417
-0.0591,6073
0.366,10
-0.0109,5710
0.0837,2855
-0.0666,6258
-0.118,8101
0.102,2130
0.0653,2600
-0.0135,5712
-0.122,6826
-0.0733,6438
-0.00158,5057
-0.92,9804
0.0235,3824
0.251,191
0.172,3181
-0.0328,6333
0.0278,4538
-0.451,9639
-0.0095,5234
-0.148,9217
0.126,873
-0.00293,4861
0.121,2349
-0.042,7718
-0.0945,7841
0.283,612
-0.069,6318
0.0843,2606
0.00844,4859
-0.288,10142
0.0909,1751
-0.227,10332
-0.082,7220
-0.0161,5986
0.174,2323
0.271,1774
-0.285,10420
-0.0604,6135
-0.0312,5796
0.0646,3776
-0.196,9312
0.1,767
-0.0432,7815
-0.107,9488
0.0108,4664
0.0504,4118
0.0346,3627
-0.443,10256
-0.184,10039
-0.0221,5968
-0.0325,6497
0.184,2081
0.12,1513
-0.15,9134
-0.213,8690
0.152,1918
0.0127,4769
-0.3,8212
0.106,2381
-0.307,6293
-0.0373,6730
-0.0609,8562
0.397,103
-0.0693,7001
0.0278,4599
-0.591,8308
0.0613,1765
0.00138,4711
0.175,826
-0.299,10462
-0.119,4115
1.27,17
0.0284,4046
0.141,1501
-0.263,10339
-0.0305,6168
-0.168,10119
-0.0326,5847
-0.0931,8092
-0.0072,5342
0.625,7
0.0603,3503
1.34,532
-0.182,7814
-0.0535,7704
0.149,242
0.117,3161
0.127,3037
-0.235,10136
-0.0953,7403
-0.168,10032
-0.0077,5516
0.117,1767
0.311,559
0.811,381
-0.165,7696
0.0811,1489
0.139,1115
-0.198,7802
-0.123,7233
-0.157,9054
0.159,1777
-0.0279,6348
0.294,171
-0.206,9591
-0.108,8972
-0.000201,5102
-0.112,8023
-0.0818,8397
-0.213,9675
0.0288,4237
0.0769,2066
0.0187,4063
0.0712,3065
-0.111,8122
-0.219,8986
-0.137,8520
-0.134,9582
-0.0563,7813
0.259,1131
-0.000757,5073
-0.0941,7769
-0.0375,5948
0.888,123
0.082,2377
0.0643,3666
0.104,1962
-0.16,8510
0.263,842
-0.00491,5206
0.0533,3354
0.347,836
0.153,1624
0.0284,4103
0.225,1764
-0.0145,5609
0.00164,4818
0.14,3285
-0.28,10227
-0.134,7485
-0.249,10223
-0.0466,8005
-0.133,9621
-0.395,10350
-0.269,10122
-0.0969,8621
0.0393,4300
-0.0262,5902
-0.185,9347
-0.0805,6541
-0.141,8665
-0.0715,8333
-0.0913,8221
-0.00811,5332
0.124,369
0.148,1391
0.00349,5122
-0.0334,5807
-0.164,10238
-0.285,10031
0.00379,5028
-0.565,9388
0.105,3541
0.336,1789
0.189,1528
-0.0873,8594
-0.0995,8883
-0.101,9492
-0.00286,5285
-0.294,10118
0.181,544
-0.00479,5361
0.255,945
0.858,1
-0.173,7857
-0.267,9225
0.0754,3314
-0.19,8769
-0.0766,7566
-0.028,5915
-0.106,8682
-0.135,9665
0.161,498
0.0771,2873
0.139,1744
0.118,2691
-0.00609,5249
-0.0382,6522
-0.116,8521
0.0485,3482
0.0701,3131
0.103,2522
0.0494,3723
0.0965,3589
0.101,1292
0.0002,4994
-0.134,8785
0.143,2501
-0.0764,7833
0.0582,1641
0.198,2181
-0.0164,5623
-0.0474,7051
-0.17,9660
-0.144,8393
-0.0218,6354
0.0225,4337
-0.0745,6936
0.0376,4315
0.0892,2925
-0.402,9796
-0.0869,8141
0.127,2721
0.162,1243
-0.171,10024
-0.145,8056
0.525,210
-9.55e-05,5019
0.042,3890
0.109,2741
-0.0153,5233
-0.271,8460
-0.152,8028
0.134,1366
0.18,1898
0.282,1128
-0.0556,6841
-0.415,10286
-0.137,7495
-0.232,9647
-0.031,6637
0.00679,5063
-0.0441,6414
0.158,1492
0.154,2404
-0.0728,7962
-0.0837,8507
-0.0249,5852
-0.147,8156
-0.439,9441
-0.0679,6283
0.0939,1892
0.0673,2794
0.431,472
0.0539,3407
0.0163,4716
0.0208,3858
-0.0999,8938
-0.153,8899
-0.0333,5849
0.0111,4639
-0.096,7875
0.00621,4938
0.211,1159
0.0692,3102
0.0137,4465
0.159,1978
-0.2,7629
0.0304,4566
-0.0985,9134
0.0109,4720
-0.0152,5421
-0.0972,6766
-0.0975,7185
-0.119,6419
-0.0246,6393
-0.12,10239
0.137,2951
-0.12,7165
-0.0184,5559
0.0124,4567
-0.0079,5066
-0.0651,7664
-0.0597,6766
0.0978,3083
0.297,353
-0.0808,7286
-0.144,7503
-0.218,10114
0.0494,3108
-0.0767,8125
-0.188,9298
-0.127,7583
0.0167,4435
-0.0044,5329
0.336,118
-0.192,9111
0.246,145
-0.517,10255
0.0145,4590
-0.101,8304
0.0563,3299
-0.000429,5173
-0.14,7402
-0.000726,5191
0.0237,4081
-0.00126,5039
-0.911,10054
-0.092,6845
0.125,2391
0.0242,4549
-0.211,8590
-0.223,10233
0.0867,3143
-0.362,6751
0.0311,4150
0.00173,5014
-0.0107,5914
-0.0445,6410
0.0537,2246
-0.384,10345
-0.285,8913
-0.121,8605
-0.0525,7103
-0.0663,6674
0.0938,3719
0.114,2921
-0.00759,4998
0.0424,3465
-0.0994,9577
0.038,3969
-0.0519,6240
0.0996,3205
0.0539,3787
-0.0091,5305
0.00706,4632
-0.0155,5501
0.134,1824
-0.00954,5564
-0.0855,6422
0.106,2500
0.101,1221
0.0512,3796
-0.198,8788
0.0376,4212
-0.0359,2968
0.268,152
-0.0383,7508
-0.00212,5316
-0.134,8619
-0.0598,6882
-0.0182,5940
0.255,298
-0.0477,7361
0.0997,2107
-0.253,9911
0.00797,4779
-0.148,8502
0.0553,3642
0.114,458
0.0752,2540
-0.062,6297
-0.173,9167
-0.0197,5675
-0.103,9333
-0.0502,6927
0.0645,2778
-0.0563,6995
0.295,236
0.00875,4765
0.0762,1819
-0.024,6040
0.0649,2475
0.0186,4367
-0.165,9773
-0.218,8139
-0.0291,5889
0.0813,1110
0.108,2120
-0.0597,6916
-0.242,9090
-0.223,9508
0.0901,2648
0.0109,4670
0.25,313
-0.0335,5581
0.125,1271
-0.25,9465
0.21,1899
-0.0644,7768
0.0301,4125
-0.074,6081
-0.0846,8649
0.104,2721
-0.0215,5741
-0.0508,6005
0.0362,4321
0.00731,5033
-0.00733,5517
0.151,1397
-0.109,7386
-0.061,6604
-0.0702,6360
-0.0909,5661
-0.059,6002
0.0952,1215
0.0513,3107
0.0158,4463
0.0011,4670
-0.108,6361
-0.0237,6112
-0.0107,5619
0.162,1354
-0.0669,7263
-0.0172,4590
0.338,944
0.412,254
0.0728,2658
-0.0245,5903
-0.12,8656
0.225,413
-0.214,8941
0.103,2768
0.0515,3925
-0.112,9856
0.132,976
0.291,1138
0.0611,3667
0.127,1416
-0.0112,5473
-0.03,5930
0.0964,2122
-0.104,9469
0.0603,3263
-0.0248,6375
-0.0718,7245
0.00975,4892
0.00202,4877
-0.216,7831
0.0226,4342
-0.0899,7757
-0.228,10135
-0.0186,5251
-0.0663,7125
0.0722,2965
-0.36,9492
0.0829,2370
0.0592,3449
-0.107,7702
-0.0124,5687
0.249,366
-0.147,8265
-0.0266,7337
0.0722,2891
-0.205,7342
-0.362,9193
0.0314,3452
0.141,1237
-0.0444,6480
-0.076,9112
-0.0145,5669
-0.00832,5286
-0.108,8380
-0.104,6812
0.075,2739
0.018,4104
0.273,968
-0.0896,7145
-0.185,8434
-0.197,9083
-0.00625,5320
0.202,852
0.144,2669
0.241,529
-0.146,7217
-0.416,10324
-0.333,10219
-0.0042,4925
-0.0232,5606
0.0268,4380
1.34,74
-0.346,8232
0.176,561
-0.129,7290
-0.607,7763
-0.626,9594
-0.0998,6359
0.489,93
0.0404,4097
-0.0533,7926
-0.0314,6260
-0.079,6608
-0.105,8529
0.28,227
-0.0395,7081
-0.0686,7423
0.124,1215
0.128,966
-0.0293,6251
-0.0902,6492
-0.0635,8821
-0.00975,5915
-0.185,10108
-0.137,7114
-0.0642,6962
-0.291,9990
0.174,586
-0.0689,8804
0.0256,4099
-0.0402,7231
-0.0326,6931
-0.445,10277
-0.00369,5362
-0.115,9266
-0.039,6580
-0.187,9721
-0.392,10214
0.0537,3808
-0.0743,7860
0.0684,2574
0.163,1736
-0.00867,5365
0.361,1146
-0.267,9552
0.0595,2968
0.114,2535
0.0288,3820
0.265,750
-0.223,9650
-0.118,9834
-0.161,8634
-0.0695,7027
0.189,1720
-0.0276,5986
0.228,1125
0.0724,3207
-0.102,8983
-0.0506,7053
-0.133,8502
0.177,1866
-0.153,8134
0.426,369
0.0659,2023
-0.0813,9220
-0.417,10128
0.804,424
0.189,1787
0.313,425
0.197,1225
0.0936,3175
0.0816,2689
0.222,952
-0.00341,5110
-0.0227,5364
0.0644,3760
0.171,879
-0.0945,8123
0.00887,4852
0.123,2326
-0.297,8329
-0.0642,7578
-0.135,8758
-0.0621,8346
0.0409,3980
-0.534,10087
0.0338,3690
-0.0635,6444
0.144,746
1.28,40
0.0885,3324
0.137,1403
-0.254,9999
-0.0104,5791
0.149,625
-0.0173,5746
-0.0407,6907
-0.0308,5390
-0.0534,6352
-0.163,9764
-0.0424,6799
0.326,681
-0.125,8351
0.0166,4525
0.0955,2873
-0.248,10346
-0.0426,5771
0.129,1030
-0.0732,8071
0.111,1726
-0.0262,6193
0.0355,3053
-0.0928,9501
-0.151,9639
0.244,1200
0.112,2631
-0.174,9293
-0.00284,5266
0.0676,2676
-0.0659,8779
-0.14,7658
0.154,2903
-0.0276,5671
-0.0494,5810
0.0199,4600
0.175,2419
0.153,709
-0.114,9796
0.0514,4112
0.023,4239
-0.0434,6481
-0.167,9655
-0.0673,6919
0.158,2139
-0.14,9791
0.0792,1541
0.013,4291
0.0179,3910
-0.00685,5074
-0.234,7714
0.277,961
-0.0278,6425
-0.0192,5927
0.206,1181
-0.134,7740
-0.0274,5985
-0.149,9315
0.0968,2066
0.34,220
-0.133,9045
0.0528,4023
0.0758,2053
0.00515,4833
-0.0143,5553
0.322,501
-0.207,9860
-0.117,8286
0.17,616
-0.145,8935
0.0275,4396
0.392,130
0.901,227
0.16,2946
-0.3,10334
-0.084,6526
-0.0514,6015
0.279,65
-0.0307,5190
-0.511,10456
-0.122,7790
-0.284,9722
0.156,815
0.0893,1611
-0.103,7619
-0.136,8199
0.0395,4078
-0.111,7255
-0.0321,6504
0.209,905
-0.054,6603
0.044,3645
-0.109,9510
0.396,504
0.223,283
-0.041,7069
-0.242,9989
0.067,3149
0.383,26
0.146,2046
-0.135,9360
0.0166,4805
-0.0888,7037
0.0352,4052
0.115,3777
0.0845,3322
-0.00376,5035
0.332,462
0.00477,4832
-0.255,9253
0.00539,4855
0.133,1717
-0.0867,7656
0.0694,2466
-0.0632,8353
-0.052,6810
-0.0104,5584
-0.0585,6738
0.1,2514
-0.0678,8952
0.0187,4576
-0.0144,5753
-0.131,8561
0.0452,3941
-0.0673,6073
0.0733,3114
-0.131,8466
0.178,1974
-0.0908,6614
0.0138,4724
-0.114,9973
0.0839,1807
-0.0125,5333
0.205,1583
-0.00929,5479
-0.143,8713
0.0379,2075
-0.0444,8429
0.045,3338
-0.271,9703
0.134,1596
-0.0191,5743
-0.0195,5801
0.153,607
0.109,2340
0.121,1217
0.373,1078
1.19,118
0.0715,2870
0.0924,3338
-0.268,10112
-0.111,7385
0.00525,4875
-0.257,10124
-0.113,7676
0.00438,4832
3.05,445
0.0586,3961
-0.0988,6885
-0.193,8259
0.0191,3907
0.0916,2453
-0.29,10377
0.1,2231
0.151,1101
0.197,1673
-0.0556,8015
-0.125,9513
0.0493,2852
0.179,2382
-0.282,10207
-0.095,5733
-0.0665,8432
-0.18,9611
-0.157,8416
0.113,2353
0.534,231
-0.232,8733
0.0207,4338
-0.113,8420
0.0399,4217
0.253,83
-0.0726,7273
-0.0663,6517
0.0812,1906
0.00828,4095
-0.0691,6022
0.147,2809
0.204,1328
-0.174,9539
0.0636,1374
-0.192,9548
-0.117,8677
0.209,149
0.0643,3485
-0.0829,7571
0.246,258
0.0673,3346
-0.136,8552
0.127,1322
0.531,67
0.0437,3386
-0.0493,7018
0.0889,894
0.256,2001
-0.0885,8392
0.953,754
-0.0807,9003
0.182,1819
-0.0548,7541
0.0681,2253
0.433,5
-0.139,6591
0.16,2275
-0.0134,5683
0.0461,3535
-0.0412,6610
0.0591,3966
0.371,748
-0.249,8962
0.0256,4456
0.137,1053
-0.0173,5872
-0.221,9982
0.00228,5130
0.0774,3616
-0.0651,7729
-0.0797,8931
-0.239,9125
0.195,779
-0.00111,5070
0.226,345
-0.0796,8395
0.251,721
-0.017,5578
-0.113,7979
-0.0655,6242
-0.229,9115
-0.0882,7733
0.0434,2820
-0.000992,4791
0.066,3585
-0.045,6269
0.0318,4089
-0.185,9233
-0.13,9682
-0.068,6571
-0.208,9123
0.225,1655
0.248,861
-0.0499,6883
-0.0635,6345
0.171,2415
0.0513,3626
-0.0644,5307
-0.0168,5450
-0.0918,8665
-0.00997,5483
-0.293,9757
0.148,1655
-0.0203,6386
0.00893,4726
0.0166,4793
0.148,2314
-0.0781,7976
-0.0728,6865
-0.0603,7782
-0.134,8706
-0.0557,7591
-0.0599,8039
0.525,619
-0.181,8725
-0.38,8867
-0.348,9241
0.0381,3885
-0.0567,6504
-0.0923,7026
0.138,1690
-0.0537,6876
0.0488,4046
0.0585,2697
-0.048,6809
0.38,73
-0.06,6040
0.0975,577
0.283,1110
-0.252,9658
-0.176,9351
-0.0786,6875
0.107,2231
0.00366,5004
0.753,673
0.0581,3087
-0.0146,6000
0.0615,3338
0.0987,1553
-0.177,9743
-0.164,8507
0.0583,1636
0.0581,2397
-0.0362,6266
-0.0561,7518
0.195,2750
-0.506,8226
-0.164,10067
-0.0712,7802
-0.034,5515
0.23,2196
0.108,3736
-0.19,7952
0.688,197
0.195,2990
-0.0718,7542
0.0263,4348
0.00702,4804
-0.279,9599
0.225,383
-0.0694,7546
0.154,1554
0.186,279
0.185,2020
0.3,521
0.0125,4550
-0.0708,6922
-0.199,9613
-0.0397,6804
0.0807,1778
-0.0445,6447
-0.062,8622
-0.085,8901
0.0555,3738
0.00425,5069
-0.164,9728
-0.297,9553
0.0424,3394
-0.161,9887
-0.102,6636
-0.19,8488
0.371,305
-0.0474,7532
-0.128,6625
-0.119,8380
-0.0939,8809
0.00271,4981
0.452,530
-0.0646,6808
-0.0665,7679
0.0285,3985
0.211,443
0.0391,3741
-0.0831,7673
0.0234,3917
0.105,1432
0.46,126
0.327,1443
-0.211,7382
-0.0545,6737
0.0591,3136
0.111,999
-0.0781,8334
0.0788,2753
-0.157,9530
-0.0925,6774
0.233,1161
-0.0708,7445
0.0948,2643
-0.155,7578
0.102,2655
0.0848,3462
0.193,2706
0.159,1008
-0.00549,5225
-0.0433,7521
-0.131,7340
0.115,2174
0.168,2658
-0.0711,8733
0.13,1313
0.111,2238
0.281,914
-0.0779,6694
0.277,1286
0.09,2639
-0.0793,8150
-0.201,9497
-0.172,9269
-0.152,8837
-0.225,9836
0.0138,4307
-0.12,7530
-0.0367,6468
-0.26,10419
0.0383,4020
-0.158,8901
0.297,774
0.0934,881
-0.264,9648
-0.0629,6820
0.0898,3386
-0.165,9914
-0.00537,5166
0.0256,4082
-0.0654,6656
-0.18,8410
-0.142,7590
0.125,3503
0.0318,4034
0.0346,3288
0.0952,2192
-0.225,9775
-0.0932,8247
0.0701,3857
-0.265,10085
-0.0583,7281
-0.236,8861
-0.109,7937
-0.152,7816
0.0162,4773
0.171,479
-0.064,7623
-0.134,9348
0.15,2433
-0.139,7879
0.0946,2996
-0.121,8893
0.352,30
0.0935,2704
-0.222,9584
-0.0756,8243
0.0165,4565
0.06,1816
-0.023,5966
-0.0252,6277
-0.21,9861
-0.0248,6296
0.422,983
-0.264,10447
0.0471,3066
-0.0525,7334
0.0863,3165
0.0908,2881
0.344,633
0.0291,4208
0.0177,4316
-0.0204,5760
0.0827,3133
0.137,2388
-0.25,9240
-0.0179,6792
-0.395,6947
-0.0444,5982
-0.0777,6721
-0.149,8670
-0.0783,7728
0.034,3202
-0.0352,6199
-0.215,9475
-0.135,7500
-0.191,8412
-0.196,8520
0.18,262
0.096,2299
0.201,2971
-0.0604,6332
-0.0873,6307
0.0098,4707
-0.0571,7539
-0.0511,7629
0.238,1582
-0.104,8312
0.0786,3308
-0.138,8166
0.213,459
0.0728,1481
0.453,51
0.0819,3664
0.0158,4433
-0.106,6638
0.167,418
-0.0636,8004
0.383,292
0.044,3615
-0.167,9438
-0.189,8743
-0.0432,7383
0.0135,4566
-0.178,7701
-0.0781,8149
0.0759,3394
-0.0173,5374
0.0355,3491
-0.0465,6737
0.419,137
0.00975,4662
0.619,303
-0.0272,5818
-0.017,5506
-0.0708,7534
-0.238,8794
-0.0848,6422
0.261,216
0.394,532
-0.163,9767
0.0187,4012
0.094,2662
-0.106,9335
-0.215,7908
0.179,1339
-0.333,8261
0.136,1605
-0.142,7411
0.159,1803
-0.225,8383
-0.103,8094
-0.0511,7462
0.135,1490
-0.321,9289
0.214,853
0.0254,4205
-0.0386,5983
-0.00151,5296
-0.00166,5410
-0.00195,5286
-0.022,5675
0.0471,3533
-0.0208,5610
-0.0886,8325
0.00515,4865
0.144,1786
-0.108,7179
-0.0771,7071
0.212,870
0.0597,2505
-0.0442,8317
0.145,2322
-0.0193,5528
0.13,2832
0.166,909
0.0636,2571
-0.208,10089
0.0967,1603
0.0676,2356
-0.162,9220
-0.197,9160
-0.0513,7425
-0.0434,6513
0.181,654
-0.016,5631
-0.415,9410
-0.0186,5335
0.000339,4918
-0.157,9497
0.105,2306
0.576,14
0.51,250
0.155,1730
-0.13,9347
-0.192,10191
0.0077,4970
0.104,3109
0.00865,4737
-0.385,9777
-0.157,10427
0.176,663
0.0178,4402
0.0691,3128
0.252,1610
0.0191,4685
-0.304,10329
-0.27,9233
-0.271,10128
0.0179,4399
-0.18,9340
0.107,2279
0.0201,4421
0.0612,2535
-0.0427,5665
-0.093,7142
0.0632,3909
0.147,1219
0.102,686
0.13,833
-0.059,6703
-0.354,9326
-0.0513,3568
0.0416,3778
-0.26,10259
0.0657,2607
0.0898,2711
-0.0978,7566
-0.0769,7687
-0.33,10016
-0.00956,5659
0.0583,2367
-0.0883,8797
0.0797,2764
-0.249,9301
0.39,804
-0.00165,5286
0.199,488
0.147,2200
-0.0886,7566
0.0521,3425
0.0872,2786
-0.237,9789
-0.0104,5582
-0.0136,5877
-0.13,8759
0.13,2687
0.286,1427
0.0586,2832
0.127,979
0.533,121
-0.246,9920
0.00436,4935
-0.113,9779
-0.00986,5651
0.192,323
-0.023,5804
-0.169,8440
-0.729,10247
0.428,505
0.071,3070
-0.026,6806
0.129,2764
0.179,1487
0.00358,4938
0.0825,3493
-0.0369,6536
-0.309,10396
-0.206,10039
0.0942,2662
-0.213,10004
-0.383,9734
-0.0083,5760
0.302,601
-0.0242,5496
-0.182,8701
0.0744,2803
-0.0273,6069
-0.148,8720
-0.0122,5575
-0.146,9817
0.0608,3608
-0.409,9801
0.0121,4812
-0.0392,6897
0.0129,4548
-0.202,9383
0.141,1398
0.289,718
0.0769,1204
-0.0183,5870
0.125,2231
-0.257,10365
0.0264,4330
-0.302,10152
-0.209,8858
-0.0151,5934
0.137,1373
0.0449,4080
-0.00938,5250
0.0852,3167
0.0451,4137
-0.0336,6064
-0.00452,5111
-0.0525,7043
0.0421,3360
0.0256,4469
-0.0602,7746
0.0672,2309
-0.0564,7012
0.136,2934
-0.178,9402
-0.428,10278
-0.0373,6681
0.122,1107
-0.0224,6381
0.0474,3218
0.308,236
-0.22,9533
0.00952,4583
0.00463,4887
0.0256,3911
-0.253,6771
0.0406,4074
0.0912,1552
-0.103,7995
0.0744,3131
-0.161,10010
0.00487,4484
-0.212,9349
-0.167,9097
-0.223,9157
0.0753,2422
-0.15,8968
-0.0494,6721
-0.267,10039
-0.0591,7792
0.0927,3495
-0.0544,7933
-0.0385,6579
0.217,1002
-0.203,9919
-0.0678,8328
-0.0157,5709
0.394,211
-0.0845,7114
0.0902,2530
-0.126,9779
-0.272,10384
0.466,329
-0.0866,7722
0.0369,3417
0.137,2942
-0.0895,7154
0.0303,4290
0.11,1172
0.229,71
-0.0478,6283
-0.187,9585
-0.193,8586
-0.0678,5616
0.041,4089
-0.159,8833
0.171,1890
0.0904,3335
-0.0898,7552
-0.157,8124
0.298,1229
-0.0883,8724
0.0245,3938
-0.121,9343
0.0318,4067
0.1,2907
0.117,213
0.000481,5002
0.0138,4667
-0.316,10135
0.0449,3884
0.0521,3645
-0.144,7820
0.0811,688
-0.038,6828
0.0552,3038
-0.058,6401
-0.457,9731
-0.198,8536
-0.0594,7600
0.216,1121
-0.117,8888
-0.0856,7532
0.177,1069
0.00697,5040
0.104,1591
-0.000456,4959
0.0557,3561
-0.0446,6133
-0.21,9722
0.225,1034
-0.114,7686
0.705,4
0.337,1011
0.532,81
-0.383,10110
-0.00353,5192
0.0627,2595
-0.227,9821
0.0602,3317
-0.29,10117
0.0303,3537
0.0721,3515
-0.293,10218
-0.0995,9460
-0.084,9052
-0.167,9168
-0.104,7365
-0.00992,5537
0.0167,4367
0.0309,3298
-0.169,9840
0.00646,4663
-0.113,7294
-0.00998,5603
-0.191,8376
-0.304,9480
0.0646,3624
-0.0713,6294
0.0144,4617
-0.233,8882
-0.0558,5934
0.054,2791
0.0154,4504
0.0414,4016
0.302,1321
-0.176,10355
0.191,950
0.0628,2790
-0.0657,6010
0.045,4073
0.202,262
0.285,1366
-0.0216,5821
-0.127,8865
-0.143,9967
-0.0183,5113
0.151,1982
0.0922,1875
0.113,342
0.123,305
-0.0124,5532
-0.299,9977
-0.0392,6405
0.0678,3067
0.0545,3365
-0.0125,5807
0.0525,4170
-0.125,9076
-0.112,8259
0.113,2929
0.0934,2176
0.0383,3512
-0.26,9948
0.0603,3798
-0.0123,5807
0.401,627
-0.0392,6575
0.00128,5276
0.077,3171
0.133,2028
-0.287,8939
0.0433,3347
0.0121,4759
-0.0558,7655
-0.0792,6408
-0.172,7866
0.00765,4809
0.156,1567
-0.0727,6480
-0.00333,4977
0.0766,3524
0.0742,2660
-0.0905,7252
-0.15,9223
-0.119,9502
-0.0387,6442
0.0865,2206
-0.493,9972
0.277,781
-0.142,9726
0.135,1273
0.0291,4367
0.204,1674
0.0382,3852
0.205,1958
0.00751,4775
-0.123,9963
0.0122,4518
-0.0111,5593
0.0449,3292
0.0845,2090
-0.0625,6463
0.0639,2541
-0.000857,4890
0.0612,3537
0.0533,2195
0.0494,4045
0.159,815
-0.0146,6386
0.0469,2779
0.156,1320
-0.129,8269
0.029,4473
0.0643,3719
-0.0282,7203
-0.327,10465
-0.0289,5349
0.0786,2650
-0.0212,6226
0.106,1406
-0.0321,5965
0.14,1151
0.0686,2997
0.43,228
-0.0347,6190
-0.154,7381
-0.0673,8062
-0.0692,7972
0.241,214
0.143,1541
0.0883,2511
-0.153,8522
-0.00106,5068
0.103,1971
-0.0352,6285
-0.048,6066
0.135,2576
0.357,434
0.169,1409
-0.169,9940
-0.0229,5604
0.235,1796
-0.0548,6835
0.126,2114
-0.136,9045
-0.0453,6068
0.0132,4516
-0.552,9400
-0.125,8408
-0.0697,7041
0.41,45
-0.0584,8219
0.0864,2927
0.108,2419
-9.61e-05,5163
-0.0204,5429
0.199,92
-0.00475,5482
-0.0675,6874
0.0536,3682
0.0779,1988
-0.238,9982
-0.0593,7447
-0.00967,5539
-0.00509,5198
0.0642,2997
-0.00202,5171
-0.0174,5088
-0.0941,7840
0.184,16
-0.00865,5375
-0.0379,6612
-0.172,7668
0.231,581
-0.1,9997
0.0407,2871
0.0442,3684
-0.00672,5359
-0.0657,6645
-0.0379,6472
0.0457,3787
0.00963,4519
0.029,3955
-0.124,8093
0.0461,4091
0.0139,4611
-0.162,9972
0.0274,3721
0.00814,4647
-0.032,6011
-0.108,9168
0.102,1782
-0.0657,9257
-0.0535,7395
-0.142,8772
0.076,3620
0.0151,4338
-0.656,10220
0.0677,3496
-0.0759,7345
0.273,1657
0.141,1168
-0.0428,7184
-0.179,7385
0.014,4651
0.118,1189
-0.0378,6481
-0.268,9681
-0.122,8469
-0.0886,7630
0.205,520
-0.055,6719
0.169,1691
0.104,3189
-0.111,7330
-0.224,9300
0.0462,3669
-0.0987,7760
-0.0127,5206
-0.135,9554
-0.0652,7114
-0.139,8452
-0.111,8312
-0.0293,5681
0.231,558
0.0176,4591
0.164,2064
0.106,2723
-0.144,8470
-0.138,8358
0.0523,3689
0.607,225
-0.18,10141
-0.289,10093
0.365,31
0.0152,4545
-0.0854,7551
0.142,2055
-0.00197,4942
-0.254,8477
0.0809,2305
0.0107,4839
-0.171,9950
-0.215,10264
0.518,132
-0.0964,6861
-0.00225,4793
0.0146,4412
-0.352,10319
-0.0226,5796
-0.316,7823
0.431,272
0.421,124
0.0285,4327
-0.0359,5890
-0.00605,5390
0.139,1603
-0.0273,6040
-0.0139,5646
0.109,2161
-0.0238,5968
0.051,3797
0.246,2526
0.016,4416
0.0165,4245
-0.0886,6935
-0.187,9588
0.134,2579
0.0208,4509
-0.012,5427
-0.195,9697
-0.16,8450
0.244,1292
-0.0942,7127
0.0505,4078
-0.219,10099
-0.047,6653
-0.076,6568
-0.0581,7598
-0.0146,5498
-0.211,9370
0.0388,3185
-0.127,9300
-0.18,9675
-0.106,8438
-0.153,9350
0.29,1012
0.217,166
0.0935,1658
-0.13,6410
-0.195,9539
0.292,1216
0.14,1548
-0.057,7678
-0.274,9639
0.321,900
-0.0195,5550
0.0479,3645
-0.148,8701
-0.0164,5203
-0.141,9605
0.0531,3640
-0.0569,6759
0.0635,3014
0.0856,2589
-0.0676,7817
-0.0508,7519
-0.25,9755
0.00453,4899
-0.00255,5199
0.0764,2644
-0.0337,6128
-0.145,9349
-0.168,8557
0.138,694
-0.00793,5089
0.168,790
0.155,992
-0.0123,5300
0.74,37
-0.106,7906
-0.0408,5350
-0.0717,7951
0.163,268
0.0617,2608
-0.05,7226
0.0392,3743
-0.209,10136
-0.0659,8400
-0.00233,5220
-0.0889,7646
-0.111,8673
0.16,1680
-0.0926,6932
0.0959,2972
0.243,929
-0.199,9974
-0.121,8310
-0.0838,7387
-0.227,9136
-0.0357,6730
0.302,338
-0.266,10408
0.104,1908
-0.201,8467
0.143,2133
-0.0232,5686
-0.00118,5231
-0.0207,5579
0.0588,3596
-0.132,8502
0.197,1676
-0.0546,7215
0.0109,4607
-0.161,9609
-0.406,10430
0.283,1143
-0.167,9024
0.247,374
-0.0635,7112
0.0335,4112
0.457,307
0.253,958
0.353,173
-0.0594,7720
0.0355,3744
0.0252,4274
0.165,923
-0.161,9241
-0.217,9508
0.135,842
0.0234,4432
0.101,2430
-0.108,9079
0.0725,2598
-0.0456,6557
0.104,1148
-0.225,7202
-0.33,10201
-1.41,10317
-0.503,8249
-0.0848,8307
-0.155,8802
-0.3,9445
0.293,753
0.0823,2621
-0.0535,6457
0.0682,2624
0.0421,2451
-0.0692,6954
0.414,61
-0.14,7794
-0.253,9917
0.00861,4562
-0.19,8428
-0.194,8456
-0.0194,5563
-0.0102,5258
0.00821,4965
-0.0214,5165
0.0404,2877
-0.207,7940
-0.118,7878
0.0222,4493
-0.0926,7908
-0.216,10315
-0.133,7716
0.0478,3573
-0.0497,7960
0.0655,4273
0.0603,2640
0.134,732
0.0784,1934
-0.103,8900
-0.032,5569
-0.103,7762
-0.152,7600
0.0403,2597
-0.0928,8091
-0.0926,6955
-0.00638,5164
0.369,1249
-0.137,8123
0.0608,2769
-0.0638,6736
0.156,2137
-0.0798,7126
-0.347,9304
-0.237,8583
0.0885,2120
0.134,1881
-0.0359,5492
-0.0282,5953
-0.0656,8459
-0.0277,5721
-0.0337,6337
0.0988,2258
-0.0294,5788
-0.0582,6635
-0.0897,6521
0.0528,3687
0.0822,1825
-0.0202,6178
-0.0849,8716
0.196,1632
-0.022,5268
0.0361,4035
-0.0272,6748
0.0205,4113
0.0529,4101
-0.00154,5119
0.161,1395
-0.119,9742
-0.117,7876
-0.134,9210
-0.163,8734
-0.251,8774
-0.0932,6715
-0.07,6861
0.0981,91
-0.0603,7501
-0.0588,7193
-0.177,7865
-0.116,9478
-0.0986,6620
-0.101,9445
-0.00964,5525
-0.269,10104
-0.0488,6176
-0.197,8233
-0.183,9564
0.0196,4269
0.0917,2344
-0.0356,6859
-0.0367,6791
-0.11,8115
-0.0087,5367
0.144,1937
0.0406,3732
-0.313,10414
-0.0301,6088
-0.219,8696
0.0618,3777
-0.0915,9000
-0.039,6745
0.0627,3206
0.07,3332
-0.0332,5849
0.326,31
-0.00622,5228
0.263,731
0.0757,1198
0.191,157
1.01,27
-0.0382,6157
-0.0219,6124
0.0839,2388
-0.101,8870
0.0681,2925
0.122,2015
0.414,214
-0.0457,6752
0.000804,5195
-0.165,8972
-0.0438,6340
0.0707,3324
0.202,709
0.0181,4235
0.0695,2383
-0.0898,7772
0.0437,3989
0.108,3767
0.264,311
0.103,731
0.0175,4177
0.486,163
-0.243,9962
0.41,1021
0.0435,3789
-0.0558,7388
-0.213,9606
-0.163,10096
-0.0949,7678
-0.198,8323
-0.0301,6291
-0.236,10336
-0.122,9402
-0.0635,7317
-0.0721,7216
-0.138,8148
0.0296,3538
0.0319,4126
0.202,65
-0.118,9065
-0.0631,6699
0.242,86
-0.0726,8404
0.00486,4621
-0.0435,5778
-0.173,9844
-0.0223,6600
-0.0103,4917
0.212,841
-0.118,9063
-0.0928,8783
-0.179,8958
-0.0712,8027
0.124,2512
0.19,1469
0.113,538
0.00218,4876
-0.0316,5252
0.0772,2997
-0.0475,6667
-0.659,10382
0.23,539
0.0308,3184
-0.211,10075
0.0343,4301
0.154,562
-0.128,8006
-0.0451,6347
0.00804,4703
-0.104,8050
0.0553,3255
0.0315,4076
-0.123,8492
0.0565,1892
0.177,1334
-0.157,8926
-0.0635,8267
-0.0632,7183
0.323,320
-0.0249,6321
0.0169,4126
-0.2,9056
-0.12,8319
0.507,315
-0.168,7318
-0.095,9772
-0.0479,8687
0.0296,4391
-0.0653,6111
0.0953,1434
0.0165,4646
-0.0523,7079
0.0842,1787
-0.0656,7684
-0.103,8439
0.0928,2956
0.295,1056
-0.0372,7206
-0.0499,7841
-0.171,9150
0.156,1174
-0.106,7995
0.0248,4510
0.0636,3082
-0.144,9381
0.224,107
-0.356,10420
0.00181,5152
-0.0526,6302
-0.00307,5361
-0.00491,5287
-0.0861,7002
-0.218,9742
-0.0926,8119
0.000394,5048
0.0861,2866
-0.137,8830
-0.0242,5175
0.0246,4437
0.0703,2142
0.533,59
0.189,1541
0.187,1238
-0.03,7013
-0.298,10328
-0.136,9571
0.164,715
0.295,1275
0.0855,2915
0.234,701
0.0825,2792
-0.141,10219
-0.0441,7042
0.0956,1978
-0.17,9255
-0.0989,7349
-0.153,10127
0.0648,2365
-0.0814,6575
0.134,2185
-0.033,6119
-0.017,5930
0.0494,3114
0.07,2835
-0.174,8754
-0.0286,6073
0.00916,4780
0.0126,4351
0.0843,1715
-0.0627,7004
-0.0153,5787
-0.00128,5279
0.243,2267
-0.00045,4985
-0.186,9963
0.0783,1653
0.157,2240
0.159,448
0.032,4304
-0.0219,5688
-0.222,10274
0.193,1048
-0.385,8905
-0.0378,5157
-0.0449,6723
-0.171,9644
0.113,3285
-0.169,9162
0.0657,3423
0.0874,1527
0.0654,2740
-0.0438,7084
0.0689,1493
0.0669,2390
0.136,1529
0.195,204
-0.123,8048
0.248,1559
0.00877,4711
0.00427,4917
0.182,811
0.0161,4504
-0.131,9156
0.0114,4787
-0.0301,6973
-0.12,8707
0.0464,3351
-0.156,9854
-0.166,8226
-0.00428,5164
-0.00455,5190
-0.177,10224
-0.0026,5253
-0.124,8981
0.282,453
0.903,26
-0.179,9463
0.134,344
0.182,2331
0.0748,3918
-0.0253,5746
0.264,548
0.157,1827
-0.229,9381
0.0906,1893
0.214,392
-0.0418,6350
-0.0126,5595
-0.0507,7156
-0.129,9242
-0.508,7613
0.221,3560
0.415,1002
-0.101,7175
0.00739,4831
0.0678,2798
-0.0691,7461
0.0454,3661
0.164,1143
0.0282,4259
0.159,1091
-0.325,10102
-0.0648,6750
0.321,107
-0.0153,5736
0.0426,3899
-0.052,5618
0.244,850
-0.34,10113
-0.0288,6824
-0.00584,5350
0.0337,4257
0.228,866
-0.178,8377
-0.0176,5951
-0.0789,8138
0.109,1356
-0.0701,7152
-0.182,9869
0.0221,4662
-0.0347,6291
-0.0785,8107
0.023,3977
0.0394,3393
-0.185,9468
-0.207,9706
-0.0248,5642
-0.0921,8272
0.485,91
0.0404,3660
-0.125,8462
-0.197,6485
-0.137,7930
-0.0207,5666
0.117,2082
-0.0516,6028
0.0383,3809
0.0152,4883
0.378,178
0.00385,4821
0.219,478
-0.0942,7638
0.266,2375
0.206,1421
0.0681,3701
-0.0574,6883
-0.013,5756
-0.0823,6635
-0.0808,8313
-0.0558,7462
-0.0779,7776
0.102,2178
0.0127,4576
-0.166,9168
0.186,1939
0.0363,3883
0.274,737
0.229,212
0.0323,3902
-0.438,10270
-0.042,5876
-0.0751,7921
-0.0362,5585
0.0572,3789
-0.0701,6562
0.126,1300
0.163,665
0.0635,2548
0.106,2100
0.0548,3038
0.106,2252
0.131,1877
0.0604,2902
-0.22,8570
-0.219,7064
0.118,1497
0.0531,3388
-0.0803,6686
-0.0958,6713
0.112,2122
-0.0416,6514
0.0379,3760
-0.0119,5502
-0.121,8972
0.0307,4340
0.0291,4735
-0.00824,5412
0.152,658
-0.00745,5270
-0.0118,5487
-0.145,8684
0.108,2019
0.419,406
-0.0729,8713
-0.107,8285
-0.166,9096
-0.138,8884
-0.118,9125
-0.00182,4820
0.168,1053
-0.111,8291
0.00345,4951
-0.149,8356
-0.079,7542
0.144,1670
-0.0232,6056
0.0106,4817
-0.275,9756
0.079,2459
0.139,1937
-0.0647,7685
0.0288,3814
-0.0297,6416
0.155,737
0.0987,3638
0.0245,4719
-0.0161,5196
-0.0305,5953
-0.178,9714
0.0618,3114
-0.0128,5048
0.00771,4681
0.345,1177
-0.0666,9362
0.117,1829
0.145,3007
0.0109,4753
0.546,663
-0.291,9411
-0.0748,8867
-0.0811,7523
0.0678,3575
0.0489,4248
0.288,1513
-0.112,9272
-0.091,9309
-0.032,5825
0.0481,3809
-0.0454,6329
-0.0751,5868
0.0126,4686
0.0523,3394
-0.0438,6869
0.116,2534
-0.257,8743
0.24,613
0.148,1388
0.162,728
-0.142,9034
0.178,1555
0.156,2012
-0.391,8766
-0.0696,7379
-0.0456,5750
0.229,942
-0.0613,7422
-0.127,9148
-0.547,9844
-0.305,10405
-0.0383,6306
0.11,422
0.0141,4485
-0.149,8135
-0.0411,5414
0.0332,4150
-0.0169,6078
0.0774,1197
0.129,3060
0.252,1217
-0.324,9981
-0.135,7533
0.0324,3674
-0.033,6034
-0.0319,6556
-0.00983,5647
0.0206,4352
0.404,199
-0.121,9154
-0.25,9924
-0.154,9244
0.0363,4085
0.101,2114
-0.289,9462
-0.113,8897
-0.0273,5890
-0.00104,5028
-0.0124,5305
0.00656,5028
0.49,26
0.109,1240
-0.256,9502
-0.158,6997
-0.085,7816
-0.0551,6624
-0.25,9861
0.0758,2109
0.0235,3844
0.04,3362
-0.0783,7929
0.122,2214
-0.166,6961
-0.0842,8298
-0.0419,6943
0.23,1534
0.0212,4474
-0.123,8187
0.193,1182
-0.0108,5379
-0.0517,7712
0.107,2075
0.0344,4264
-0.171,10087
-0.19,8960
-0.0545,7381
0.0829,1557
0.266,473
0.0501,3889
-0.0261,5595
-0.0187,5847
-0.0615,7657
0.347,496
0.0855,2257
0.0591,3584
-0.168,9324
0.295,1032
0.198,678
-0.124,9830
0.364,155
0.368,6
-0.0886,7096
-0.148,6200
0.0488,3197
0.0478,2453
-0.283,10131
0.324,14
-0.174,6744
-0.283,10435
0.0363,3405
0.138,1182
0.134,1299
-0.101,5149
-0.122,8258
-0.15,7602
-0.0739,7205
0.151,2070
0.267,939
-0.126,9114
0.259,2787
-0.181,9740
0.000717,5137
-0.25,10000
0.176,1314
0.134,429
0.0774,2942
0.433,1875
0.22,809
-0.026,5742
-0.0656,7612
-0.0911,9073
0.083,3157
0.115,1855
0.182,1519
0.0358,3178
0.0142,4574
0.0334,3975
0.371,873
-0.13,8081
0.216,494
0.0898,2141
0.174,1334
-0.149,9986
0.0637,3836
-0.00397,5201
0.221,458
-0.0974,7063
0.197,1316
0.19,1026
-0.0957,6130
0.246,151
-0.18,8395
0.0232,4530
0.245,1518
-0.151,10102
-0.0469,5549
-0.0576,8580
0.0312,3607
0.0379,3798
0.0639,2534
-0.0274,6270
-0.103,8004
0.207,940
-0.0423,7009
-0.0843,8313
0.258,1079
-0.168,10254
0.211,1767
0.0912,2732
0.0823,3745
-0.0112,5275
0.0113,4350
-0.0477,7115
-0.0588,6715
-0.177,7722
0.122,1193
-0.262,9170
0.198,1084
0.223,292
0.00398,4809
-0.0598,7145
-0.0248,6488
0.0649,2410
0.0341,4350
0.133,2607
-0.0946,6509
-0.167,8880
-0.075,9178
0.0289,3586
0.0637,3852
0.0297,4123
0.154,1001
0.0515,3076
0.0676,2782
0.0386,2998
-0.14,8299
0.407,613
-0.419,9054
0.0285,3832
-0.106,8473
-0.0148,6005
-0.0853,6881
-0.0148,5682
-0.331,8385
0.425,397
0.0198,4449
0.0978,3358
-0.0628,6545
-0.085,7372
-0.064,6386
-0.181,9085
0.0307,3822
0.0437,3354
0.0167,4448
-0.0435,6251
0.115,3000
0.111,1945
-0.0471,7470
0.264,367
0.0784,2636
0.143,2926
0.103,3439
0.126,897
-0.0345,6628
0.208,205
0.0281,4125
0.171,1596
0.0139,4560
-0.589,10473
0.0442,3163
-0.0903,8037
-0.311,10317
0.102,567
-0.0804,6145
1.02,78
0.146,1804
-0.0647,7126
0.071,3128
0.0701,3501
0.158,1417
0.239,703
0.08,2303
0.234,880
0.263,513
0.143,1170
0.0726,3955
-0.153,9355
-0.183,10313
0.0213,4332
-0.234,8871
0.0315,3598
-0.287,9851
-0.00236,4822
0.0438,2794
0.122,1189
0.132,3185
0.236,438
-0.333,9921
0.0493,4044
0.142,2762
0.0656,2992
0.138,1111
-0.0653,6931
0.165,2410
-0.0772,6282
0.0683,3753
-0.0224,6976
-0.254,9830
-0.135,9180
0.449,336
-0.0323,6547
-0.0482,7240
-0.0367,5982
0.272,892
-0.28,9622
-0.279,7445
0.0209,4494
-0.177,9926
-0.00984,5586
0.041,3874
-0.218,8585
-0.0187,4785
-0.223,9249
-0.281,10358
-0.119,8589
-0.137,9312
-0.311,9306
0.2,1047
0.211,707
-0.0674,7579
0.0375,2843
-0.269,6038
0.0177,4595
-0.0464,7507
0.116,572
-0.0182,5836
0.0868,1809
0.0617,3515
0.268,846
0.222,664
-0.25,9598
-0.0858,8480
-0.0599,7457
0.0128,4678
0.15,1954
-0.369,9895
-0.314,10085
-0.108,9081
-0.136,9560
-0.0225,5712
0.0998,2277
-0.0156,5282
-0.184,9464
0.0986,1894
-0.0679,7333
-0.408,10134
-0.261,8580
-0.182,8442
0.0571,3215
0.0213,4513
-0.219,9771
-0.285,8604
0.00161,5098
0.0388,3495
0.026,4452
-0.157,8895
-0.355,10215
0.288,993
-0.0638,6093
0.0643,2277
0.0576,2925
-0.0627,7913
0.165,388
0.193,627
-0.00388,4875
0.0365,4156
0.183,2822
-0.109,9197
0.031,3801
-0.0557,6855
0.0284,4507
0.106,1273
-0.0506,6532
0.0372,4136
-0.18,7743
-0.0663,7154
-0.21,8615
0.0304,4460
0.363,533
0.00692,4966
-0.0657,8014
0.122,639
0.248,1149
0.239,2068
-0.0739,6680
0.236,679
0.0868,2471
-0.102,8275
-0.00274,5103
-0.00633,5286
-0.0744,6427
-0.108,10028
0.018,4161
-0.124,8359
0.0175,4324
-0.0241,5265
-0.0401,5797
-0.0773,8645
-0.00947,5430
-0.135,8753
0.107,2554
0.0682,3450
-0.184,8298
0.0814,2855
-0.204,8945
-0.259,9995
-0.0264,6137
-0.187,10409
-0.0733,8049
-0.0815,7137
-0.139,9348
-0.0893,7587
-0.0558,6891
-0.395,8832
-0.0612,8392
-0.0599,6756
0.209,869
0.0207,4164
0.00221,4996
0.175,741
-0.403,9960
0.086,1880
0.174,530
0.161,1612
-0.199,9911
0.121,1424
0.386,481
-0.0744,8175
-0.111,8690
-0.0215,5600
0.0837,3064
-0.292,8613
-0.0179,5323
0.185,288
0.503,31
-0.515,10060
-0.114,8186
-0.178,9522
0.252,29
-0.0738,7525
0.106,1835
0.163,1580
0.177,2729
0.169,2795
0.0968,1980
-0.0688,8919
-0.151,9553
-0.194,9827
0.0322,4293
0.0359,3662
0.164,2385
0.0148,4572
0.0728,3058
-0.142,8349
0.168,772
0.0337,3723
-0.201,9460
-0.0514,8181
0.0387,3616
0.0573,3263
-0.223,7083
0.165,1576
-0.0212,5845
-0.219,7593
0.0116,4933
0.0216,4296
0.0594,3912
-0.153,7809
0.0583,3388
-0.0298,6524
-0.0302,6376
-0.204,7964
0.116,2193
0.107,2336
0.0346,3575
0.0585,2326
0.0458,2834
0.025,4465
-0.129,8700
-0.477,9724
0.0763,2318
0.0747,2353
-0.032,6122
0.292,1327
0.484,9
0.0585,3277
0.0625,3085
-0.0277,6504
-0.225,10289
0.0585,3401
0.68,623
0.251,1826
-0.0306,6186
-0.0213,6431
0.0695,2706
-0.12,8344
0.0813,2963
0.306,686
0.087,3275
-0.109,8320
-0.02,5896
-0.397,10343
-0.405,9651
0.0522,2874
-0.0086,5565
0.128,2071
0.0642,3823
-0.0948,9079
0.169,260
0.124,2632
-0.00015,5430
-0.318,10204
-0.0522,8019
-0.00914,5539
-0.117,8627
-0.103,7796
0.0389,3537
0.0198,4368
0.0413,3895
0.096,1993
-0.0751,6785
-0.235,10294
0.0869,3915
0.26,2195
-0.124,6038
-0.0682,6454
-0.149,9420
0.673,280
-0.00791,5442
0.189,732
-0.0621,7522
0.139,1346
-0.0808,8639
0.181,778
-0.474,9553
0.0295,3241
-0.221,10109
-0.251,9389
0.422,119
-0.175,7744
0.0358,4098
-0.149,10183
-0.26,10349
-0.0306,6419
0.0263,4156
0.0532,3567
-0.148,7885
-0.0201,6309
-0.0365,6918
-0.197,8501
-0.253,10297
-0.164,8523
-0.19,9957
-0.162,10053
-0.0597,6995
-0.0326,5923
-0.00503,5326
0.817,200
-0.00406,4976
-0.0872,8958
-0.131,8352
-0.0252,5937
-0.124,8444
-0.174,9601
-0.14,8209
-0.0223,5895
-0.254,10469
0.0459,4032
0.079,3737
0.136,3379
0.103,1978
0.261,607
0.0219,4427
0.105,2755
-0.134,8158
0.0991,2258
-0.319,8824
-0.212,9374
-0.00189,4990
0.0835,2594
-0.00209,5185
0.0179,4448
-0.0479,6158
0.145,1126
0.0867,3253
0.25,384
-0.335,9219
0.0891,1831
-0.0424,7317
0.155,1323
0.231,286
-0.165,8806
0.0865,2527
-0.198,9137
0.19,568
0.0533,3054
-0.0328,5934
-0.431,6509
0.242,1071
0.107,1337
-0.253,9717
0.038,3143
0.204,2983
-0.134,6932
0.0286,4537
0.0183,3948
-0.344,6486
-0.222,7712
0.201,1819
0.0524,4044
0.137,751
-0.199,10226
-0.115,8537
0.0566,3616
-0.109,6402
0.104,1944
-0.0472,7406
0.0519,1884
0.0969,1916
0.328,497
-0.188,10274
0.487,133
0.161,318
0.00871,4824
-0.163,8242
0.00772,4757
-0.454,9691
0.0247,4126
-0.263,10100
0.115,2845
0.143,2395
0.125,2060
0.2,805
-0.276,7718
0.0576,3259
-0.455,10448
0.00395,4960
-0.217,10305
0.217,2108
-0.0169,5911
-0.0933,7800
0.109,1594
-0.00619,5351
0.166,2116
0.225,1690
0.0247,4228
-0.0879,8136
-0.0856,8851
0.0188,4605
-0.102,7231
0.0723,3206
-0.0842,7129
0.0318,4345
-0.0226,6006
0.0738,3154
-0.0173,5277
0.264,1419
-0.0483,6633
0.112,101
0.12,1313
0.172,1033
-0.0997,7246
-0.242,9427
0.0954,2765
-0.109,7552
0.0715,2950
0.277,342
0.0336,4207
-0.093,7414
0.0829,3963
0.309,79
0.071,3554
-0.154,9246
0.263,245
0.216,686
-0.103,8089
-0.149,10162
-0.111,9698
0.0446,3354
0.0985,2536
0.0822,3255
-0.101,6291
-0.135,9934
0.00447,4843
-0.182,7924
-0.0977,7191
0.422,606
0.133,2427
0.052,1895
-0.00434,4986
0.164,679
-0.19,9631
0.117,2598
0.00558,4688
0.00331,4859
-0.00986,5431
0.202,2634
-0.0405,6509
0.328,780
-0.00857,5355
-0.149,9546
0.117,1739
-0.0653,8421
-0.126,9977
-0.0638,8186
0.00218,5098
0.00708,4846
-0.0605,7269
-0.177,8947
-0.124,6921
0.137,2586
0.0318,4320
0.0448,3169
0.115,1496
-0.0185,5807
-0.119,7826
0.154,2556
0.062,3033
-0.0255,6636
0.0256,4304
-0.0366,6148
0.204,1417
0.141,2456
-0.0763,6455
-0.173,9604
-0.11,8800
0.00449,4816
-0.105,7525
-0.0859,6617
0.0289,3923
-0.16,9490
0.0811,1883
-0.05,6227
0.085,3167
0.0951,2141
0.0313,4043
0.2,211
-0.0177,6012
-0.026,5699
0.145,2916
-0.0601,5898
-0.0436,6330
-0.00138,5204
-0.0229,5921
0.03,3496
-0.0571,6819
0.0528,3430
-0.105,7176
0.445,129
-0.213,10043
-0.199,10119
0.0668,3134
-0.185,8697
-0.00911,5043
-0.317,9500
-0.0325,7139
0.167,1440
0.39,747
-0.0525,6922
0.11,2204
0.0733,3643
0.1,1245
0.121,1341
0.021,4544
0.0599,3228
-0.00065,4913
0.227,339
-0.0569,7473
0.131,1435
-0.201,6831
-0.134,8139
0.751,220
-0.0654,7632
-0.0984,8465
0.0297,3849
0.00787,4677
-0.0352,6566
0.33,234
-0.0117,5107
0.115,2484
0.126,2706
0.0167,4763
-0.052,6048
-0.226,9211
-0.195,8063
0.13,1398
-0.138,10156
0.183,432
-0.00426,5045
-0.0778,6582
0.243,386
-0.0458,5599
0.0191,4324
-0.15,9677
-0.103,8640
0.0446,3508
0.124,1831
-0.0726,9777
0.0627,3386
0.127,801
-0.0425,5945
-0.192,10030
-0.16,8760
0.0244,4313
-0.0343,6762
-0.00903,5438
0.124,3056
-0.0725,6757
-0.0143,5162
0.338,450
0.0139,4683
-0.04,6833
0.249,665
0.0146,4411
-0.154,8220
-0.0227,5594
-0.0399,5952
-0.0412,6723
-0.0608,6791
-0.208,9048
-0.0169,5533
0.104,3253
0.128,696
0.116,1265
-0.245,9547
0.0349,3783
-0.204,7114
-0.537,10197
-0.0236,5985
0.021,4332
0.471,134
-0.072,6918
-0.148,8698
-0.213,7809
-0.0298,6707
-0.0294,6043
-0.14,9574
0.214,1062
-0.0138,5608
-0.0468,4514
0.0347,3220
0.136,877
-0.165,8621
0.0623,3288
0.156,630
-0.296,9528
-0.0723,8476
0.0525,2111
0.323,407
0.13,1208
-0.115,7169
-0.153,8260
-0.0824,6660
-0.57,10440
-0.0331,5755
0.155,1968
0.223,1619
0.17,1445
0.0997,1823
0.0847,2039
-0.389,9975
-0.0893,7513
0.183,1774
-0.162,9696
-0.0431,7764
-0.0849,8942
0.0497,3482
0.371,387
-0.36,7730
-0.311,9448
-0.00519,5281
-0.0876,7279
0.175,2552
0.221,1021
0.602,217
-0.0692,6660
-0.398,10464
0.063,940
-0.295,9769
0.379,1497
0.0393,3906
-0.247,10259
0.0764,2190
0.019,4604
-0.0918,4909
-0.149,8846
0.0409,3845
-0.258,9730
-0.15,7545
-0.0469,7553
0.144,1520
-0.029,6705
0.0108,4798
0.0248,4321
-0.011,5921
0.127,1427
0.228,1114
0.249,857
0.184,1533
0.277,1526
0.00589,4770
0.102,711
-0.106,7946
0.0597,3246
-0.0543,7043
0.237,1034
-0.266,9959
0.26,754
-0.119,7393
0.282,87
0.144,1534
-0.0953,8424
-0.111,8599
0.0414,3266
0.0137,4699
-0.00578,5115
-0.015,5607
0.215,1521
0.3,230
0.298,74
-0.0114,5168
-0.16,8720
-0.678,10415
-0.0136,5002
0.188,1272
0.29,718
0.0337,3732
-0.0416,6141
0.0587,3328
-0.195,8531
0.0114,4533
0.248,93
-0.0321,6268
-0.104,7725
-0.0934,7092
0.00367,4869
0.0159,4344
-0.0483,6604
0.000934,4856
0.0663,2593
-0.183,8662
-0.0922,6625
-0.000939,5339
0.179,1446
0.0913,2526
-0.125,8539
-0.255,9989
0.835,241
0.0496,3736
0.0343,3317
0.166,1148
-0.0291,6413
0.101,2900
0.0867,2671
-0.203,7937
0.0259,4249
0.148,1430
0.00612,5069
0.108,3337
-0.111,7318
-0.0258,5406
0.184,1368
-0.127,7931
0.12,2873
-0.181,9663
-0.0704,7398
0.0102,4638
-0.0882,8688
0.0765,3195
0.0384,4176
-0.0295,5403
-0.0749,6474
-0.0665,7111
0.118,296
0.0259,4023
-0.129,8760
0.363,873
0.0306,4337
0.0258,4051
-0.142,8915
-0.0724,6764
-0.147,8427
0.0859,3293
-0.123,8936
-0.0636,7369
-0.0236,6551
-0.0652,6066
-0.0965,7525
-0.0434,6263
0.261,1310
0.103,2814
-0.0357,6330
-0.146,9497
0.0963,3545
0.0541,3954
0.253,878
-0.0435,7047
0.024,4579
0.169,1679
-0.0307,6539
-0.0236,5648
0.162,1305
0.0334,3698
0.0127,4134
0.0807,2867
-0.25,9962
0.574,297
-0.0899,6650
0.0749,2177
-0.261,10042
-0.0817,7995
0.252,524
-0.0554,7939
0.137,2219
0.012,4667
-0.0986,7622
-0.0038,5136
0.0398,3640
0.0615,3112
0.308,1019
0.349,163
-0.0621,6223
0.12,2169
-0.122,8570
-0.124,8579
-0.249,10009
0.222,301
-0.136,10334
0.0747,2275
-0.14,7617
0.135,2709
0.102,679
0.117,429
-0.0791,7390
0.557,4
-0.0639,7287
0.267,1063
0.182,1941
-0.0698,7934
0.0126,4772
-0.00399,5037
-0.0501,6645
0.118,2519
0.0788,1894
0.00893,4428
-0.0594,8803
-0.861,9349
0.315,1524
-0.0904,7591
0.0123,4658
-0.0127,5643
-0.146,8806
-0.188,7512
-0.0489,6072
0.624,16
-0.0931,7751
-0.087,9118
-0.049,6130
-0.113,8619
0.426,662
-0.0517,5636
-0.105,8537
-0.223,10021
-0.192,9499
0.0883,1087
0.222,894
-0.0328,6081
0.000988,4973
-0.0247,6538
-0.0286,6041
-0.146,9700
0.136,2474
-0.216,7885
-0.111,9452
0.523,1
-0.0455,7084
0.0157,4435
-0.134,8927
0.00321,4945
-0.0358,6766
-0.276,9025
-0.123,8237
0.0607,2517
-0.233,8208
0.128,3501
-0.13,8893
-0.0438,6636
0.19,1085
0.105,2636
-0.0365,6171
-0.0787,7888
-0.181,9875
0.0605,2434
-0.319,10071
-0.129,8420
-0.105,6744
0.123,1907
-0.0986,10136
-0.0569,6980
0.218,504
-0.0368,7063
-0.0419,6669
0.118,2072
0.0451,3579
-0.0396,6471
-0.16,9050
-0.265,10011
0.0523,3897
0.145,1409
0.124,2469
-0.381,10417
0.0265,3951
-0.0841,7234
-0.0713,6557
0.193,1673
-0.0643,8087
0.0018,4915
-0.112,9055
-0.156,8969
0.000895,4862
-0.264,9695
-0.162,9485
-0.119,9697
-0.0114,5815
-0.0501,5753
-0.255,7883
0.1,3599
-0.157,9395
-0.0306,6020
0.151,2074
-0.234,10097
0.0781,2055
-0.325,8983
-0.0381,7405
-0.296,10313
-0.0964,7504
-0.0538,7694
-0.0704,6236
-0.0328,6013
-0.0628,7232
-0.193,10192
-0.213,9394
0.00607,4827
0.328,1667
0.28,566
0.0029,5022
0.0374,4100
-0.156,9778
-0.122,6946
-0.173,5672
0.0661,3889
0.0499,2473
-0.192,8122
-0.24,10392
0.191,1366
-0.00721,5200
-0.348,8790
-0.107,9260
0.125,3347
-0.38,9892
-0.0168,5616
-0.0783,6035
0.347,214
-0.00204,5385
0.405,19
-0.00624,5375
-0.138,6977
0.166,1030
0.0239,4395
-0.0139,6011
-0.0285,6295
-0.0648,6042
-0.185,8162
-0.125,8358
0.304,1203
-0.0588,7381
-0.208,10118
0.141,1525
-0.23,9702
0.0692,2981
0.187,1459
0.0286,3865
-0.0757,7411
-0.0956,8063
-0.105,9287
0.424,355
-0.108,7446
-0.142,9549
-0.114,9059
-0.0248,6050
-0.0298,6056
-0.128,9123
0.497,529
-0.102,9224
0.0249,3915
0.0195,4364
0.149,1390
0.0641,3339
-0.0985,7818
-0.123,8273
0.0932,2002
0.176,2075
-0.223,8544
-0.114,8751
-0.235,8138
0.215,347
-0.106,9811
-0.295,10259
-0.242,9363
0.264,1510
0.188,2128
0.043,3355
0.0794,2514
-0.393,9897
-0.0538,6868
-0.0353,6353
0.066,2680
0.246,214
-0.0505,7214
0.0242,4234
-0.28,9835
-0.339,10056
-0.00534,5012
0.226,782
0.179,341
-0.143,10095
0.0843,2106
0.0366,4397
-0.118,8846
-0.148,8275
0.157,754
0.0692,2264
0.112,2431
0.0343,3293
-0.141,9066
-0.0163,5536
-0.124,8936
-0.103,6622
0.079,2291
0.151,2771
-0.0282,5717
-0.0637,8452
0.0304,3560
-0.131,8780
0.0158,4548
0.0941,1114
-0.198,8608
0.165,891
-0.0985,8885
0.0343,4156
0.0103,4990
0.11,2077
-0.177,8910
0.13,1450
0.0394,2945
-0.124,8711
0.197,897
-0.171,8138
0.17,835
0.0288,3900
0.401,128
-0.0186,5293
0.0426,3620
-0.0209,5526
-0.132,8425
-0.105,8304
-0.0694,9314
-0.125,8083
0.116,1036
0.0877,2717
-0.184,9201
-0.00102,5141
-0.00519,5511
-0.155,9550
-0.0339,6445
-0.022,5680
-0.0436,5360
0.0296,4018
-0.0817,8771
0.0493,4083
-0.00167,5182
0.0117,4282
-0.0344,6216
-0.0714,6859
0.0441,3271
0.0322,4177
-0.0349,6179
0.231,856
0.235,2393
-0.157,7429
-0.0651,7293
-0.268,9013
-0.0325,6180
0.148,3175
-0.105,6609
-0.0649,7198
-0.00838,5397
-0.0241,5375
0.105,3300
-0.0258,5674
-0.0207,5938
0.0278,3681
0.0745,1981
0.103,1876
0.00703,5060
0.321,135
1.45,7
0.0597,3692
0.026,4088
0.029,4350
-0.0709,6819
0.0365,4389
0.0301,4268
-0.171,9088
0.0975,1444
-0.0765,8112
-0.162,10211
0.0646,3470
0.176,2213
-0.0315,6357
0.0391,4403
-0.272,9975
-0.0507,6238
-0.0291,5657
0.118,1783
0.172,1225
-0.073,8873
0.0216,4315
0.247,546
0.238,944
-0.081,7444
0.0618,2396
-0.11,10080
0.159,1271
0.155,3382
0.0381,4075
0.0212,4393
-0.0144,6318
-0.063,7804
-0.201,9599
0.0287,3944
0.29,584
-0.145,8051
0.101,2217
-0.16,9880
-0.0295,6157
0.00362,4991
0.315,150
0.0144,4540
0.136,1114
0.0387,3893
0.078,3222
0.0848,3796
0.169,2498
0.00354,4923
0.0362,3779
-0.241,9596
0.0828,3546
-0.183,8519
-0.332,6325
-0.215,8262
-0.155,9757
-0.233,10374
-0.131,8404
-0.0673,6641
-0.0822,6110
0.0548,3641
0.181,1155
-0.0862,7967
0.0194,4538
0.0756,2877
-0.486,10281
-0.0288,6558
-0.0243,6411
-0.0128,5388
-0.052,6945
-0.306,9422
0.0799,3239
-0.376,8793
0.0751,2413
-0.0123,5700
-0.0441,6194
-0.0143,5442
0.0187,4597
0.325,405
-0.0991,8006
0.0277,3884
-0.131,9223
0.117,2158
-0.133,8051
-0.19,8820
0.00445,4797
0.148,379
-0.122,8097
0.0638,3100
-0.00722,5278
-0.12,7469
-0.00325,5518
0.11,1261
0.0592,3489
-0.262,9362
0.228,1332
-0.0227,6313
-0.0467,6930
-0.0136,5325
0.0642,2235
-0.173,9985
0.00484,4676
0.00852,4584
-0.0315,6312
-0.0251,5924
0.302,108
-0.00905,5595
-0.0168,5700
0.213,47
0.0326,2308
0.0637,2798
0.241,520
0.213,637
-0.213,8368
-0.0485,5275
-0.128,8668
-0.0512,7193
0.198,1548
0.442,453
-0.107,9340
-0.133,7125
0.138,2132
0.0244,3860
-0.00652,5026
-0.000207,5000
-0.0657,6925
-0.392,10041
-0.0253,6821
-0.0918,7870
-0.0386,5701
0.00259,5102
0.133,2156
0.136,2235
-0.0776,6353
0.117,965
-5.55e-17,6623
