coef,rank
-0.123,5399
-0.0929,6657
-0.0863,6791
0.638,268
-0.291,7811
-0.0455,6145
0.14,789
0.251,754
-0.0966,7072
0.102,2709
0.0847,2389
-0.0855,8790
-0.164,9913
0.142,2085
-0.0433,5569
-0.0966,4933
0.0402,2788
-0.0914,9831
-0.0711,7397
-0.0859,7866
0.0738,3474
-0.236,7717
0.213,684
-0.222,10082
-0.00159,4928
-0.0426,5964
-0.115,9099
-0.17,4889
-0.115,7406
0.151,1040
0.0575,3498
-0.295,8852
-0.204,9323
0.639,198
-0.0763,7757
-0.0783,8712
0.0948,2096
0.0959,3198
0.266,440
-0.0208,5483
-0.0384,6490
-0.0373,7794
-0.145,8285
0.111,1779
0.133,2094
-0.262,9782
-0.14,10331
0.032,2998
0.155,2038
-0.00605,5211
-0.113,7908
0.247,917
-0.0598,6827
0.0174,4196
0.114,2432
-0.147,8287
-0.427,9383
0.412,213
-0.00201,5308
0.12,1087
-0.347,10275
0.19,939
-0.0649,7967
0.0908,971
-0.0664,7738
0.0158,4423
0.0076,4956
-0.165,9974
-0.0352,6075
-0.345,7655
-0.0447,7217
-0.00108,4958
-0.235,9966
0.143,2006
0.0591,4043
-0.155,9577
0.114,1455
0.0102,4576
0.217,146
-0.00747,5494
0.865,407
0.0591,3609
0.0676,2090
-0.0437,6835
-0.0833,7743
-0.227,9075
-0.121,9001
-0.178,7612
0.134,423
0.0474,2510
0.0929,3011
-0.0555,6577
0.0583,3918
0.15,2210
0.0322,4401
-0.0146,5696
-0.061,5932
-0.0139,5743
0.0692,2842
0.24,521
-0.00865,5454
-0.0356,6411
0.0912,2056
-0.0652,6320
-0.2,8304
0.141,2386
-0.137,7524
-0.205,9524
-0.205,9454
0.153,1748
0.0586,4084
-0.2,9154
0.0704,1968
-0.115,9964
-0.0948,7815
0.119,1692
0.222,145
-0.244,9748
-0.244,10142
-0.0137,5649
-0.0649,8317
0.101,1229
-0.0482,5723
-0.01,5003
-0.00205,5191
-0.0815,6580
-0.28,9389
0.0583,3271
-0.0698,6829
0.0901,2609
0.218,126
0.0527,3692
-0.0538,6206
-0.0331,6486
-0.613,7861
0.34,1098
0.0101,4723
-0.0885,8215
-0.183,7509
0.0486,2914
0.222,1138
0.424,77
0.00276,4794
-0.0569,7458
0.0225,4441
-0.0316,5813
-0.103,9063
0.051,3922
0.00966,4675
0.0468,3088
1.52,101
0.176,1296
0.178,2162
-0.0225,5688
0.298,262
-0.192,9929
0.111,3077
-0.0969,8049
-0.162,8743
0.209,779
0.0868,3069
-0.0551,8221
0.0492,3636
-0.139,8575
0.0248,4111
-0.083,8764
0.0591,3572
-0.0738,8317
-0.158,8874
0.365,758
-0.191,10161
0.00865,4828
-0.0474,8406
-0.13,9050
-0.103,9032
-0.0368,5724
0.84,66
-0.0474,8092
0.159,634
-0.131,8125
0.0671,2550
0.0485,3066
-0.153,10257
0.0226,3326
-0.163,9855
0.00684,4769
0.306,268
0.186,442
-0.276,8338
-0.0669,7890
0.0132,4284
-0.048,8377
0.0174,4409
-0.129,8078
-0.193,8211
-0.0714,8080
-0.0598,6862
0.0218,4592
0.0177,4205
0.35,397
0.102,2179
-0.214,8752
0.0391,3176
0.217,1004
0.17,1576
0.257,992
-0.137,8872
0.27,632
-0.0286,6254
-0.0212,6190
0.0448,3476
0.182,1569
-0.161,8665
0.147,1670
0.0278,3167
0.0561,2769
0.0392,4153
0.221,713
-0.377,10021
-0.00752,3329
0.313,187
-0.0522,7610
-0.125,10203
0.0436,4112
-0.361,9904
0.203,1132
0.0133,4578
0.1,1052
-0.0741,8859
0.332,533
-0.139,8927
-0.0316,5476
-0.147,8085
-0.0191,6304
-0.127,8213
-0.22,9691
-0.335,8518
0.0588,3401
-0.101,7036
0.00521,4826
-0.123,6928
0.105,1608
-0.209,10255
-0.0706,7512
-0.195,10083
-0.0298,5601
-0.316,10235
0.274,106
0.156,1867
0.0463,3298
0.0308,3367
0.145,2567
0.0387,4245
0.21,1656
-0.28,8568
0.0537,3384
-0.0569,7161
0.287,88
0.0185,4516
-0.16,9066
0.22,973
0.0931,1669
-0.197,9854
-0.188,8552
-0.134,9145
-0.115,7969
1.36,13
-0.13,8068
-0.101,10127
-0.151,9032
0.115,1685
-0.0923,6958
-0.0865,7951
0.237,340
0.0803,3273
-0.0707,7396
-0.0506,6566
-0.115,7675
0.0346,3939
-0.0833,7666
0.165,1807
-0.12,8123
-0.0819,6852
0.113,2369
0.162,1415
0.0685,1974
-0.0847,7334
0.647,10
0.299,490
0.406,233
-0.0413,5630
0.0164,4354
-0.0759,8381
0.153,2782
0.199,425
0.0714,3619
-0.0695,6470
-0.037,6324
-0.104,8604
0.176,1221
-0.202,9809
0.402,149
0.596,438
-0.0311,6501
-0.0676,6786
0.0206,4375
-0.103,6162
-0.126,7665
0.125,1055
-0.073,8866
-0.0775,7784
-0.0736,7152
0.292,1163
0.0761,3547
-0.0618,6713
-0.277,9358
-0.143,8377
0.0801,3343
-0.0585,7019
-0.0271,5618
-0.00778,5112
-0.0284,6557
-0.0485,7009
0.0578,3079
0.227,689
0.00857,4435
-0.207,6718
0.00139,5278
0.0128,4522
0.494,99
-0.0369,5862
0.216,1256
0.0318,2787
-0.142,9838
-0.111,9429
-0.305,10448
0.0182,4294
0.179,570
-0.257,9047
-0.0247,6374
-0.0753,3478
-0.084,6762
0.007,4697
-0.0529,7983
0.157,2007
0.0965,1323
-0.327,10422
-0.553,7171
-0.215,6644
-0.682,8191
-0.297,5693
-0.011,4055
-0.357,10329
-0.112,7242
-0.184,9714
-0.0671,6504
0.0713,1819
-0.087,9497
-0.177,5523
0.0541,3981
-0.0371,5659
-0.316,8434
-0.148,8942
-0.0782,8806
-0.185,7227
0.0819,3155
0.0879,2401
-0.0285,6014
0.0635,3661
-0.0215,6184
0.0139,4586
0.108,3016
0.0767,3019
0.344,791
-0.267,10019
-0.0404,6744
0.0649,3641
0.0593,2038
-0.16,9012
-0.457,9328
-0.0547,7249
0.113,1381
-0.00711,5336
-0.172,9575
-0.315,9848
-0.143,8945
-0.266,10377
-0.0481,6777
-0.0539,6685
0.0348,4355
0.481,5
-0.244,9010
-0.218,9608
0.213,320
-0.0572,5914
-0.0393,6588
0.0859,3249
0.086,2681
0.104,2071
0.159,713
-0.0289,6199
0.511,140
-0.26,9796
0.301,2332
-0.0228,7712
0.15,782
0.395,309
-0.0279,5660
0.0519,3896
0.176,1677
-0.061,7667
-0.00689,5368
-0.000504,5286
-0.022,5900
0.843,20
-0.0949,7956
-0.0485,5984
-0.0451,7701
-0.159,9102
-0.0852,7107
-0.0347,6288
-0.0797,6802
-0.149,7816
0.0179,4236
0.213,759
0.322,553
-0.114,7824
-0.0126,5376
-0.0882,8983
0.186,428
-0.0971,7610
0.0513,3454
-0.0412,6226
0.074,2741
-0.0251,5444
-0.195,10154
-0.0558,8238
-0.24,6653
0.505,144
-0.0908,7079
-0.474,10152
-0.0016,5180
-0.344,10451
0.573,24
0.372,1362
-0.00288,4950
0.662,19
0.1,1688
-0.0286,5501
0.272,1289
-0.0861,7731
0.166,1616
0.178,1011
-0.168,10057
0.0681,1485
-0.0667,6607
0.0355,4127
0.0511,3861
-0.0242,6309
-0.105,8906
-0.151,8336
-0.25,9938
0.44,335
-0.0347,6033
-0.163,9210
-0.139,9607
0.168,844
-0.128,8180
0.318,344
0.175,397
0.00421,4690
-0.313,10406
-0.107,7503
-0.105,8861
0.00317,4735
0.043,3577
-0.0294,5891
0.0514,2837
-0.122,7060
0.0893,2214
-0.294,10162
-0.146,8217
-0.113,8622
0.103,1819
-0.127,9812
0.116,1355
0.0303,3704
0.0179,4296
-0.078,7286
0.0727,290
0.0772,2623
-0.0273,6186
-0.162,7622
0.696,140
-0.231,10381
0.163,1148
-0.0657,7716
0.0997,2385
-0.18,9564
-0.229,9107
0.28,80
0.0809,1108
0.176,458
-0.464,10383
0.00328,4956
0.0201,4558
0.338,797
-0.143,7871
0.0265,3862
-0.45,9607
0.369,639
0.0422,4318
0.349,1388
-0.0407,7079
-0.127,9707
0.18,470
-0.0922,7657
-0.0739,6353
0.0946,2859
-0.0345,6638
-0.0689,7291
-0.114,6813
-0.22,9434
-0.187,8863
0.426,1059
-0.135,9990
0.0217,4296
0.165,1530
-0.0957,8375
-0.0707,7420
0.0364,3982
0.0904,1979
-0.0636,8918
1.81,199
-0.585,8319
-0.124,5849
-0.125,8512
-0.195,9005
-0.114,9003
0.0688,3283
-0.0782,6676
-0.072,7145
-0.0986,8450
0.0037,5007
-0.255,10216
0.0338,4154
-0.0692,5273
0.306,2040
-0.0266,6074
-0.0707,6628
0.116,1669
0.089,3124
0.0113,4683
-0.0856,7722
0.108,2279
0.075,3014
0.157,1276
0.00297,5044
-0.1,7679
-0.0715,7250
0.073,2277
0.173,622
-0.0791,7897
0.0211,4228
0.217,1097
0.0186,4153
0.134,1104
0.293,512
-0.125,8462
0.0501,3387
-0.109,8352
-0.319,10331
-0.017,5653
0.137,512
-0.0146,5054
-0.0875,8108
0.435,306
-0.279,8727
0.0084,4731
0.394,36
0.172,2136
-0.0973,8744
-0.00597,5463
-0.00749,5132
0.2,234
-0.197,10193
-0.0299,6034
-0.0837,8240
0.112,2851
0.233,2089
0.0484,2306
0.321,214
-0.119,7768
-0.0518,6530
0.101,2492
-0.187,9925
-0.0156,5653
-0.055,7351
0.184,1573
-0.228,9009
0.116,2058
-0.098,7282
-0.0243,5721
-0.0911,9007
-0.0666,6586
-0.117,9593
-0.0579,6020
0.0444,3999
0.326,47
-0.202,10245
-0.00615,5328
-0.0196,5892
-0.113,7545
-0.13,7801
-0.00948,5361
-0.0489,7177
-0.0344,6828
-0.0517,6610
0.0355,4063
-0.159,9421
-0.0129,5683
0.146,1917
-0.0623,7741
-0.263,5876
0.772,288
0.103,1768
0.0317,3373
-0.0174,5959
-0.0428,7059
-0.171,8104
-0.114,8186
0.0676,2411
-0.0107,6030
0.0466,3067
-0.0452,6219
0.00828,4596
-0.3,10108
0.147,1426
-0.128,8108
-0.135,4925
-0.17,9508
-0.17,8074
0.0173,4454
0.0908,1748
-0.236,9899
-0.947,8953
-0.11,9090
-0.343,9305
0.492,181
-0.0378,7125
0.297,820
0.377,2388
-0.264,6065
-0.0955,7246
0.208,1908
0.06,3322
-0.328,10224
0.0138,4968
0.0504,2171
0.0868,2621
-0.023,5648
-0.365,8647
0.193,245
-0.0928,8046
0.0155,4322
-0.287,9995
-0.0188,5809
-0.0143,5344
-0.147,9862
0.0454,3574
0.0305,4170
-0.0511,6241
0.0359,4283
0.0457,4060
-0.364,10391
0.114,1109
-0.0817,8073
0.161,1912
0.0054,4951
-0.242,9955
0.0668,3667
-0.0347,6546
-0.0473,6124
-0.0202,5510
-0.553,9696
0.0748,2987
-0.202,9065
0.0861,2273
0.00699,4686
0.119,2688
-0.0199,5400
-0.149,8573
-0.154,7172
0.17,1879
0.17,1149
0.112,1977
0.107,3895
-0.0877,7288
0.0415,3694
-0.256,10385
-0.0259,5700
0.0185,4267
-0.202,9401
-0.445,10070
-0.345,7016
0.0371,3520
-0.0496,7556
-0.0836,8679
-0.145,8079
0.114,682
0.125,2828
-0.000661,4923
0.00244,4824
-0.0342,5639
0.0357,4231
-0.0867,7425
-0.224,9958
-0.113,8148
-0.259,10449
0.0262,4472
0.602,70
-0.101,5659
-0.235,8798
0.119,623
0.129,2019
0.0294,4282
0.0934,1837
-0.0369,6426
-0.0487,5498
-0.314,10424
0.0407,3864
-0.0775,7284
-0.0197,5846
0.194,2623
-0.112,6016
-0.00566,5601
0.176,172
0.0999,1931
0.106,2474
-0.101,7548
-0.161,8513
-0.137,9690
0.0197,4579
0.0235,4393
0.126,3112
-0.201,9954
0.0728,2260
0.0361,3690
0.101,1770
-0.0103,5421
0.49,333
-0.0148,5692
0.0133,4560
-0.129,7608
-0.181,10358
-0.0792,7103
0.342,163
-0.212,9928
0.0964,3516
0.255,326
-0.152,8758
-0.156,8839
0.41,651
-0.243,9612
-0.0142,5403
-0.0646,8271
-0.148,7510
0.0301,4321
-0.166,8885
0.718,16
0.129,2215
0.135,1157
-0.121,8595
0.285,1012
-0.0756,8754
-0.0344,5329
-0.0642,6126
0.0981,2730
0.0472,2863
0.141,1652
0.037,4109
0.0988,2610
-0.165,8455
0.0883,1945
0.0635,3168
-0.0348,8924
0.00913,3850
0.0381,868
-0.0144,8226
-0.0118,7738
0.00421,3039
-0.107,7310
-0.768,8446
-0.18,9902
-0.0846,7477
0.0268,4469
-0.242,9100
0.179,1816
-0.0806,8215
0.319,683
0.0367,3952
-0.154,7753
0.0491,2323
-0.139,8796
0.0703,2883
-0.264,7483
0.925,362
0.377,1038
1.28,70
-0.05,6500
-0.149,8544
-0.195,6789
0.2,1351
-0.0499,6281
0.00226,4621
0.238,410
0.129,1481
0.335,1282
-0.0448,6423
-0.0598,7677
0.0692,2465
0.419,833
-0.0453,5902
-0.165,9445
0.413,565
-0.238,9812
-0.0994,9009
-0.023,6907
-0.145,8741
0.106,2076
0.17,1314
-0.114,7096
-0.189,9180
0.278,254
-0.171,8458
0.256,409
0.152,1820
-0.0794,7993
0.0701,2342
0.115,2131
-0.0215,5611
-0.0838,8632
0.294,1095
-0.256,8502
-0.0382,6384
-0.0953,8507
-0.0658,6431
0.217,369
-0.261,9775
-0.113,6872
-0.00311,5167
0.139,1621
0.471,481
-0.0675,8047
0.176,1442
0.099,2115
-0.0791,8320
0.0724,2598
-0.0364,6558
0.0529,3417
0.189,1227
0.155,2321
-0.0201,6315
0.126,821
0.11,3361
-0.093,6781
0.208,492
0.167,1601
0.0304,4439
0.0294,3902
0.122,1383
-0.0101,4604
-0.0108,5173
-0.115,9095
-0.653,10119
0.066,2997
-0.0875,5366
-0.00738,5707
-0.195,10189
0.055,2759
-0.976,9354
-0.148,5188
0.764,202
0.0319,4530
-0.0672,7416
-0.419,9875
-0.174,9623
-0.164,9785
-0.191,9791
0.0156,4509
0.0765,2900
-0.0994,8072
-0.206,9529
-0.153,9424
-0.0415,6566
-0.139,9280
-0.141,7919
-0.0859,8321
0.324,518
-0.252,9634
0.0138,4628
-0.24,10148
-0.231,5522
-0.35,5379
0.357,177
-0.331,9362
-0.207,8992
-0.0669,6330
-0.177,8360
-0.0358,6414
-0.07,6995
-0.0732,8342
0.384,29
0.0361,2722
0.385,70
-0.159,8599
0.195,1242
0.011,4484
-0.242,9786
0.0253,3948
-0.265,8756
0.0687,3514
-0.0994,6618
0.0679,3517
0.0819,1499
0.0149,4753
-0.351,8928
-0.135,8957
0.0492,3687
0.253,1347
0.0572,2803
-0.0177,5509
0.357,773
0.175,1002
-0.261,10313
-0.0623,6270
0.034,3212
0.0716,2420
-0.396,6963
-0.281,6556
-0.37,10223
0.158,526
0.0389,4169
-0.07,6332
-0.0137,5126
0.152,2302
-0.0606,7028
-0.212,8496
-0.0575,7964
-0.195,9138
-0.546,8217
0.224,2627
-0.144,5751
-0.127,8967
0.338,151
-0.0738,7276
0.183,2253
0.182,2916
-0.0493,5032
0.12,1024
-0.159,9624
0.0476,4021
-0.183,9440
0.429,822
-0.083,8010
0.221,80
0.068,2036
-0.0737,9511
0.12,1835
-0.17,10253
-0.049,7586
0.134,757
0.0989,1545
0.111,2119
-0.0217,5865
0.106,3317
-0.244,8085
0.113,2147
-0.1,7766
-0.0864,7904
-0.0546,6242
-0.177,9288
-0.252,9742
-0.0379,5976
-0.127,9404
-0.0312,3382
-0.0228,5286
-0.14,6224
0.197,1987
-0.0442,6066
-0.0577,6840
-0.0217,5520
0.124,1985
-0.125,8749
0.0388,3995
-0.165,9583
-0.0456,9121
-0.0428,5947
-0.228,5755
0.632,351
-0.0899,7312
-0.0886,8817
0.123,1635
0.25,1094
0.166,874
-0.21,7784
0.102,1578
0.0719,3037
0.113,920
-0.0636,6710
0.222,1510
-0.307,8977
-0.235,9275
-0.226,8910
0.0064,4680
0.276,442
0.0236,4181
-0.125,7910
-0.178,7200
0.0763,2465
0.0794,2169
-0.0444,5834
0.155,987
0.0122,4630
0.555,498
-0.0102,5233
-0.019,5815
-0.0568,6194
-0.193,9482
0.33,894
0.188,2388
0.00869,4834
-0.0958,8571
0.0703,2547
0.035,4138
-0.082,8255
0.302,2378
-0.0441,7617
0.263,67
-0.252,9016
-0.229,9460
0.505,404
0.00984,4951
-0.00823,5135
0.269,843
-0.0432,5728
0.0411,4107
-0.104,9577
0.166,614
-0.298,10471
-0.0568,7287
0.0607,2829
0.0702,2455
-0.13,8106
-0.06,6647
-0.176,10247
-0.17,9913
-0.108,8902
-0.269,9411
0.0108,4617
0.0444,4006
-0.0547,6630
-0.107,9400
-0.316,9309
-0.14,8666
0.101,2393
-0.292,8758
-0.232,10036
-0.0348,6320
0.00353,4810
-0.0587,6990
-0.147,4913
0.106,2124
0.0841,2801
0.0745,2658
0.00399,5091
0.356,183
0.0772,3230
0.039,3525
0.0222,4514
-0.0764,8132
-0.0703,5893
-0.174,7409
-0.156,9492
0.119,1530
-0.0383,6883
0.00159,5109
0.107,2598
0.0331,4125
-0.297,10229
-0.0343,6356
0.017,4721
-0.0269,6065
-0.0146,5912
-0.0154,5543
0.031,4189
0.189,89
-0.0433,7342
-0.135,8505
0.0475,3454
0.488,606
-0.19,9063
-0.341,10372
-0.0445,6333
-0.0673,6940
-0.0251,5541
0.0252,4459
0.00195,4866
0.0293,3929
0.0369,3255
0.245,1589
0.331,57
-0.091,8219
-0.00682,5327
0.0452,3170
0.006,4910
0.357,564
-0.194,9560
-0.00162,5032
0.418,1857
0.239,946
-0.0221,6348
0.0845,2002
-0.154,8747
0.114,981
0.675,125
0.0707,1367
-0.237,9947
-0.0794,6229
0.22,2842
-0.321,7589
0.138,2929
0.244,418
-0.114,9457
-0.185,9887
-0.173,10130
0.184,2491
0.00221,4797
0.0959,1627
0.0491,2968
-0.19,9085
-0.242,9058
-0.145,8557
0.0624,3141
0.0318,3582
0.0622,3196
0.0766,3216
0.126,2078
-0.113,8703
0.176,2540
0.0903,2392
-0.0379,5632
0.0265,3977
0.0959,3059
-0.0778,9045
0.151,1855
0.0615,2057
-0.00576,5109
-0.0566,6743
-0.134,9587
-0.316,8504
-0.101,7590
0.0942,694
-0.0889,7987
-0.0987,7833
0.417,77
-0.17,8157
-0.205,8278
-0.0103,5603
-0.0777,8346
-0.0206,5398
-0.299,9699
0.0493,4063
-0.148,8726
-0.217,9965
-0.105,9035
0.0602,4187
-0.0119,5498
-0.123,7168
-0.113,8527
0.00527,4939
0.213,2402
0.168,1111
-0.189,8328
0.506,345
-0.149,9072
-0.118,9526
0.187,844
-0.0494,6578
0.0123,4616
-0.0341,6152
-0.0135,5713
0.0363,3515
0.0991,1398
0.0408,3055
-0.401,9657
-0.0606,6640
0.0951,2336
0.125,1508
0.0203,4558
-0.806,9474
0.207,2415
-0.0599,6301
-0.183,5328
-0.0954,8274
0.154,2061
0.137,1271
0.138,1344
-0.085,7284
0.0584,3573
-0.31,9823
-0.0283,6769
-0.143,9494
-0.0621,6862
0.0269,4513
0.408,597
-0.0355,6260
0.0402,2901
-0.153,9358
0.132,1394
-0.125,8834
0.111,1483
0.0656,2074
-0.0617,7632
0.257,227
0.0417,4178
-0.109,5853
-0.0499,5463
-0.106,7945
0.185,689
-0.266,9951
-0.0787,8493
0.252,884
-0.102,7054
-0.148,8677
0.0461,3658
-0.0362,6039
0.456,1751
-0.0475,6420
-0.215,8260
-0.156,9992
-0.0459,6914
0.22,156
-0.235,8904
-0.14,9223
0.14,2079
-0.083,9319
-0.0295,6181
0.0316,3979
-0.00595,5299
-0.0363,6348
0.0233,4586
-0.0629,6900
-0.072,5944
-0.137,8188
-0.0907,7394
-0.169,7889
-0.4,7917
-0.0541,6805
-0.0672,6106
0.255,502
-0.0526,6463
-0.191,9186
-0.285,8492
0.126,1294
-0.141,8970
-0.132,8442
0.684,269
0.000302,5056
0.292,250
0.213,93
-0.0213,5891
-0.416,9841
0.119,1534
0.12,3479
0.258,131
-0.0711,9202
-0.169,8358
-0.00151,4937
-0.0437,5702
0.0513,3123
-0.0349,6662
-0.187,10098
-0.0827,6907
-0.0409,7076
-0.139,9804
0.0566,2494
-0.0128,5934
-0.134,9437
-0.0478,6648
0.226,1601
0.409,340
-0.0305,6225
-0.0559,7185
-0.0888,7341
0.0874,2781
-0.244,9681
0.496,276
0.00693,4729
0.00932,4621
0.0495,3430
0.553,26
0.0561,3092
-0.247,8327
0.141,503
0.00587,4906
0.0916,1648
0.0723,3641
0.00827,5073
-0.0236,5301
0.0419,3773
-0.0564,8283
0.0776,1773
0.0432,3736
-0.254,10310
0.0228,4390
-0.204,8347
-0.0885,7434
-0.102,9538
0.18,1440
-0.0734,7236
0.237,1756
0.273,833
-0.235,10068
-0.0338,6879
-0.0313,6067
0.332,177
0.2,790
0.138,2040
0.0155,4421
0.0622,2626
0.412,151
0.149,1367
0.0188,4409
0.259,1100
0.176,1037
-0.187,9540
-0.068,6435
0.107,1988
-0.0141,5403
-0.716,8309
-0.139,8034
0.00946,4548
0.0765,2385
-0.0461,6518
-0.203,9187
-0.079,8058
0.0981,2056
-0.0651,7488
-0.344,8510
0.546,2043
-0.332,7357
-0.125,7780
0.408,447
-0.0111,4975
0.0212,4579
0.227,718
0.29,660
-0.118,8429
-0.069,8459
0.238,967
-0.0932,7003
0.345,183
-0.0258,5549
0.0507,3152
-0.098,9228
-0.0668,6640
-0.0597,6890
0.997,0
0.084,1448
0.564,87
0.099,1487
0.122,3184
-0.142,9560
-0.0888,7192
-0.172,9592
-0.0737,8840
0.0782,2300
-0.0706,7310
0.167,757
-0.0592,5708
-0.125,5216
0.0956,1319
0.0829,983
-0.219,9290
0.0228,4320
-0.361,7467
0.674,1017
-0.0632,7666
0.183,857
-0.169,9134
-0.0147,5905
0.0664,3076
0.142,1581
-0.103,8650
0.166,180
-0.197,10442
0.0508,3289
0.0491,3010
-0.0877,8114
0.0809,433
0.0185,4318
0.281,1316
-0.0528,7539
0.108,3385
0.0991,2315
-0.135,9937
0.0799,2461
-0.0543,6075
-0.00531,5177
0.18,319
-0.011,5113
0.0985,1335
-0.0391,6532
0.00949,4420
-0.25,7973
-0.0252,8919
-0.201,9155
0.139,1726
0.322,1807
0.0868,3295
-0.0742,6993
-0.114,7665
-0.394,9628
0.256,742
0.423,1362
0.34,563
-0.112,8697
0.273,1007
0.312,1603
-0.0846,7271
0.601,22
-0.147,8416
-0.0625,7043
-0.054,6572
-0.299,7221
0.0452,4261
-0.108,6951
0.0272,4341
0.148,1131
0.0284,3911
0.188,645
-0.181,9022
-0.138,7541
-0.226,9516
0.0541,1543
0.0947,2715
-0.0442,6582
0.117,2523
0.0529,3851
0.284,960
-0.145,10186
-0.0946,9655
0.0279,4059
0.133,1743
0.0474,3263
0.688,120
0.187,1308
0.0923,2131
-0.195,9816
-0.146,8821
-0.0823,6544
-0.342,9076
-0.000551,5261
-0.0406,6667
0.189,597
0.00356,5099
0.0248,4627
0.0414,4212
0.211,324
-0.0228,5825
-0.129,8705
-0.117,8457
-0.194,7325
0.0287,4140
-0.0466,7161
0.0741,2909
0.0304,4249
-0.158,9209
0.106,2269
-0.0694,5907
-0.14,8950
-0.0192,6321
-0.178,8425
0.0528,3984
-0.00584,4932
-0.0329,5403
0.378,15
0.145,1120
-0.0389,6230
0.204,1458
0.4,722
0.0583,3995
-0.0451,8055
0.0037,4699
-0.0404,6873
0.215,345
-0.179,7008
0.018,4205
0.0623,2491
0.0131,4834
0.0267,4339
-0.156,7783
0.0919,3237
0.0341,3892
-0.191,9739
0.0609,2965
-0.0309,6316
-0.00122,4988
-0.155,8251
-0.012,5468
-0.00948,5416
0.00197,5122
-0.322,10216
-0.186,9333
-0.0699,6410
-0.216,10164
0.107,682
-0.051,7974
0.0679,3750
-0.0921,5732
-0.306,9657
0.0587,3723
0.0432,4154
0.0352,3838
0.00882,4837
0.225,316
-0.221,9687
0.153,1209
0.0405,3840
-0.368,10430
-0.0197,5031
0.0337,4275
0.0133,4589
-0.0577,6424
-0.196,10391
0.227,1399
-0.0935,7344
0.0512,2010
-0.0864,6025
0.0783,3571
-0.132,10090
0.113,1721
-0.0133,5754
-0.376,5747
-0.158,6851
-0.065,6142
-0.029,6169
0.0275,4033
0.19,1967
0.652,192
-0.0463,7019
-0.125,9269
-0.0996,6956
-0.143,9318
0.0289,3794
0.0838,2759
0.0873,2815
0.0892,2352
-0.133,8791
0.00909,4883
-0.0251,5760
-0.145,9467
-0.00483,5194
0.0519,4114
0.205,563
-0.0472,6362
0.02,4539
0.0467,3475
-0.0767,6662
0.161,1575
0.00133,5094
0.0595,1952
-0.459,9672
-0.0595,3693
-0.264,7200
-0.0859,6924
0.00895,4647
-0.0432,7252
-0.0484,6419
-0.106,7755
-0.198,9869
-0.116,8892
-0.066,7925
0.02,4431
-0.107,7927
-0.0875,7301
0.0277,3953
-0.0439,6271
0.0826,2826
-0.0886,8211
-0.0753,7553
0.231,940
-0.0195,5788
0.063,3494
0.0298,4189
0.111,904
-0.00194,5236
-0.301,10174
0.221,1760
-0.0582,5153
0.486,4
-0.118,9048
-0.0842,6161
-0.25,9129
-0.144,9236
-0.0216,6064
0.0316,3619
0.0259,4043
0.0793,1446
-0.0495,5746
-0.0407,6187
0.0612,3254
-0.0477,6971
0.0855,2167
-0.192,9681
-0.132,8618
-0.0287,6578
-0.251,8364
0.0397,3169
-0.0828,7927
-0.338,10313
-0.0291,5278
-0.194,9773
-0.0521,6142
-0.0306,6486
-0.3,9998
0.259,248
0.012,4847
-0.0591,6254
0.08,3079
0.0738,2512
0.0855,2316
-0.168,9685
-0.0838,7546
0.231,1364
-0.00748,5434
-0.0327,6925
-0.393,10151
-0.126,6212
-0.027,6018
0.0973,2333
-0.0451,6445
0.144,1476
0.0188,4206
0.223,1295
0.162,1875
-0.129,8826
-0.0808,7783
-0.257,9501
-0.00829,5119
-0.127,8229
-0.212,8215
0.836,86
0.0635,2518
-0.0854,7880
-0.173,9931
-0.0301,5809
0.121,2586
0.112,3012
0.123,588
0.0536,2916
-0.0259,5345
0.201,137
0.207,1383
0.456,200
-0.161,9253
0.147,1552
-0.028,7198
-0.0389,6435
0.115,1528
-0.0683,7241
0.15,756
0.0797,2178
-0.0703,6501
0.134,1746
0.0655,3154
-0.389,9421
0.0545,4180
-0.0648,7678
0.0953,2664
-0.155,9003
-0.0281,5948
-0.0576,5979
0.0183,4307
0.0194,4232
1.15,1
0.025,3891
-0.0783,7485
-0.072,6796
0.102,1749
0.00155,4826
-0.0316,6446
0.0845,3629
-0.182,7928
-0.18,8644
0.214,622
-0.054,6849
0.0784,1960
-0.103,7124
0.162,1634
-0.331,10338
-0.0319,5894
0.169,910
-0.346,9499
-0.0253,5485
-0.169,7997
-0.379,6075
-0.129,8344
-0.212,9349
0.053,3607
0.000536,5095
-0.127,9526
0.063,2718
-0.272,9448
-0.127,8288
0.0792,3121
-0.188,10442
0.0415,2873
0.0401,3347
-0.0982,6553
-0.0686,6648
-0.216,8950
0.0561,3238
0.0702,982
0.0429,3377
0.0588,3470
-0.0379,5520
0.227,1742
0.191,2214
-0.128,8860
0.0644,2138
0.283,255
-0.04,5963
-0.112,8153
0.119,1550
-0.101,9088
0.248,1595
-0.0625,5175
0.0327,4362
-0.136,8406
0.084,2855
0.225,1360
0.272,409
0.147,1975
-0.207,9710
-0.0698,8181
0.0244,3822
-0.106,8323
0.3,458
0.183,1063
-0.131,7764
0.117,1524
-0.0402,6428
0.0409,4075
-0.0821,6606
-0.236,8737
-0.146,9376
-0.208,9051
0.121,2485
-0.18,9180
-0.142,8788
-0.019,6146
0.0805,3004
-0.481,6498
-0.308,10363
-0.285,6710
0.00528,5020
0.0438,3253
-0.324,5301
-0.816,9206
0.205,1493
0.272,1020
0.94,61
-0.0714,7753
0.000277,5094
0.558,104
0.142,3136
-0.171,8556
0.126,1130
0.18,595
0.0605,3699
-0.0364,6174
0.1,3212
1.43,149
0.0287,3669
0.156,1322
-0.0829,7390
0.245,1598
0.0111,4597
-0.133,8245
0.192,73
0.0433,4142
0.038,4119
0.00947,4930
0.155,2685
-0.149,7958
0.0235,4512
0.00646,5004
0.105,1726
-0.186,9111
-0.247,10372
-0.0637,6964
-0.0556,9607
0.0204,3768
0.175,1965
-0.186,9602
0.00174,4940
-0.158,8941
0.027,3910
-0.143,9753
-0.161,6864
0.159,2682
0.199,2588
-0.174,8665
-0.119,7889
0.0523,3712
-0.152,9134
0.331,1113
-0.167,8419
0.323,280
0.0441,3625
-0.0981,7045
0.101,2791
-0.42,9878
0.099,2715
-0.039,5687
-0.0377,6595
-0.177,9642
-0.0508,8217
-0.215,10203
-0.343,10386
0.0559,3740
-0.0375,6361
0.263,140
-0.17,10084
0.07,3205
0.411,1406
0.0315,3391
-0.126,8750
0.0646,2480
0.117,2727
-0.0808,5980
0.0741,2837
0.018,4421
-0.0781,7991
-0.143,7913
-0.106,8232
0.259,129
0.0826,1642
-0.18,9792
-0.0315,6192
0.239,389
-0.0787,6860
0.0876,2229
-0.0814,7413
-0.0207,5405
-0.117,9969
0.0373,3693
-0.187,9070
-0.121,8111
0.202,89
0.204,430
0.138,1140
-0.0275,5923
0.228,693
0.189,714
-0.231,8947
0.443,164
0.0941,2375
-0.106,9271
-0.104,7782
-0.338,7604
-0.165,8316
-0.0187,5530
-0.138,8091
0.154,1043
0.255,890
-0.272,9017
-0.0399,7135
-0.13,8755
0.00648,4926
0.055,2710
-0.356,6453
0.0739,3062
-0.0363,6033
-0.183,6716
-0.2,10190
-0.0198,5496
-0.0669,7174
0.0171,4419
-0.0163,5599
-0.407,10276
-0.127,10177
0.0638,2623
0.232,1229
0.519,106
0.0544,3323
-0.0983,8920
0.0136,4607
0.029,3433
-0.0275,5968
0.155,1728
0.0465,3239
-0.0106,5514
0.113,1083
0.0912,2389
-0.0711,7752
-0.0722,6669
-0.105,6841
0.0383,3503
-0.0211,5647
0.371,220
-0.309,7648
-0.0494,7462
-0.0939,6136
-0.175,9726
-0.0472,8116
-0.122,6551
-0.232,8996
0.0222,4280
0.00936,4756
-0.157,8849
0.017,4244
-0.0259,5701
-0.000951,4891
0.118,2838
-0.301,9275
-0.245,7864
0.0258,4240
-0.0573,7808
0.00792,4625
-0.47,10455
-0.165,8598
-0.315,10329
0.0625,3146
-0.0379,6251
-0.0754,7130
-0.115,8732
-0.219,8171
0.0491,4153
-0.0423,6620
0.16,809
-0.271,9663
0.136,1064
0.146,2824
0.193,2964
-0.0867,8786
-0.232,9466
0.132,1576
0.155,915
0.0728,3192
-0.201,7718
-0.163,8666
0.355,429
-0.0994,8677
0.202,1211
-0.064,6568
-0.0962,8354
0.061,2897
0.0137,4905
0.0266,4485
0.0422,3444
-0.358,9524
-0.273,9618
0.031,3338
0.0416,3182
-0.0317,6410
-0.192,10242
0.0317,4150
0.116,1556
0.0476,3992
-0.118,9522
-0.122,8627
-0.286,9652
-0.13,6874
-0.033,6298
0.0711,3126
-0.19,9237
0.0279,4283
0.0445,3573
-0.223,10309
-0.0718,5877
0.0567,2364
-0.0533,7279
-0.143,10159
0.175,350
0.0939,1975
-0.0494,6264
0.282,1553
0.132,2390
0.124,1359
0.0049,4997
-0.188,8103
0.195,1445
-0.202,9385
-0.0809,10108
-0.0967,7768
-0.00661,5229
-0.137,8023
0.411,534
0.0375,4039
-0.184,9270
0.0568,3297
-0.092,7153
0.035,3531
0.0442,3361
0.0363,3540
0.0071,4984
-0.0272,5677
-0.109,9100
-0.336,9391
-0.0634,6368
-0.0638,6868
0.095,1567
0.256,1365
-0.149,9843
-0.0504,6334
0.0284,3252
-0.08,6992
0.0239,3805
-0.119,8116
0.126,1553
-0.201,8824
-0.284,8735
-0.167,7704
-0.208,9079
0.239,707
-0.104,7032
-0.328,6879
-0.145,8011
-0.068,5756
0.000946,4927
-0.000741,5077
0.207,341
0.109,1270
-0.125,7245
0.245,1
-0.0503,8741
0.0139,4655
-0.264,9458
-0.0176,6113
-0.28,8290
0.116,753
-0.0139,5537
0.225,858
0.021,4619
0.0937,3074
-0.0343,5681
-0.105,7774
0.00987,4630
-0.0171,5714
0.153,1052
0.143,2312
-0.215,9688
-0.0755,6951
0.0805,1800
0.117,1675
0.269,1692
-0.157,8094
-0.126,8032
-0.0302,6776
0.0412,3545
-0.121,9558
0.0673,3711
-0.403,10188
-0.0234,5477
-0.126,9901
0.0146,4161
-0.0775,6556
-0.268,8879
0.0864,3692
-0.0691,6020
0.389,1109
-0.183,9078
0.202,944
-0.205,9958
0.833,85
-0.0243,5879
0.044,3324
0.187,1656
-0.157,7941
-0.00687,5444
0.0502,4157
0.943,73
0.167,258
-0.0637,7088
0.299,597
-0.151,8466
-0.224,9739
0.299,576
0.127,1661
0.0875,2905
0.108,2001
0.36,280
-0.68,10163
-0.115,6946
0.0359,3923
0.513,58
0.0582,3298
0.358,108
-0.0804,7372
-0.088,8129
0.152,1227
0.0876,2470
-0.0268,5772
0.124,3552
0.181,1073
-0.0285,5673
-0.102,8191
-0.0468,7930
0.254,644
-0.0213,5379
-0.0491,6884
-0.236,9241
0.0681,1792
-0.0898,9373
-0.0295,5467
-0.0234,5647
-0.0329,5930
0.111,2043
0.0391,4091
0.0358,3820
-0.02,5558
0.0135,4618
0.144,1783
0.141,3015
-0.0275,5701
0.0381,3313
-0.182,8758
-0.0915,7769
-0.125,8608
0.215,2518
-0.0817,8387
-0.0632,7827
-0.0992,7850
0.123,1071
0.253,534
-0.0489,6160
-0.208,9629
-0.0404,6822
-0.197,9800
0.203,394
-0.281,9810
0.00628,4610
0.156,614
-0.00123,5303
0.472,833
-0.0334,5650
-0.091,6718
-0.0226,5826
-0.0506,7803
0.00904,4676
0.222,891
-0.184,7971
-0.22,6756
-0.0166,4510
0.297,167
0.096,1275
0.0158,4737
0.0323,4010
0.195,608
-0.344,9910
0.00438,4882
0.00167,5051
0.188,913
-0.00766,5269
0.202,607
0.438,454
-0.174,10267
0.12,1875
-0.304,9697
-0.11,8279
-0.231,10105
0.171,1569
0.0916,1857
0.056,3017
0.266,423
-0.206,9625
-0.0214,5436
0.138,1781
-0.059,8212
0.399,1436
-0.0684,8285
0.0441,3708
0.0681,3451
0.0574,4144
-0.0156,5543
0.0363,3331
-0.289,9595
0.00643,4966
-0.0697,6925
-0.099,6297
-0.0414,6031
0.018,4761
-0.24,8986
-0.0691,6837
0.486,92
0.11,1753
-0.0248,6364
0.585,17
-0.0422,7106
0.121,2535
0.0725,3246
-0.0647,5688
0.14,1329
-0.373,7688
-0.0462,6085
0.247,848
0.0363,3707
-0.127,8855
-0.132,9801
0.22,1207
0.052,3394
-0.0113,5093
-0.0561,8179
0.127,1812
0.124,1192
-0.0698,7024
0.0218,4397
-0.177,8894
-0.137,8535
0.133,1857
-0.167,7921
-0.0182,5685
-0.206,9488
0.018,4660
0.107,1816
0.142,1594
0.0501,2426
0.218,2016
0.754,754
-0.389,9901
-0.0194,5712
-0.298,10227
-0.0433,6701
-0.00857,4874
0.0484,3836
-0.295,9441
0.222,493
-0.0178,5868
0.204,267
0.0235,4380
-0.0949,8049
-0.123,6818
-0.0239,5114
0.206,581
-0.0169,5940
0.0623,2535
-0.117,8446
0.47,655
0.938,387
0.00799,4720
0.0908,1193
0.0593,3788
-0.11,7260
0.453,1367
0.0657,2678
-0.0521,7087
-0.0706,8258
-0.201,9603
0.141,2649
-0.192,10289
0.216,34
0.109,816
-0.0374,6465
0.122,1971
-0.117,9107
0.0171,4621
0.0524,3486
-0.0156,5574
0.0677,3169
-0.188,8808
0.294,258
-0.237,9046
-0.161,8053
0.892,0
-0.0701,7396
0.223,712
0.163,2235
-0.234,6618
-0.145,8457
0.031,4184
0.354,273
-0.0193,5277
-0.0483,8321
-0.0248,6022
-0.272,10239
-0.107,9564
-0.012,5752
-0.316,9491
-0.1,7964
-0.013,5358
0.141,1917
-0.0695,7056
0.372,52
-0.169,9501
0.014,4670
-0.0252,5516
-0.0876,6840
-0.254,9623
-0.0277,5553
0.0207,4369
-0.203,6483
-0.142,7686
-0.0596,6446
-0.067,6363
-0.109,8541
0.273,595
0.155,964
0.125,2363
-0.0308,7160
-0.12,9397
-0.0722,8743
0.162,2274
0.0704,3865
-0.0121,5860
-0.225,9773
0.0156,4346
0.22,767
-0.078,6958
-0.171,9340
-0.0499,5384
-0.109,6706
0.124,1338
-0.0566,7857
-0.124,9185
0.127,474
0.142,515
0.0354,3868
-0.0626,6299
-0.0561,7170
0.0729,2702
0.0824,2814
-0.12,8591
-0.172,9656
-0.253,9032
0.0323,4083
-0.405,9842
-0.0848,6331
0.0616,2158
-0.00228,5114
-0.218,9615
0.0489,3555
-0.221,10366
-0.256,10374
-0.246,10345
-0.167,9287
-0.0928,7517
-0.329,9505
0.0977,2136
-0.0285,6001
-0.0711,7864
-0.182,8641
-0.039,6482
-0.234,10446
0.083,2631
0.0688,2787
-0.00498,5058
0.249,1441
0.119,2216
0.339,837
-0.0848,8601
0.0641,2474
-0.147,7184
0.0536,3606
0.0657,3521
0.0485,3460
0.13,1391
0.0356,4185
-0.0682,7134
-0.0769,7703
-0.308,9716
0.17,600
0.0114,4733
-0.0181,6028
0.0737,2097
0.148,2185
0.273,1094
-0.25,9801
-0.0301,5461
-0.0267,6541
0.214,1495
-0.139,8741
0.0737,2509
-0.03,5531
-0.0282,6937
-0.0315,6538
-0.42,9573
0.218,2457
-0.076,6517
-0.085,8088
-0.0904,10005
-0.0258,6308
0.537,817
-0.291,8321
-0.259,9697
0.0612,3571
0.103,2205
0.0276,4294
-0.206,4539
-0.665,8544
-0.33,5181
-0.414,9710
-0.154,9799
0.0385,4193
-0.0846,7607
-0.567,8247
0.769,8
-0.0502,7099
-0.0475,8439
0.0231,4389
0.106,2820
0.229,321
-0.0162,5198
0.292,221
-0.174,10053
-0.339,9910
-0.0442,6386
-0.134,6665
0.0677,2915
-0.0556,6493
-0.0317,6130
-0.135,7954
0.219,1482
0.278,1058
-0.0591,8147
-0.187,8398
-0.0768,8328
-0.104,7620
-0.0791,6821
-0.00312,5201
0.129,1377
-0.171,8789
0.0834,2505
-0.17,9837
0.15,2057
-0.177,6902
-0.211,10030
-0.0959,10277
0.0572,3167
0.282,1115
-0.0386,6003
-0.239,8718
-0.0479,7219
0.108,1814
0.0101,4781
0.346,809
0.199,628
-0.0102,5071
-0.0697,6502
-0.0428,6889
-0.0544,6437
-0.198,8647
0.0411,3508
-0.236,7255
-0.0871,8478
0.0139,4606
0.2,905
0.115,2242
-0.0133,5142
0.194,1177
0.11,2638
-0.198,8732
0.0139,4485
-0.122,7823
-0.0383,5494
-0.351,9547
-0.0947,7256
0.201,375
-0.129,8839
-0.039,6337
-0.0507,6373
0.145,2340
-0.116,9714
-0.0271,5843
0.424,175
0.172,2713
0.0889,3835
-0.297,9243
-0.0492,6652
0.142,688
-0.109,8654
-0.0521,5434
-0.243,7746
0.0204,4504
0.0736,3921
-0.0775,6348
0.00754,4753
-0.127,7173
0.687,293
-0.14,9685
-0.326,10460
-0.0221,6059
0.18,1267
-0.179,9412
-0.141,8770
-0.174,9872
0.168,1870
-0.0362,7140
0.469,254
0.137,2407
-0.303,9440
-0.252,9626
0.00869,4700
0.0258,3588
-0.144,7549
-0.122,7810
0.238,2020
0.163,2389
-0.0374,6644
0.0234,4246
-0.267,10074
-0.0221,5599
0.119,3245
-0.206,9326
-0.118,10269
-0.00564,5391
0.158,2081
-0.125,8357
-0.058,7170
0.0824,3122
0.0389,3769
0.12,1476
0.116,1609
0.51,1296
0.144,3012
-0.149,8560
0.0764,2509
0.0604,3253
0.0466,3538
0.0709,3182
0.108,1969
-0.154,8311
-0.173,10003
0.0832,2005
-0.0903,7126
0.133,1299
-0.22,10090
0.0274,4462
0.0215,3699
0.0967,2683
0.2,2056
0.225,1820
-0.317,9321
0.336,1701
-0.0852,8057
0.145,1662
0.149,1896
-0.082,7550
0.136,1864
-0.00196,5078
0.113,1088
-0.0234,6271
0.275,181
0.0496,4094
-0.113,7072
-0.0121,5447
-0.0172,6423
0.198,580
-0.0223,5659
-0.15,9552
0.0777,2511
-0.179,8664
-0.0933,6988
-0.0394,7110
-0.0907,8249
-0.0301,5935
0.00496,4718
0.161,2614
0.0531,2662
-0.151,9940
0.368,33
-0.00823,4877
0.0185,4680
-0.147,6652
0.161,661
0.0711,2940
-0.157,9957
0.0242,4157
0.0587,3398
0.236,799
-0.168,10291
0.0503,3019
0.0121,4806
-0.17,8913
0.218,2590
-0.0113,5270
0.0305,3959
-0.162,8614
0.0308,4023
0.093,3365
-0.191,9240
-0.292,7539
-0.029,6025
-0.036,6381
-0.156,9332
0.163,1268
-0.17,7495
0.202,1101
0.0824,2315
0.0876,1197
-0.0426,6608
-0.115,8536
0.0943,3281
-0.455,9768
0.029,4131
-0.159,9165
-0.34,9016
1.06,165
-0.207,9816
-0.188,9937
0.0335,4172
0.0524,3654
-0.00318,5095
-0.17,9170
0.0788,2893
0.112,2955
-0.0299,6376
-0.0211,6042
-0.0307,6051
-0.0304,6529
0.103,3204
0.108,3578
0.0941,2343
-0.00313,5523
0.45,1168
-0.0192,5551
-0.0054,5341
0.0244,3839
0.0865,1620
0.0328,4068
-0.0303,6128
0.0512,3747
-0.309,9509
0.0557,1130
0.0322,3466
0.12,1462
0.144,2624
0.0949,3336
0.117,2226
-0.089,7076
-0.0171,6081
-0.131,9147
-0.00996,5285
-0.108,7349
0.0415,4111
-0.046,6988
-0.0503,7990
-0.094,9049
0.247,734
-0.258,10237
0.0312,4114
-0.128,7389
0.0962,3122
0.0851,1300
0.32,1168
-0.252,10206
-0.0373,5409
0.0092,5055
-0.043,7612
0.0591,3038
-0.0741,6610
-0.284,9131
0.0395,4314
-0.0175,5844
0.01,4709
0.0295,3796
-0.0951,7476
-0.169,7480
-0.334,9130
0.0159,4623
0.0154,4576
-0.0999,9036
0.0711,3729
-0.426,10281
0.044,4093
0.151,2167
-0.0448,7210
0.113,2099
-0.0691,7005
-0.0878,7603
-0.167,8435
0.186,696
-0.524,7376
-0.000876,5383
-0.347,9549
-0.0624,7089
0.028,4640
-0.174,8512
-0.0141,6047
-0.0967,7624
0.901,1074
-0.4,10009
0.00784,4735
-0.435,10108
0.0528,2830
0.112,819
-0.297,5951
0.521,1905
-0.0458,4286
0.0569,3816
0.635,492
-0.0179,5077
-0.0679,5911
-0.115,6790
-0.0143,5714
0.109,1954
-0.649,7823
1.21,1004
-0.123,6741
-0.048,7627
-0.0242,6365
-0.514,8260
0.441,930
-0.288,8600
-0.251,9083
-0.174,9152
-0.12,4064
0.0511,4044
-0.0636,8476
-0.155,8406
-0.00138,5172
0.149,2131
-0.0838,4359
0.0504,3833
-0.00929,5285
-0.0839,6946
-0.323,10411
-0.0215,4396
0.225,2371
0.128,2013
-0.668,9932
-0.0371,6160
0.0689,2998
0.116,3421
-0.201,9024
0.221,1587
0.882,914
-0.0546,7148
-0.0469,6618
0.185,1125
0.0114,4486
-0.139,7677
0.276,661
-0.0431,6712
-0.0109,5622
0.199,1480
-0.213,9060
-0.015,5302
0.0562,3783
-0.0801,7643
-0.137,7162
-0.0864,7852
0.0709,2416
0.0306,3108
-0.165,8766
0.0546,3169
-0.227,10130
0.0642,2751
0.0319,3375
-0.105,8701
-0.746,9529
-0.444,7645
0.891,318
0.256,2411
-0.179,6531
0.28,217
0.334,301
-0.0104,4756
-0.141,9108
0.304,80
0.0477,2558
-0.236,10059
0.158,1841
-0.106,9280
-0.21,9134
-0.0245,5987
-0.0148,5685
-0.408,8806
-0.0245,5992
-0.106,8386
0.435,239
-0.011,5632
0.0195,4020
-0.153,9482
0.00475,4725
-0.209,10339
0.208,525
-0.0047,5417
-0.317,10248
-0.0356,7265
-0.125,7694
-0.143,9295
0.141,2033
-0.0313,7145
0.0686,2774
-0.01,5139
0.0287,3853
0.183,2122
-0.0681,6711
-0.119,9870
0.00297,4861
0.0654,3404
-0.265,9458
-0.0119,5639
-0.126,8995
0.0402,3705
-0.0817,7677
0.21,1014
-0.259,8462
0.286,1029
-0.227,10139
0.0362,3714
-0.00781,5336
-0.0053,5198
-0.199,8270
0.0693,3477
-0.0669,6200
-0.0359,7400
0.00204,5137
0.0012,5077
0.297,243
-0.139,7792
-0.109,7491
0.0442,3809
0.0792,2307
-0.0977,9747
-0.114,8042
-0.0362,5996
-0.0432,6937
0.502,38
-0.0394,6405
-0.116,7959
-0.133,7749
-0.318,9340
-0.0531,4719
-0.0397,6974
0.00451,5045
0.066,2380
0.253,362
-0.125,6259
-0.0608,8224
-0.0177,6187
0.191,1107
-0.024,5453
-0.0155,5201
-0.0818,7273
0.246,438
0.0515,3564
0.027,3947
-0.0131,5517
-0.0403,6318
-0.131,6564
0.859,291
0.0378,3469
-0.111,9728
-0.224,8139
0.0503,3888
0.88,196
-0.354,8583
-0.0355,5749
0.0502,3948
-0.143,5969
-0.358,10342
-0.228,6381
-0.195,8879
0.225,1765
-0.111,6398
-0.0984,8072
0.0924,1705
-0.136,7456
-0.0928,6795
0.0633,1304
-0.124,7862
-0.0633,8174
-0.188,10098
-0.18,8043
-0.102,7688
-0.0342,7061
-0.0478,6915
0.175,1356
-0.0956,7509
-0.136,8101
0.0302,3942
0.237,276
0.0188,3912
-0.246,9880
0.32,534
0.06,3918
-0.0109,5221
-0.0329,6621
-0.141,8777
0.139,1447
-0.113,9446
-0.305,9854
-0.0745,5779
-0.0485,7725
0.0533,2461
0.0627,3502
0.241,673
0.021,3615
-0.101,7660
0.115,715
0.00915,4893
-0.256,8670
-0.0138,5312
0.101,3046
-0.22,9567
-0.0464,6285
0.0532,1867
0.0186,4457
-0.00322,5363
-0.197,9865
0.0968,2779
0.236,317
-0.079,8273
0.251,404
-0.118,9249
0.128,2116
-0.36,10105
0.102,1564
-0.0764,7473
0.111,2289
0.4,683
-0.25,9210
-0.139,9253
0.129,1541
0.00587,4821
-0.172,8779
0.14,484
0.288,224
0.369,1100
0.21,1654
-0.0498,6811
-0.142,8154
0.0752,2808
-0.192,8602
-0.187,9482
-0.024,5668
-0.208,9836
-0.185,9018
-0.0309,5612
0.0235,4842
0.469,76
0.00906,4681
-0.106,7882
0.11,2605
0.274,759
-0.207,2735
0.115,770
0.0704,2645
0.2,501
0.373,744
0.902,825
0.0565,4043
-0.193,7980
-0.0209,5621
-0.142,8061
-0.209,8088
-0.0348,6481
0.0582,2520
0.0797,2532
0.0351,4215
-0.0675,7977
-0.0479,6956
-0.169,10052
-0.0431,5851
0.0193,4695
-0.141,10077
0.316,820
-0.247,10023
0.0396,4016
-0.167,8202
-0.269,7964
-0.236,9658
0.0114,4554
0.238,663
0.414,33
0.0159,4658
-0.0583,6434
-0.0652,6391
-0.0417,7944
-0.169,3058
-0.00954,3543
5.69,28
-0.388,7702
1.43,341
-0.394,6831
-0.324,5550
-0.193,8604
0.0271,4186
0.332,155
-0.0311,6332
-0.18,9946
-0.13,8024
-0.0574,6609
-0.239,9893
0.0363,4128
-0.0158,6073
-0.115,7624
-0.0822,6744
0.0801,3790
0.129,1981
-0.0646,6987
0.255,1186
-0.0517,6675
-0.0999,8797
-0.034,6225
0.278,1123
-0.0835,9174
0.0216,3860
-0.163,10023
0.0386,3106
0.169,1155
-0.32,9300
-0.0741,8581
-0.0169,5604
-0.0175,5275
-0.0173,5568
0.0835,3257
0.0787,3978
0.0832,2919
0.0297,3626
-0.122,7528
0.181,1637
0.286,319
0.173,893
0.209,430
-0.282,8859
-0.135,8153
-0.0113,5280
0.249,272
-0.124,9968
-0.0236,5894
-0.0419,5703
1.2,17
-0.147,7464
-0.0166,5149
0.167,723
-0.0466,6246
0.0148,4572
-0.0365,6279
-0.272,9736
-0.0714,7827
-0.0658,7146
-0.0872,6875
-0.152,9007
0.0123,4666
-0.311,10285
0.0969,2278
0.0195,4161
-0.0314,5926
0.155,1255
-0.164,8063
-0.0258,5258
-0.0434,6212
-0.0162,5974
-0.161,9535
0.131,601
0.307,417
0.126,2261
-0.111,9118
-0.00209,5060
-0.175,9911
-0.111,8351
0.239,217
0.0908,3010
0.283,78
-0.0412,6956
-0.171,9545
0.0494,3406
-0.0159,5479
-0.0959,8543
0.0361,2962
-0.0899,8724
0.202,254
0.236,1391
0.00385,5030
0.0552,3199
0.173,371
0.0211,4110
-0.207,9515
0.012,4825
-0.0583,6385
-0.0473,5977
0.211,74
-0.0812,8870
-0.0756,6307
-0.0147,5588
-0.095,8100
0.168,721
-0.223,10095
0.0241,4310
0.00105,4882
0.334,333
-0.285,9894
0.155,114
0.16,1557
0.142,1283
-0.025,5050
-0.374,9644
0.252,2436
-0.0837,8002
0.053,2558
-0.15,8052
-0.174,7305
-0.183,8227
-0.307,9277
-0.0425,6709
-0.0884,8441
0.0745,2754
-0.271,10046
0.0726,3356
0.109,3223
0.115,697
-0.0499,7845
-0.542,8154
0.00272,4742
0.135,2019
0.262,667
-0.0394,7615
-0.00134,5103
0.0496,3843
-0.355,9606
0.0497,3365
-0.0159,5386
0.00121,5017
-0.00266,5376
-0.084,8895
0.0313,4137
-0.0705,7606
0.208,981
0.0596,2318
-0.137,10213
-0.0163,5987
-0.106,7468
0.0549,3781
-0.0765,6724
-0.0682,6646
-0.0548,6073
-0.0059,5221
0.125,1849
-0.087,7144
0.217,2074
0.0857,2464
0.0439,2644
0.0636,2124
0.0983,1187
-0.085,6749
0.0822,2599
-0.179,9500
-0.0294,6567
-0.0942,9167
0.119,2537
0.0152,4676
0.178,1368
-0.125,8960
-0.157,10231
0.332,1531
-0.403,8943
0.0255,4393
-0.0681,6025
-0.101,7718
-0.2,10374
0.0598,3476
-0.348,10288
-0.404,9918
-0.294,8564
-0.00815,5302
0.0252,4043
-0.102,9597
0.0103,4819
0.0834,2957
-0.105,7177
-0.000557,5143
0.0745,1736
-0.0527,6085
-0.0885,7617
-0.142,6422
-0.227,8668
0.176,886
1.56,139
-0.263,9922
-0.385,10198
-0.176,8536
0.191,199
0.0903,1908
-0.361,9624
-0.133,8889
-0.139,9069
-0.19,7434
-0.263,10264
-0.149,9115
0.322,378
0.0297,3922
0.772,903
-0.0134,5388
0.219,217
-0.0684,7108
0.0543,1812
0.373,1503
-0.135,9170
-0.116,8188
-0.0594,7231
-0.048,6624
0.41,84
-0.169,9726
-0.0529,7691
0.355,555
-0.00808,5012
-0.15,10019
-0.0514,9106
-0.0396,5602
-0.0704,7473
-0.0568,7037
-0.203,9588
0.097,2226
0.0528,3176
-0.0522,7154
-0.0424,6033
-0.0626,7185
-0.199,9769
-0.0499,7338
-0.0997,8676
0.35,197
-0.0468,5689
-0.0915,8564
-0.0886,7411
-0.0373,5751
-0.139,9589
0.0398,4362
0.311,377
0.00157,5071
-0.407,8518
-0.163,9107
-0.0327,7739
-0.019,6318
-0.0595,7116
0.165,1427
-0.171,9323
0.0281,3788
0.0186,4558
-0.0207,5806
-0.184,7481
0.204,1125
0.197,471
0.0494,2545
0.121,1232
0.023,4153
0.0639,2498
-0.358,8617
-0.266,8755
-0.0448,7784
0.0502,3249
-0.11,7057
0.0907,2302
-0.0491,5821
0.192,741
0.0728,2758
-0.0184,5422
0.0969,2289
-0.195,7762
-0.169,8378
-0.0899,8480
-0.162,9443
-0.0195,6368
0.0135,4550
0.206,633
-0.0624,6602
-0.15,8443
0.0789,2751
-0.0289,5891
-0.0407,6445
-0.0724,7793
-0.12,8371
0.0231,4159
0.083,1940
0.146,1404
-0.0439,7037
0.043,3611
-0.118,8053
-0.183,9038
-0.00121,5132
-0.124,10449
-0.148,8735
-0.0863,8116
-0.233,9127
0.155,2135
-0.0641,6967
0.123,600
0.316,349
0.0254,3902
-0.00257,5002
0.0461,1964
-0.0126,5553
-0.0204,6237
-0.185,9912
-0.0344,6589
1.34,43
-0.0341,5825
-0.121,9010
-0.16,8724
0.232,1160
0.0834,2287
0.832,171
0.31,94
-0.158,7493
0.137,2041
0.286,899
0.00464,4910
0.244,793
-0.303,10254
0.111,2267
0.00873,4779
-0.131,9303
1.36,46
0.311,376
0.114,1689
0.0874,3304
-0.0384,7468
0.0198,4462
0.107,2212
-0.00745,5002
0.0392,4440
-0.0383,6401
-0.0544,7846
-0.0821,6900
0.309,1024
-0.0702,6731
0.235,1454
0.138,779
0.0412,3805
0.141,1311
-0.0654,6259
0.124,2519
-0.127,7632
-0.0272,7848
-0.0591,8015
-0.0515,6615
-0.164,8752
-0.141,8792
0.0165,4558
-0.186,9760
0.189,1210
-0.0312,6222
-0.112,9011
-0.00569,5126
-0.421,10437
-0.0413,6087
0.232,721
-0.297,9536
-0.0917,7719
0.236,1116
0.0368,3544
-0.136,9090
0.000465,4993
-0.182,10273
-0.00467,5384
-0.042,6769
-0.127,7993
-0.0436,6690
-0.11,8940
0.0115,4849
-0.0219,5973
0.0358,4098
0.0783,3524
-0.0282,7585
0.127,1119
-0.0839,6716
-0.0543,6691
-0.154,10069
-0.0714,6505
0.114,1479
-0.101,8818
-0.163,9331
-0.252,10006
0.151,2082
-0.0197,5514
-0.077,7941
0.0893,1232
0.354,70
-0.193,7568
0.0558,3156
-0.00653,5123
-0.195,9194
0.0646,2341
0.0264,3763
-0.233,10237
-0.199,9844
-0.388,6420
-0.0196,6144
-0.0872,6781
-0.0648,6464
0.216,1525
0.0991,2545
-0.402,10170
0.0765,2453
-0.0148,6505
-0.0458,7007
-0.0872,6110
-0.0344,6237
0.188,1392
0.217,471
0.0946,2603
0.324,1582
-0.292,9885
-0.287,10295
-0.149,10013
0.155,1684
-0.0798,8393
-0.0706,7011
0.0867,2534
0.159,2754
0.113,1820
0.0308,4314
-0.269,7361
0.0823,924
-0.0407,7308
-0.0129,5812
0.153,1731
-0.086,8029
-0.386,8658
-0.0275,6027
-0.162,9730
0.0589,2797
-0.188,9528
0.278,185
0.213,2377
-0.0208,6106
0.162,348
0.424,437
0.286,147
0.123,2095
-0.301,8942
0.000665,5096
0.0396,2785
-0.0845,6886
0.263,300
0.125,1909
-0.318,10025
-0.00161,5476
0.0572,3719
-0.173,9643
0.0937,3013
-0.0762,8350
-0.0997,8169
-0.26,10259
-0.0852,8936
0.158,2404
-0.0906,8459
-0.096,7599
0.283,1629
0.136,1188
0.0636,2692
-0.00641,5363
-0.0853,5997
0.361,182
0.0534,3297
0.0783,2756
-0.0117,5484
0.206,1392
0.66,104
-0.487,10117
0.142,396
-0.121,8008
-0.00295,5261
0.0544,3565
0.0894,2588
0.0851,2701
-0.0437,6108
0.0155,4101
-0.0737,7399
0.0987,3057
-0.0645,7129
-0.114,7539
0.0838,2983
-0.0383,7119
-0.129,9323
-0.0293,5538
-0.0584,6155
-0.114,6974
-0.378,9399
-0.0184,5670
-0.0128,5818
-0.152,9874
-0.176,7529
-0.023,5721
-0.0766,8319
0.169,447
-0.253,10260
-0.186,8310
0.106,3063
-0.253,10348
-0.0297,6319
-0.186,9745
-0.321,9840
0.0467,3330
0.0801,2916
0.0597,3738
-0.178,9803
-0.0209,6391
-0.0114,5465
-0.0187,5193
-0.228,9757
0.0651,3876
0.0722,2802
-0.048,6656
-0.125,8453
0.0762,3642
0.15,1969
-0.11,8324
-0.34,6229
0.0283,4139
0.0264,3761
0.0975,2599
-0.0441,6011
0.171,255
-0.233,9300
-0.017,6059
0.0372,3621
-0.0801,7283
-0.144,10376
-0.11,8179
-0.151,9008
0.0803,586
-0.0415,6791
-0.0693,6672
0.00988,4727
-0.297,9360
-0.119,9834
-0.0311,6603
-0.181,10239
-0.284,10272
0.018,4330
0.179,1207
-0.0177,6384
-0.0366,6343
-0.0135,5390
0.0847,3421
-0.0567,6585
-0.093,7770
-0.0989,6256
-0.0501,5806
0.0215,4355
0.303,150
0.157,2622
-0.00868,5019
-0.00594,5355
-0.0638,6129
-0.118,7701
-0.0991,7479
0.00962,4696
-0.0696,7186
-0.207,9164
-0.0809,7629
-0.0702,7424
-0.169,7061
0.58,1013
-0.295,9567
-0.285,9893
-0.0441,7267
0.101,2765
0.132,2220
0.0462,2909
0.0192,4601
-0.0517,6079
0.168,9
0.0505,3415
0.116,2242
0.0465,3645
0.0344,3916
-0.163,7407
0.174,677
-0.0823,7511
0.258,1063
-0.462,10239
0.126,3082
-0.0454,6587
0.078,2744
-0.0224,6042
0.0895,2632
-0.0687,7068
-0.0184,3537
0.0789,2932
0.291,281
-0.179,8932
-0.0781,7921
0.086,2606
0.00908,4837
-0.18,9869
0.236,56
0.311,228
0.112,2587
-0.0235,5596
0.105,2304
0.115,2753
0.287,312
-0.179,9448
-0.177,9327
0.0655,2803
-0.288,8985
0.134,1406
-0.0188,6385
-0.159,10085
-0.191,9762
-0.0489,6950
0.0324,4351
0.0452,3078
-0.0811,7570
0.0932,243
0.343,214
-0.000336,5088
-0.166,6974
-0.0215,5594
0.0294,3652
0.231,518
0.0404,3199
-0.101,7873
-0.067,8429
0.0239,4157
-0.176,10289
-0.236,10079
-0.115,6614
1.69,180
-1.03,9691
-0.201,8443
0.484,834
-0.0239,6111
-0.0472,6918
0.103,2764
-0.141,7931
-0.391,8359
0.281,495
0.112,664
-0.0586,7736
-0.208,10224
0.0705,1774
0.0588,4086
0.0587,2635
0.0284,3510
0.623,564
-0.306,10073
-0.215,8704
-0.205,7071
0.0106,4809
-0.134,8935
0.041,4222
0.0319,4159
0.141,1738
0.131,1136
0.284,15
0.0384,3956
-0.144,8758
-0.0181,5823
0.0706,2508
-0.202,4345
0.387,112
-0.0357,6323
-0.161,10139
0.124,547
0.184,1282
-0.206,10004
0.0926,2492
-0.00257,5035
-0.435,10464
-0.135,9468
-0.0104,5040
0.115,1045
0.0207,4157
0.00367,4872
-0.132,9277
0.127,2898
-0.0807,8257
-0.222,9646
-0.0891,8894
-0.0429,6912
-0.287,9732
-0.0925,9131
0.0907,1615
0.0824,3349
-0.028,7420
-0.155,10277
-0.15,9650
-0.338,8612
-0.238,9138
-0.0291,5462
-0.0465,7378
-0.0637,7152
0.127,2418
0.52,496
-0.213,8248
0.0487,3848
-0.0961,7930
-0.0821,7890
-0.152,6097
0.0621,2988
-0.134,7808
-0.115,6595
-0.000154,5257
0.119,1759
0.178,1730
0.0257,4769
0.27,1127
-0.224,9337
-0.0942,8396
-0.0402,6809
0.059,3329
-0.0763,7966
0.00414,4938
0.169,904
-0.0738,8160
0.01,4572
0.226,319
-0.0322,5667
-0.0619,6880
0.0389,3499
-0.172,10004
0.128,946
-0.152,8760
0.034,3963
-0.62,7947
0.229,1388
-0.132,9336
0.0345,3456
-0.0425,6350
-0.222,10238
0.0169,4343
-0.0245,6685
-0.0551,7882
0.0261,3838
0.00705,5091
-0.185,9454
0.0244,4465
-0.141,6884
0.0158,4193
-0.273,9310
-0.413,9696
0.247,549
-0.258,8944
-0.00836,5105
-0.0203,5481
-0.0647,8340
0.132,1195
0.435,573
0.0191,4252
-0.0864,7248
0.109,1648
-0.027,6146
0.321,1456
-0.14,7068
0.213,2476
-0.0549,6969
0.0624,2863
0.165,1414
0.0314,4342
-0.0707,6606
0.754,93
-0.0758,7953
0.0428,3014
0.0609,3396
0.0188,4390
-0.324,10364
0.0607,3829
0.0752,2732
-0.0795,6655
-0.00518,5730
0.0966,2207
0.101,2348
0.108,3208
0.725,60
0.119,1773
-0.0437,6467
0.0166,4703
0.101,2786
0.0781,2536
-0.144,8654
-0.0693,8102
-0.0441,7320
-0.119,7945
0.0766,3062
-0.0724,7002
0.0751,3520
-0.012,5684
0.0169,3999
-0.0215,5736
-0.00851,5728
-0.297,8621
-0.0759,5868
0.0482,3988
-0.0305,6164
0.00635,3606
0.335,489
-0.138,8564
0.0462,3323
1.2,766
0.0297,3964
0.08,2285
-0.0609,6737
0.567,29
-0.232,9460
0.0448,4111
0.129,1064
-0.127,9690
-0.133,9367
-0.0997,6016
0.0695,2867
0.202,2647
0.0427,3722
-0.0332,6259
0.0502,3751
-0.0219,5812
0.0634,2925
-0.0553,6329
-0.0117,5767
-0.165,9627
-0.0867,6470
0.0813,3221
-0.267,9248
-0.149,6044
-0.0257,5952
0.121,1662
0.00261,4811
-0.08,6909
0.393,1642
-0.194,10021
0.0874,2227
0.0507,3432
0.183,2057
0.00425,5073
-0.146,8151
0.143,911
-0.0246,5434
-0.0555,7365
0.0122,4598
0.0277,4153
0.184,952
0.084,3055
0.00658,4944
0.248,37
-0.0956,8413
-0.059,7297
-0.424,9357
0.113,2080
-0.0246,6017
0.131,712
0.0195,4578
-0.37,6988
-0.232,7295
-0.121,7274
-0.00972,5560
0.0315,4707
0.442,561
0.00751,4844
-0.305,10190
-0.229,9188
-0.037,6379
0.292,221
0.0738,3438
-0.0966,7674
0.0521,3618
0.204,1298
0.0693,3628
-0.155,10158
-0.0853,7396
-0.0376,6124
0.0967,3282
-0.0423,5816
-0.047,6689
0.109,1241
0.0311,4245
-0.399,9583
0.0448,2698
-0.278,9180
0.0959,2015
0.0236,3231
-0.0116,5716
-0.361,8483
0.144,3049
0.105,1622
-0.108,8766
0.0898,1372
-0.0448,5964
0.13,2324
-0.228,8380
-0.277,9245
0.194,291
0.185,1692
-0.0761,6889
-0.000274,5077
0.249,666
-0.361,9370
-0.0892,8425
-0.00346,5214
-0.264,9821
0.126,1616
-0.309,10093
-0.0193,5349
-0.115,8696
-0.0332,6412
0.0132,4543
-0.0114,5567
-0.0846,8607
0.0252,4500
0.0584,3497
0.0919,2171
-0.18,9952
0.131,1211
0.247,187
-0.212,9268
0.0216,3882
-0.00608,5646
-0.126,7990
0.02,4586
-0.167,6827
-0.133,9033
-0.196,10143
0.0505,3620
0.339,371
0.0866,2652
-0.0765,7814
0.0575,1228
0.18,752
-0.0848,7351
0.139,796
0.118,1590
0.456,109
0.091,3065
-0.131,9366
-0.0375,6734
0.237,724
-0.0647,7009
-0.067,6548
-0.0491,5904
-0.00523,5331
0.0702,3204
-0.309,9833
0.112,1031
0.442,605
-0.128,9731
-0.163,8453
-0.175,9940
0.17,744
-0.15,8085
-0.0643,6153
-0.154,6071
0.0107,4730
-0.0154,5312
-0.362,10120
-0.0268,6315
-0.25,8312
-0.0609,6062
-0.0471,8063
-0.078,8386
-0.00359,5105
0.0391,3638
-0.146,10110
-0.145,8517
-0.00757,5302
0.111,1483
0.0851,2912
-0.0311,5721
0.0249,4429
0.307,573
0.106,1110
-0.0444,7238
-0.0943,7250
0.272,917
0.473,777
-0.109,7835
0.000103,5115
0.0257,4342
-0.209,8297
0.508,1347
-0.143,5217
0.0684,3851
-0.0828,7114
-0.042,6391
-0.221,9011
0.183,2400
-0.0694,7373
-0.116,9470
0.0136,4696
-0.311,9086
0.0845,2919
-0.174,9334
-0.171,9351
-0.16,9598
0.112,992
-0.266,9651
-0.0532,6651
-0.275,9784
-0.00506,4906
-0.0633,7373
0.0152,4585
-0.082,8830
0.115,2817
0.192,1598
0.297,2209
-0.0355,6179
0.0358,2630
0.0512,4073
-0.227,9305
-0.343,9668
0.02,4307
-0.191,10362
0.368,87
0.109,1171
-0.0135,5425
0.0132,4863
-0.205,9233
-0.046,8069
0.043,3272
-0.212,9257
0.108,2336
-0.152,9767
0.148,2395
-0.00556,5554
-0.00273,5370
-0.093,8819
-0.072,6801
-0.0728,6823
-0.0932,7163
-0.0363,6586
0.141,575
0.118,1919
-0.3,9528
-0.336,9004
-0.0269,5204
-0.0869,9312
0.211,128
-0.134,9175
0.254,669
-0.0891,7230
0.0968,2831
0.0189,4080
0.245,317
-0.0247,5793
-0.193,9781
0.112,1988
0.132,1660
0.0641,2424
-0.214,10431
-0.145,7975
-0.0428,5471
0.0165,4338
-0.033,6103
0.115,1548
0.0716,948
-0.171,9482
0.109,2448
0.0767,2970
0.0292,4293
-0.0201,6419
-0.0626,6813
0.0036,4936
0.309,691
-0.068,8325
0.217,794
0.025,4091
0.175,746
0.0747,3118
0.004,5034
0.0334,4138
-0.426,8495
0.0972,1308
0.00999,4537
-0.123,8213
-0.153,8509
-0.124,6284
1.86,64
0.336,246
0.285,36
0.125,1869
0.11,1947
-0.386,8125
-0.0907,5478
0.023,4407
0.0882,1987
-0.00601,5387
0.483,36
-0.204,8054
-0.0183,5775
-0.0818,7854
-0.337,9688
-0.19,9526
-0.0977,6379
0.357,1019
0.023,4360
-0.141,9078
0.191,1174
0.00319,4968
-0.23,9920
-0.0557,7120
0.12,1810
0.0085,4404
-0.133,9528
0.323,317
-0.15,8059
0.0574,3385
-0.161,7327
-0.0713,8044
0.195,1333
-0.042,6816
0.294,861
0.305,1200
0.264,383
0.102,2294
0.358,738
-0.103,6609
0.0246,4445
-0.147,8464
0.184,1205
0.174,843
0.302,373
-0.158,9705
-0.312,10234
0.0116,4955
0.292,1530
-0.0324,6458
0.14,2003
0.157,2288
0.0905,3515
0.0673,3852
-0.0418,7077
-0.0359,6575
0.017,4682
0.299,92
-0.0425,6429
-0.485,8983
0.0232,4297
-0.0652,7211
0.0461,3786
-0.0468,6069
-0.00709,5665
-0.0238,5990
0.0207,4422
0.404,112
-0.0111,5412
0.173,677
-0.106,9342
-0.00116,5255
-0.35,10401
-0.0155,5451
0.117,1154
-0.118,7803
0.00179,4864
0.0492,3683
-0.14,7556
-0.0726,8683
-0.0478,7014
-0.15,9347
0.162,1683
-0.211,9515
-0.31,9720
0.0319,3857
0.0788,2345
0.0665,2363
-0.228,9724
-0.222,9446
-0.0734,6781
-0.133,9995
-0.0311,6919
0.0263,4419
-0.077,6848
-0.0173,5950
-0.0498,6674
0.162,221
-0.0923,8526
0.118,2240
0.0728,3749
-0.0309,5561
0.222,1614
0.00094,5336
0.00749,4691
0.0493,3936
-0.0786,7828
-0.164,7052
-0.0247,5448
0.0724,2534
-0.0142,6000
-0.0529,7482
0.0103,4832
0.0415,2288
-0.0797,7372
-0.199,10069
0.584,21
-0.0406,6353
-0.157,8350
-0.0137,5432
-0.16,8156
0.0426,3257
-0.0187,5807
-0.0808,7387
-0.0667,7451
0.00466,4932
-0.0837,7027
0.0165,4581
0.0445,3475
-0.0929,7126
0.128,3093
-0.437,7411
-0.408,8978
-0.109,9655
-0.0337,5967
0.305,354
-0.218,9242
-0.344,9547
0.574,454
-0.0738,9212
-0.0558,7741
-0.0924,6498
0.188,1273
0.507,1494
-0.176,7777
-0.172,9952
-0.452,8229
0.0718,3130
0.194,488
-0.179,10076
0.0692,3645
0.00317,4912
-0.0199,5972
-0.161,9367
0.177,2359
0.14,1556
-0.407,9670
0.12,2549
0.448,47
0.0574,3567
-0.0163,5733
-0.115,8005
0.129,1742
0.0364,3496
0.0447,1717
-0.353,8577
0.319,229
0.383,87
-0.0597,7596
0.0199,4541
0.00877,4634
0.0966,2612
0.283,1974
0.0805,3100
0.329,578
-0.00469,4841
-0.132,7729
0.255,1722
-0.0769,6860
0.00516,4698
0.196,2014
0.0781,3690
0.223,67
0.434,48
-0.00917,5527
0.088,2896
0.377,165
-0.0785,7737
-0.0542,8861
0.204,1040
-0.0103,5479
-0.22,7594
0.0983,2120
-0.0254,6073
0.014,4790
0.0628,3654
0.152,1842
-0.294,9759
0.543,1778
-0.00193,5342
-0.142,8768
0.0453,3255
-0.315,8666
0.127,2559
-0.0414,6381
0.00792,5013
0.142,713
0.141,2673
0.00924,4641
-0.0421,6072
-0.346,9734
0.0179,4223
-0.181,10062
0.205,1977
-0.128,8382
0.00148,4921
-0.186,9286
0.147,1247
0.187,167
0.124,1947
-0.0155,5497
-0.133,7791
0.286,28
0.286,194
-0.139,9067
-0.105,9356
0.131,1814
0.337,258
-0.363,10209
0.174,376
0.0784,1879
0.0875,2577
0.199,682
0.339,1022
0.105,1820
-0.151,9062
-0.135,7786
0.39,530
-0.142,9157
0.166,1122
-0.197,8567
0.00481,4766
0.0837,3241
-0.0815,7812
-0.327,10122
-0.221,7492
-0.154,7283
-0.0336,7449
-0.0193,6101
0.257,1346
0.0718,1933
-0.188,5415
-0.0942,5824
-0.0341,6647
0.151,817
-0.0446,6660
-0.00727,5389
0.116,3367
-0.21,8784
0.0314,3937
-0.0715,8087
-0.165,8117
-0.175,8624
0.0346,4372
-0.11,6565
0.432,147
-0.0461,7008
-0.166,8799
0.0293,4301
-0.103,7095
-0.209,8700
-0.0463,7948
-0.00516,5323
-0.29,8407
-0.0667,6581
-0.0618,5930
0.0328,4063
0.0138,4145
0.0225,4058
0.109,2867
-0.182,9332
-0.239,9233
-0.111,7514
0.184,1599
-0.0526,7770
-0.119,6518
0.211,711
-0.087,7883
-0.104,8540
0.122,1927
0.0449,1922
0.0577,3220
-0.0313,6351
-0.0664,6677
0.107,2154
0.0505,2674
-0.00287,5225
0.0354,2408
-0.0611,7683
-0.0922,7714
-0.157,8478
-0.0402,6536
0.0348,3660
-0.0628,7876
-0.053,6810
-0.269,10429
0.0731,3439
0.195,1246
0.296,76
0.0506,3375
-0.132,7479
0.191,948
0.154,2503
0.222,2089
0.0151,4274
-0.000637,5259
-0.268,6129
-0.181,7636
-0.366,7385
-0.0468,5600
-0.0311,6182
-0.0236,6562
-0.16,8416
0.185,826
-0.275,9953
-0.0812,6790
0.00561,4897
-0.0565,7811
0.103,3365
-0.0458,7360
0.056,3600
-0.0115,4934
-0.00747,5444
0.0394,4114
0.0479,3880
0.181,1199
-0.0954,6883
-0.168,7526
0.169,732
0.00741,4807
0.0238,4107
0.0359,4326
-0.277,8674
-0.0292,6069
0.0515,3409
-0.0947,8802
-0.0947,4575
0.792,105
-0.00143,5395
-0.0492,7828
0.26,1207
-0.106,9230
0.0529,3472
0.345,374
0.0994,2883
-0.069,8279
0.123,2319
-0.146,7082
0.155,1166
-0.128,7489
-0.15,8834
0.0581,3736
0.0301,3911
-0.135,9523
0.113,2551
0.193,445
-0.0028,5036
-0.016,5400
0.0909,2122
-0.109,7588
-0.245,10405
0.132,2201
-0.0574,7055
0.0832,1850
-0.206,9997
-0.143,8459
-0.0923,7152
-0.191,9061
0.148,1110
0.104,1383
0.0578,2531
-0.0255,5795
-0.0255,5881
-0.228,9547
0.0635,4027
0.323,228
0.0535,2374
-0.137,7111
-0.0602,6707
-0.109,7545
-0.0486,6081
-0.0457,6818
-0.122,8350
0.387,240
-0.0675,6758
-0.143,8511
0.061,2815
0.174,1074
-0.0726,6444
-0.349,7581
-0.0858,7635
0.39,1017
-0.314,8986
0.3,158
-0.0595,8340
-0.025,6061
-0.0327,5679
0.028,4195
0.0635,2801
-0.0257,5852
0.00163,5092
-0.0291,5678
-0.0544,7203
0.0229,3945
0.0937,2659
0.0599,2422
0.0755,3205
-0.134,8490
-0.0373,5822
0.0368,3976
0.00917,4446
-0.159,9630
-0.0364,6362
0.0111,4743
0.0965,2292
-0.128,7902
-0.0223,5594
-0.0985,9336
-0.174,8402
-0.388,7870
0.0474,3486
-0.153,6847
0.125,2119
-0.0134,6077
-0.0835,7145
-0.482,8031
-0.225,8671
-0.0957,8757
0.0742,3324
-0.155,9886
-0.0664,8090
-0.156,8775
0.0747,2320
0.409,166
0.42,762
-0.00122,5057
0.387,55
0.449,332
0.124,1783
-0.131,8551
-0.259,9784
-0.00345,5202
-0.254,10294
-0.0823,8603
0.348,1316
-0.0667,7261
0.213,723
-0.0521,7533
0.0397,3610
-0.00734,5418
-0.0102,5603
-0.0805,6929
-0.0554,6930
0.0361,4056
0.119,1098
0.0169,4434
-0.0782,7805
0.132,1378
0.0413,3747
0.423,29
0.0875,2570
-0.049,6236
-0.0663,7394
-0.0921,7410
0.0612,3633
0.123,1177
-0.039,6267
-0.0366,6193
0.0807,2303
0.0929,3816
-0.208,8409
-0.0391,6166
-0.293,9972
-0.115,8372
0.104,1857
0.468,81
0.321,221
0.0359,3414
-0.0624,7139
0.0924,2521
0.356,793
-0.134,7793
0.1,1696
0.00494,4935
-0.204,9226
-0.0844,6881
1.36,29
-0.257,10003
0.0823,2685
0.143,1569
0.0579,3446
0.222,2465
-0.83,9815
-0.101,7393
0.00378,4013
-0.104,6875
-0.214,9691
0.11,3183
0.147,1538
-0.166,10209
0.106,1620
-0.0647,6395
-0.123,8720
0.299,181
-0.00608,4756
-0.00473,5216
0.128,379
0.0934,2965
-0.114,7947
-0.188,7866
-0.241,8999
0.329,95
0.127,1451
0.299,385
-0.00486,5258
0.435,71
-0.26,9792
0.0395,3622
-0.0539,6872
-0.0269,6009
0.0448,3516
-0.0487,6511
-0.112,7311
-0.195,9790
0.402,19
-0.0975,7518
-0.108,8754
-0.00746,5357
-0.131,8276
0.25,638
0.138,445
-0.394,6149
-0.143,7643
0.0136,4612
0.103,2642
0.22,140
-0.167,9236
-0.0839,9080
0.387,96
-0.132,7802
-0.336,10119
0.0924,2191
-0.069,10009
0.127,1758
-0.255,6042
-0.0158,5733
0.0147,4508
-0.074,8127
0.191,202
-0.189,9182
0.0445,2641
-0.177,10435
-0.0478,6139
0.0671,2927
0.00937,4439
0.139,976
0.256,2533
-0.0545,6477
-0.238,8078
-0.136,7465
0.0877,2742
0.0461,3703
0.308,961
-0.208,8892
-0.0278,5703
0.651,36
-0.127,9537
-0.624,9571
-0.425,7441
0.0767,3219
0.173,1351
0.153,2162
-0.0223,6915
0.189,334
-0.0881,9409
0.131,1842
-0.197,9346
0.36,596
0.034,4302
0.104,3015
0.128,1555
-0.255,6207
-0.174,7936
0.0299,4207
-0.0814,7009
-0.0757,7435
0.254,997
-0.156,9385
-0.0861,7557
0.202,1706
0.224,832
-0.0454,7277
0.158,1481
-0.0399,5910
0.216,523
-0.118,6739
-0.19,8023
0.0178,4251
0.125,1177
-0.0457,6219
0.107,2028
-0.159,7819
-0.0925,7369
-0.0127,5840
-0.0332,6330
-0.211,9646
-0.0477,6526
0.377,260
0.135,2958
0.0995,1698
-0.0835,8125
-0.0139,5478
-0.25,9994
-0.265,8083
-0.102,7248
-0.0746,7664
0.133,665
0.235,552
0.121,2338
-0.2,8693
-0.145,8633
0.0149,4451
-0.137,8619
0.0624,3120
0.0489,3839
-0.353,9367
0.156,1062
-0.00765,5425
0.141,1534
0.113,2529
0.293,251
0.105,1089
-0.0788,7466
-0.0328,6593
0.0661,1356
-0.198,9380
-0.00107,4971
0.00938,4957
0.149,2356
0.271,515
-0.234,10244
0.189,1262
0.494,230
-0.0509,5988
0.296,1754
0.6,350
-0.134,8027
-0.446,10119
-0.365,7990
0.247,1272
0.0667,3695
0.00889,4503
-0.11,7860
-0.127,8084
-0.139,6926
0.222,733
-0.0171,5897
0.0243,4235
0.131,2917
-0.142,9657
0.106,2055
0.188,1290
-0.0762,7625
-0.0353,7049
-0.166,9153
-0.0115,5386
0.714,1018
0.39,190
0.181,302
-0.204,10106
0.473,122
-0.327,9341
-0.0955,9121
-0.00153,5070
-0.12,9352
-0.117,7078
-0.0165,6474
-0.152,8870
0.388,1400
-0.265,8950
0.105,2274
0.0222,4424
-0.203,9530
0.0798,2638
0.197,284
0.101,1681
0.207,322
-0.127,9644
0.25,76
0.168,814
0.222,1142
-0.0681,6047
0.587,1119
-0.0671,7863
-0.0515,6240
0.0174,4119
0.0974,2895
-0.127,7845
0.193,1301
-0.0644,7359
-0.035,5447
0.104,1375
-0.182,9141
0.0689,3690
0.105,1028
0.0233,3977
-0.0247,5857
0.263,1150
-0.239,9057
-0.0143,5368
0.0586,2100
-0.117,8405
-0.191,3368
-0.495,7085
0.265,2851
0.281,688
-0.3,8113
0.168,2820
-0.032,5793
0.0699,2581
0.229,928
0.0975,3096
0.0119,4483
-0.022,5641
0.172,1958
0.711,791
-0.126,7601
-0.187,5431
-0.107,4241
-0.43,9833
0.138,2931
-0.177,9973
-0.105,6302
0.0272,4105
0.153,284
0.189,293
-0.174,8061
-0.0403,6603
0.096,2167
-0.132,6320
0.02,3805
0.03,3858
-0.0846,7599
-0.124,7144
-0.127,7536
-0.316,10121
-0.0135,5405
-0.0334,6194
0.19,2420
-0.0639,5562
-0.279,8375
-0.011,5374
-0.125,8675
0.0662,2607
0.102,2971
-0.193,9813
0.278,309
-0.19,9545
-0.0879,9517
0.0282,3735
-0.0332,3145
-0.00801,5536
-0.325,10059
0.0765,3077
-0.0033,5338
0.0528,2725
-0.0999,9238
-0.203,10269
0.11,3632
0.047,2296
0.00939,4697
-0.0785,8578
0.0479,3071
-0.244,8098
-0.233,7911
-0.243,10166
-0.27,9964
-0.0861,7735
0.18,517
0.142,2136
0.0879,2635
-0.0957,7574
0.093,1452
0.0697,2160
0.333,89
-0.265,9601
0.123,2112
-0.458,9184
0.192,865
0.0125,4644
-0.0561,7116
-0.0992,6630
0.284,950
-0.0372,5369
-0.14,9456
0.123,1717
0.392,34
-0.0328,6041
0.0601,3974
-0.387,9077
-0.139,9216
0.14,482
0.0548,3544
0.116,2551
-0.00247,5193
-0.266,8960
-0.0344,7210
0.107,2195
-0.0909,7017
-0.19,9505
-0.207,8974
-0.155,8591
-0.113,7436
-0.0298,6179
-0.0564,6639
0.0146,4268
0.382,1472
-0.109,8257
0.024,3971
0.14,545
-0.0867,7494
-0.112,8139
1.16,163
-0.0222,5201
0.0448,3373
0.104,714
-0.0515,7161
0.298,1032
-0.0643,5195
0.0688,2921
0.237,1400
0.095,1064
0.157,2724
-0.381,6743
-0.346,8463
0.127,1774
0.609,796
0.403,205
0.288,382
-0.0818,5866
0.131,1562
-0.0174,6042
-0.104,8635
-0.14,7291
-0.293,10001
0.131,2981
-0.0998,8129
-0.0674,7507
0.0264,3966
0.0371,3925
0.0552,3582
-0.0865,8551
-0.0476,6653
0.0847,2465
-0.0381,5961
-0.0387,5413
-0.0338,6344
-0.197,5903
0.459,1213
-0.0677,6803
0.0648,3231
0.0251,4318
0.0979,2163
0.1,2242
0.0309,4132
-0.0834,7754
-0.0686,6310
0.0106,4628
-0.06,7313
0.0237,4266
-0.141,8288
-0.51,10300
0.0676,3310
0.135,3289
-0.0451,5705
0.176,2760
-0.0714,7516
0.0376,3793
0.299,78
-0.109,8445
0.0713,3478
-0.12,7206
0.0649,3700
0.184,1495
-0.107,8574
-0.249,8583
0.0384,3364
0.084,2775
-0.00927,5364
-0.0179,5827
-0.151,8826
-0.181,10077
-0.156,9283
-0.314,9885
0.118,2027
-0.0162,5766
0.0467,3102
-0.0399,6329
0.217,1665
-0.202,9647
-0.133,7951
-0.00753,5906
0.0925,2843
0.0661,3404
0.000537,5054
-0.192,9083
-0.19,9554
-0.0768,6926
-0.00949,5315
-0.271,8978
-0.0811,6708
0.00106,4888
-0.119,8036
0.0165,4538
-0.0117,5741
-0.0595,5744
0.0142,4636
-0.328,9635
0.154,2655
-0.304,8427
-0.0422,6898
-0.077,7332
-0.112,8609
-0.531,9377
-0.387,8676
-0.0601,8209
-0.072,7722
0.0688,3098
-0.0809,7784
0.0653,3066
0.274,1000
0.135,656
-0.0539,7905
-0.082,7786
-0.176,9118
-0.491,8005
-0.167,8951
0.18,1803
0.125,1330
-0.0548,6961
-0.194,8836
-0.114,7006
0.115,2045
0.246,11
0.0425,3520
-0.323,8411
-0.139,6718
-0.0293,5652
0.409,26
-0.0695,7772
-0.217,8462
0.306,812
-0.0548,7055
-0.111,6965
-0.162,8449
-0.123,8021
-0.0391,7447
-0.0226,5402
0.253,414
0.057,3266
0.365,578
-0.0535,7782
0.04,4010
0.0301,4267
-0.105,7555
0.122,1832
0.121,2038
-0.0798,7472
-0.0864,7024
-0.0929,7221
-0.12,8603
0.557,108
-0.00912,5837
0.202,737
0.0102,4949
-0.0336,5973
-0.137,8401
-0.35,9937
0.259,243
-0.0901,8464
-0.076,8092
0.112,2500
0.121,2867
-0.0254,5705
0.2,571
-0.003,5132
-0.072,7549
-0.165,8528
0.248,482
0.0595,2252
0.0957,2197
0.18,852
-0.0504,7214
0.0111,4574
-0.343,10079
-0.412,10220
-0.0121,5683
-0.0974,7825
-0.015,5558
0.212,1930
0.0925,3446
0.0352,4053
-0.0697,6069
-0.128,9474
0.0578,2580
0.26,814
-0.0286,5702
-0.193,8717
-0.0135,4994
0.0231,4292
-0.049,7017
-0.0168,5161
-0.202,8774
0.0911,2386
-0.0278,5790
-0.0977,8916
0.09,2202
0.0459,3601
0.111,2517
-0.189,8382
0.382,948
-0.0751,6370
-0.0907,8445
0.246,1442
-0.254,9505
0.121,2628
0.135,1263
-0.0781,7792
0.0587,2448
0.0195,4457
-0.195,8238
-0.0761,7797
-0.0882,6516
-0.0526,7055
-0.084,9167
0.103,2768
-0.0306,6020
-0.0276,5993
-0.281,10298
-0.0596,7063
0.0882,1008
-0.123,8569
0.191,589
0.0463,4181
0.0174,4420
0.00739,4897
-0.091,9744
-0.0514,6502
0.0601,2705
-0.196,9489
1.88,81
-0.0113,5738
-0.0572,7101
0.0908,1784
0.188,1138
-0.18,8339
0.101,2188
0.218,220
-0.0937,7493
-0.193,9551
0.56,777
-0.134,7608
0.191,1188
-0.139,9468
0.134,2090
-0.0565,6139
-0.15,7803
-0.123,9020
0.00916,4680
-0.144,8930
-0.00386,5163
-0.00446,5047
0.207,864
0.04,3785
-0.0471,6309
0.0735,1449
-0.0747,7296
-0.0146,5421
-0.0458,7205
-0.0922,6980
-0.124,6884
-0.0794,8155
-0.0471,7150
0.0315,4495
-0.1,7837
0.327,238
-0.123,7022
-0.129,9409
0.115,667
0.247,1117
-0.00344,4935
-0.0846,7197
-0.0863,7909
0.0438,3274
0.0166,4282
-0.161,9279
-0.152,8129
0.235,929
0.175,807
0.0201,4060
0.0773,3517
0.093,1724
-0.287,10102
-0.132,5701
-0.0351,7671
0.151,1504
-0.155,9902
0.242,611
-0.163,9896
0.155,1964
0.0519,3314
0.16,518
-0.142,7944
-0.00223,4787
0.0578,3973
-0.21,9398
-0.172,9136
0.0732,3099
-0.0784,7147
0.0263,4230
0.0885,3031
-0.232,9905
0.115,873
0.0187,4171
-0.144,7835
-0.0981,7864
-0.348,10387
0.51,667
-0.126,9829
0.171,170
-0.0477,6474
-0.176,9937
-0.194,8697
0.000682,4670
0.0812,1307
-0.108,8443
0.187,123
-0.0159,5227
-0.277,10118
0.0296,3861
-0.109,8694
0.00191,4916
0.369,218
0.0408,3145
0.359,2005
-0.115,7865
0.0837,2482
0.0272,3936
0.206,969
-0.000507,5184
0.0261,4009
0.0127,4612
0.0721,2244
0.02,4690
-0.19,8831
-0.0494,6254
0.177,2592
0.01,4424
0.133,1291
0.148,1187
0.318,1807
-0.0715,6256
-0.193,8943
0.194,1290
0.0056,4938
0.0592,3006
-0.0491,6483
-0.155,10187
-0.013,6066
0.0629,3402
-0.102,9369
-0.197,10306
-0.513,7277
-0.2,4539
-0.304,7958
2.2,33
0.352,2585
0.00567,4794
0.0209,4501
0.381,185
-0.0526,6755
-0.178,9689
0.153,1058
0.118,1604
-0.103,8220
-0.0435,6072
-0.0455,6175
-0.526,7932
0.0804,2542
0.0362,3224
0.0696,3058
0.0417,3602
0.111,2436
0.338,427
0.0465,3468
0.0253,2708
-0.0126,4549
0.147,1807
0.0566,4193
-0.0566,6530
-0.0426,6439
-0.0312,7188
-0.148,7462
0.239,137
0.183,551
0.0124,4796
-0.0079,5705
-0.0219,8736
0.174,629
-0.0297,6358
0.315,340
-0.021,6113
0.0425,2961
-0.0974,7076
0.127,2732
0.162,2258
-0.104,8983
-0.0401,6610
-0.0703,7501
0.0493,3880
-0.0778,5633
0.00547,4877
-0.0124,5101
0.061,3000
-0.16,10091
0.00383,4944
0.255,1035
-0.339,10298
-0.379,9910
0.607,1388
0.13,996
-0.00625,5469
-0.105,7414
0.414,777
0.356,116
-0.443,9645
0.12,2127
-0.0222,6291
0.0909,2857
0.0169,4456
-0.2,10032
-0.265,9368
0.361,67
0.0499,3827
0.107,1255
-0.104,7426
0.165,1179
-0.000125,4888
0.137,857
-0.1,8599
0.134,1744
-0.132,8335
0.161,2489
-0.324,9107
-0.0219,6525
0.0186,4575
-0.0192,5935
-0.00614,5196
-0.0986,7134
0.35,702
-0.176,9580
-0.129,6993
0.569,7
-0.234,8997
-0.202,8397
-0.314,9904
0.0244,3987
0.0747,843
0.112,3506
-0.0504,8096
0.295,1393
-0.111,7208
-0.165,8833
-0.0578,6234
0.102,1537
-0.186,9005
-0.135,7195
0.355,13
-0.111,8197
-0.000779,5306
-0.0627,6763
0.256,1015
-0.188,9041
0.0276,4403
0.0119,4721
0.246,516
0.228,1764
-0.204,8863
0.0959,901
-0.0849,7036
-0.0885,8309
-0.0364,6812
-0.0153,5613
0.195,1130
0.0631,3107
0.69,36
0.0559,3541
0.105,891
0.185,3080
-0.257,8707
0.108,1577
-0.372,9408
-0.0925,8208
-0.0103,5304
0.0322,4398
-0.154,9706
0.113,2913
-0.0649,7426
0.0672,3423
0.0561,2876
0.0444,3881
0.12,679
-0.0506,5976
-0.147,8120
-0.0128,5591
0.0278,4104
-0.0277,5850
-0.181,10160
0.142,1899
-0.0695,7635
0.0259,4257
0.18,766
0.151,813
0.0431,3771
0.0865,2854
-0.092,6987
0.345,586
-0.0921,7316
0.0356,3926
1.28,16
0.0823,2373
-0.123,7389
-0.272,10191
0.13,1926
0.153,1087
0.105,3242
-0.222,4304
-0.115,8357
-0.0601,7132
-0.0549,6899
-0.33,6418
-0.255,7776
0.561,51
0.238,2125
0.132,2932
-0.0819,7700
-0.235,8912
-0.141,8214
-0.136,9837
0.125,519
-0.103,8313
-0.0459,5596
-0.234,9184
0.055,3096
0.101,452
-0.0518,7859
-0.113,7955
-0.0887,8861
0.0444,3428
0.00675,4797
0.0253,4495
0.114,813
-0.315,8636
0.0138,4498
-0.0184,6108
-0.0955,6486
-0.0111,5223
-0.00955,5619
-0.199,7690
-0.00856,5178
-0.0397,6184
-0.0572,7011
-0.0714,7103
0.153,1988
-0.048,5888
0.0754,2173
-0.14,9334
-0.0557,5721
0.00401,4666
0.0872,2267
-0.224,9296
-0.378,10190
-0.272,9345
-0.0343,5845
0.0609,2378
-0.0962,8065
-0.262,9265
0.12,2829
0.0421,3959
0.185,1088
-0.0722,7758
0.124,712
-0.0397,7031
0.048,3930
0.128,3467
-0.234,9680
-0.0739,7467
-0.0236,6481
0.104,2070
-0.218,8873
-0.216,9281
0.0878,2775
-0.112,9201
0.0688,2875
-0.129,8730
-0.0769,7152
-0.0981,7019
-0.126,8980
-0.146,9866
0.194,483
-0.0827,6529
-0.209,10225
-0.111,7004
0.224,890
-0.122,8453
-0.00283,5157
-0.0868,7399
0.00106,4995
0.0589,3332
-0.0371,7136
0.133,1999
0.197,342
0.0805,3158
0.122,638
-0.0725,7875
0.0846,3019
0.063,2437
-0.0819,7426
-0.0436,6968
0.000463,4953
0.0474,3827
-0.0369,5888
0.00308,4985
-0.101,7915
-0.0743,7114
0.00604,4758
-0.0148,5497
-0.106,8226
-0.279,9945
-0.0619,6880
-0.108,7865
-0.122,7672
0.0507,3695
-0.0362,5533
-0.0928,8984
0.0164,4482
-0.0872,8362
-0.165,8084
-0.0901,8033
0.0442,4107
-0.0796,8465
-0.0256,6270
-0.117,8868
-0.216,9730
0.146,3270
-0.259,9341
0.0567,2715
0.0556,3056
-0.0928,7517
0.0726,2558
-0.145,7853
0.0493,3896
0.257,573
-0.0154,5967
-0.0179,5484
-0.0186,5811
-0.066,6654
-0.0208,5901
0.207,1620
-0.192,9037
0.222,1186
0.114,2878
-0.589,9521
-0.131,6479
-0.0227,5869
0.0129,4474
-0.203,9247
0.255,1730
0.0229,4166
-0.113,6721
-0.0529,6614
0.032,3561
-0.115,7618
-0.0212,5758
0.0618,3216
0.742,151
0.129,2826
0.0253,4324
-0.18,8516
0.186,2171
0.142,1081
-0.0472,6590
0.0805,995
0.02,4221
-0.0992,6972
0.197,622
-0.266,10083
-0.0189,5586
-0.0505,8154
0.044,2674
0.243,216
-0.000651,5234
-0.137,7610
-0.00236,5431
0.0592,3055
0.00414,4809
-0.0297,6327
-0.157,9183
-0.0186,6251
-0.126,6311
0.278,107
-0.196,10050
-0.0676,5964
-0.178,7484
0.0818,2506
0.352,326
-0.00505,5224
-0.0348,7105
0.102,2940
-0.031,6310
0.0119,4482
0.169,824
0.137,1424
-0.22,10035
-0.00306,5067
-0.0481,6490
0.0146,4096
-0.00408,5404
0.0409,3455
0.0785,2262
0.283,86
0.0696,3672
-0.229,8765
-0.0698,3709
0.13,652
-0.0854,8507
-0.0256,5753
0.165,985
0.105,3034
-0.135,8694
-0.189,9707
-0.0425,7173
-0.0215,5644
-0.0613,6919
-0.418,10072
0.135,1949
-0.163,10277
-0.168,9883
-0.149,9119
0.0952,2107
-0.0288,5639
0.158,602
0.0548,2884
-0.162,8915
-0.0698,7530
0.178,2005
-0.0845,7936
0.0558,3883
0.136,1858
-0.00875,5271
-0.0925,6944
-0.164,8314
0.189,977
-0.184,6365
0.0383,3541
-0.16,10107
0.424,173
0.504,1948
0.264,263
-0.388,8964
-0.238,9841
-0.0421,6916
-0.241,8154
-0.0423,6224
0.389,1011
0.307,618
0.0736,2208
0.0906,2628
0.231,1618
-0.412,10107
0.469,162
-0.0931,8426
0.0963,1120
0.0579,2071
-0.00421,5173
-0.0763,6365
-0.211,9751
0.251,641
-0.17,7065
0.0555,2103
0.00986,4637
0.032,4109
-0.302,9797
-0.185,9818
-0.11,6547
0.00284,4949
0.148,825
0.0825,3315
1.23,408
0.0764,2836
-0.0357,6428
-0.118,8224
-0.289,9989
0.201,1047
-0.172,8167
-0.112,6961
-0.182,10279
0.00318,4889
0.156,1646
-0.243,10103
0.0567,3443
-0.0295,6237
-0.0967,8831
0.0558,2962
0.284,241
0.246,483
0.925,433
-0.201,9347
-0.0594,7800
-0.0255,6036
-0.106,7076
-0.0855,7891
-0.138,8443
-0.0361,6487
-0.18,10227
-0.196,7230
0.00484,4711
0.262,1467
0.0506,3679
0.0866,2945
0.178,1106
-0.114,8356
-0.184,8489
0.0211,3832
-0.156,8571
-0.0626,7701
-0.0623,6989
-0.0261,6522
-0.115,7910
-0.0788,8489
0.0695,3450
-0.109,8105
-0.159,9885
0.0122,4519
0.0586,3558
0.117,2376
-0.0342,5857
-0.0609,6821
-0.104,7304
-0.085,8232
-0.206,8260
-0.0186,5293
-0.0702,7354
-0.0198,5687
-0.06,6817
0.0807,1744
0.247,840
0.457,413
-0.0124,5454
-0.0741,5956
-0.0548,6767
-0.00517,5522
-0.197,10006
-0.35,8423
-0.173,8516
-0.164,8100
0.112,131
-0.106,8553
0.222,804
-0.234,9869
-0.156,8597
0.03,4165
0.108,1566
-0.0692,7040
0.151,1468
0.059,3561
-0.235,9826
0.289,356
0.00699,4965
-0.205,9244
-0.097,6564
0.0805,3822
-0.441,9011
-0.403,6277
0.213,464
-0.0803,8755
0.000611,4963
0.0434,4081
-0.264,10367
0.171,1317
0.0243,4192
-0.409,9674
0.11,944
0.106,2665
0.00394,4956
0.0987,2111
0.169,1558
0.116,929
0.0108,4698
0.161,1411
-0.0837,7998
0.486,1028
-0.0379,6432
-0.174,8641
-0.424,7718
-0.187,8650
-0.208,9994
-0.254,9506
-0.0465,6574
0.232,1785
0.184,2585
-0.00104,5107
-0.0629,6300
-0.0837,8214
0.04,3010
-0.0781,8431
0.136,1673
-0.0845,7072
-0.163,6269
0.0504,2604
0.0123,4577
-0.0257,7043
-0.256,9598
0.0148,4504
-0.142,4821
-0.0933,6152
-0.00911,5473
-0.122,8191
-0.106,6972
-0.0496,7380
1.09,7
0.016,4803
0.248,575
-0.117,8108
-0.214,9847
-0.146,8335
0.206,1098
-0.0404,5858
0.0724,2052
0.171,295
0.0205,4576
-0.142,9870
0.156,1441
0.0249,4353
0.041,3908
0.231,1454
0.0533,3351
-0.193,9761
0.122,2528
0.0658,3375
-0.0951,8856
-0.2,9546
-0.237,8701
0.441,41
-0.283,9814
-0.0445,5417
-0.0761,7378
0.0744,1347
0.036,3477
-0.0498,7453
-0.04,6088
0.154,846
-0.0161,5486
0.23,360
-0.275,7241
1.6,8
0.00832,4833
-0.375,7171
-0.168,9622
0.0628,1003
-0.0937,8407
0.0466,3422
0.0554,3798
-0.05,7181
0.17,894
-0.0566,6528
0.234,1022
-0.0331,6319
-0.0124,5525
-0.00894,5736
-0.2,10014
0.00943,4617
-0.196,9073
-0.134,8487
0.0145,4456
0.122,1833
-0.0264,5562
0.197,1124
-0.128,8343
0.0357,4018
0.318,750
-0.0521,6306
-0.125,9886
-0.00544,5215
0.158,849
0.139,3176
-0.162,8973
-0.151,7305
0.0416,3291
-0.118,8492
0.0787,3303
-0.0556,6700
0.00853,4543
0.475,921
0.225,166
0.0599,1851
0.00431,5006
-0.179,8469
-7.12e-05,4823
0.18,2747
-0.045,6693
0.158,2044
-0.0633,6225
-0.0542,6325
-0.312,6189
0.0761,3668
-0.0988,7922
0.0426,3639
-0.105,7223
-0.128,8511
-0.216,10002
-0.379,10196
0.0309,3888
-0.0409,7521
-0.176,8594
0.195,532
-0.0703,7553
-0.291,9766
0.0388,3741
0.00182,5058
0.154,976
0.056,3368
0.00981,4586
-0.0304,6381
-0.199,9634
0.0752,2299
-0.129,7797
-0.0338,5965
0.0566,2933
-0.0889,6548
-0.00368,5174
-0.0133,5283
-0.0689,6662
0.0588,2674
0.203,2377
-0.0841,7349
0.0267,3979
-0.0527,7438
0.0741,3744
-0.23,8846
0.368,1159
0.122,622
0.000156,5029
0.205,862
-0.0807,7834
-0.14,8529
0.133,2355
-0.0134,5605
-0.195,8870
0.137,1073
0.0453,3709
-0.118,6769
0.187,1083
0.0778,3296
-0.0762,7216
0.502,1697
-0.0715,6221
0.0498,3963
-0.0534,6014
0.0382,4329
-0.417,9750
-0.377,8653
0.228,1526
-0.0954,5831
0.0487,3694
0.0902,936
-0.056,7967
0.238,467
0.177,952
-0.0781,6774
0.16,1111
-0.00876,5420
-0.0856,7360
-0.341,9088
-0.27,9930
0.205,707
0.0986,2261
0.314,652
-0.107,6951
0.112,2263
-0.0671,7790
0.23,1090
0.126,1112
-0.0116,5454
0.0179,3301
0.113,2573
0.153,2178
-0.0524,6301
-0.0914,7233
-0.0728,8200
0.0633,2996
0.138,1768
0.0395,3364
0.0217,4351
0.0546,3837
-0.149,10127
0.149,1078
0.0976,3074
-0.182,9526
0.00151,5043
0.00725,4713
0.136,1998
-0.0942,8046
-0.17,9495
-0.224,9470
0.0563,4088
0.25,2341
-0.0513,7879
0.234,641
-0.0856,8229
-0.125,7209
-0.344,9845
-0.243,9314
0.366,331
0.108,2108
-0.0427,6439
-0.147,8194
0.133,967
0.12,2226
0.0103,4562
0.129,2440
0.189,1020
-0.205,9242
-0.00964,5453
0.0979,2865
-0.00361,5028
-0.0623,7691
-0.0268,5739
-0.0366,5664
0.126,1575
0.0679,3124
-0.0162,6099
-0.0771,7839
0.00802,4717
-0.134,7456
-0.153,7407
-0.255,9316
-0.123,9526
-0.0378,6828
0.0176,4504
0.0145,4681
-0.177,9163
-0.0944,6284
0.117,1688
-0.0619,7081
-0.245,10378
-0.249,10179
0.0627,2761
0.085,2550
0.145,1382
-0.0859,6778
0.0772,3674
0.259,746
0.0472,3694
-0.104,6572
0.25,434
-0.139,8554
-0.0319,5594
0.0688,2774
-0.0136,5146
-0.297,8801
0.0564,3074
-0.189,9882
-0.163,9226
-0.142,9205
-0.0118,5512
0.242,1468
0.0369,3859
0.0102,4671
-0.264,4144
0.171,1454
-0.108,7559
0.315,376
-0.0569,7219
-0.176,8703
-0.225,9921
-0.326,9758
0.18,413
-0.0546,8260
-0.0243,6455
0.054,2536
-0.107,8937
0.0746,2168
-0.202,8914
0.147,2838
0.216,229
0.00344,4752
-0.249,10258
0.274,506
0.0667,3793
0.0481,2427
-0.0178,5976
0.1,1944
0.34,1826
0.0247,3307
0.0578,1905
-0.148,10176
0.0176,4411
0.445,1224
-0.000347,4902
-0.0279,7450
-0.0492,8882
-0.192,5336
-0.583,7376
0.0307,3754
0.00123,5062
0.087,3110
0.0882,2552
0.0704,3463
-0.125,7836
-0.000234,5120
0.348,60
-0.0406,6247
0.164,2396
-0.0371,6008
-0.138,9107
0.297,278
-0.0843,9153
-0.162,10062
0.1,2847
-0.0901,6440
0.125,2420
-0.191,9094
-0.00635,4987
0.00213,5139
-0.164,9696
-0.203,9383
-0.262,7871
0.207,1701
0.167,968
0.28,660
-0.142,9734
-0.0258,6420
-0.34,10392
-0.21,8883
-0.084,7926
-0.119,9426
0.0444,3706
-0.0282,6025
0.258,97
0.0417,4123
-0.158,10287
0.172,727
-0.168,9140
-0.0888,7842
-0.27,8740
-0.136,8908
0.106,1216
-0.00447,5169
-0.0738,7707
-0.0832,7253
0.126,1367
-0.0509,6258
-0.0875,7428
0.000985,5379
-0.0218,5920
0.24,327
0.0457,3967
0.0689,2293
-0.141,10318
0.0231,4313
-0.14,9266
0.68,665
0.0124,4479
-0.236,9481
0.152,425
0.0376,3485
-0.108,8226
0.123,2446
-0.0511,6769
-0.243,9855
0.0467,4332
-0.15,9579
0.128,2536
0.0522,2984
0.0226,4538
-0.287,7901
0.0431,3488
0.12,2478
0.032,3879
-0.0206,5641
-0.0471,6346
0.236,702
0.198,737
-0.0601,8381
0.02,4384
-0.166,9107
-0.142,8976
-0.0454,6517
0.0304,3307
-0.121,9698
-0.00754,5146
0.271,1355
-0.119,7921
-0.0198,5887
-0.131,8848
-0.086,7820
0.0349,3931
0.262,1728
-0.416,10373
0.121,2013
-0.305,10369
-0.347,6938
0.912,689
-0.149,8394
0.616,938
0.0475,2930
-0.065,6304
0.033,4300
-0.206,9947
0.0326,3338
0.0796,3041
-0.0844,7596
-0.417,9749
-0.227,10204
-0.0184,5426
0.18,695
-0.00884,5794
-0.00398,5304
0.136,2868
0.101,3338
0.134,619
0.209,432
0.0127,4537
0.0774,2800
0.348,962
-0.0416,6077
0.255,560
0.472,11
0.141,1721
-0.013,5655
-0.204,9575
-0.0584,6436
0.135,2320
0.035,3997
-0.123,8441
-0.467,6814
-0.119,8564
-0.223,9260
-0.2,7874
-0.0875,8706
-0.122,8987
-0.0523,7860
0.304,561
0.29,333
-0.215,9555
0.0838,3443
-0.0515,5729
0.0904,1493
0.115,2147
0.706,176
0.154,1264
-0.0912,8875
0.0465,3687
-0.049,6518
-0.125,8054
0.113,3498
-0.17,6253
-0.0893,7091
-0.0363,7288
0.188,864
-0.0676,4883
0.0853,2802
0.0974,1880
0.0741,2215
0.0992,2927
-0.0526,7129
0.171,2870
-0.742,10277
-0.261,10420
0.0859,2298
0.0796,2678
-0.059,6947
-0.252,9796
-0.193,8041
0.0392,2635
-0.0162,5263
0.198,867
-0.0115,5418
-0.123,6974
0.285,302
-0.0419,7086
-0.0795,8149
-0.106,8941
-0.0151,5625
0.0863,3092
-0.274,9385
-0.00892,5367
0.025,4310
-0.191,9545
-0.113,8837
-0.0254,5329
-0.0362,6023
-0.0144,5610
0.0598,3134
-0.159,8282
-0.0418,6185
-0.0934,7549
0.0301,4191
0.145,1068
-0.156,10160
-0.0724,6230
1.4,330
0.391,1421
0.273,2130
-0.0434,7104
0.0424,3433
-0.204,9749
-0.172,9249
-0.0794,7546
0.0736,3545
0.0965,1435
-0.113,8306
-0.196,9394
-0.195,10041
0.0969,2598
-0.0757,7195
0.158,847
-0.16,9157
-0.315,10335
-0.304,9672
0.0948,2818
0.163,1517
0.135,640
-0.0417,7998
-0.152,7732
0.0767,2993
-0.0794,6980
-0.0419,5575
-0.167,9302
-0.293,9796
0.015,4443
-0.0463,6873
-0.0926,6769
-0.0543,7598
0.0218,3646
0.27,2207
-0.0647,7255
-0.0883,6515
-0.0952,7902
-0.0312,6618
-0.0615,8008
0.128,1512
0.0155,4378
0.0612,3187
-0.207,7564
0.0417,3406
0.0799,2022
-0.00865,5425
-0.203,9142
-0.145,6166
-0.284,9339
0.0183,4513
0.0859,1995
-0.0247,5720
0.0537,2877
0.0648,3583
-0.306,10121
-0.149,9186
-0.0292,6771
-0.0366,6254
0.0782,3181
0.0342,3689
-0.221,10134
0.131,703
-0.0156,5770
0.352,1031
0.0579,3571
-0.111,7450
0.372,719
0.177,1216
0.204,1199
0.671,965
-0.352,9381
2.61,47
-0.0739,5746
0.123,2825
-0.0465,6667
-0.132,8812
-0.0337,6075
-0.24,8602
-0.185,7023
0.0265,4271
-0.261,8291
-0.0704,6299
-0.283,9735
0.207,1156
-0.155,7600
-0.206,10401
-0.0984,8593
-0.209,9963
-0.251,4950
-0.0165,5452
0.068,2792
-0.173,8939
-0.012,5213
0.366,1005
-0.146,8531
0.0516,4121
-0.16,7934
-0.0105,5553
-0.143,10149
-0.0814,7499
0.0176,4403
-0.209,7415
-0.0672,7104
0.0227,4130
-0.0148,5274
0.102,2151
0.066,3626
-0.235,10086
0.0858,2376
-0.121,9486
-0.0549,7480
-0.156,9159
0.115,2253
0.106,665
-0.257,10300
0.117,525
-0.121,8695
-0.12,7785
0.0293,4398
0.1,2575
0.00813,4819
-0.0613,8752
-0.00575,5282
0.0223,4143
0.0196,4413
-0.236,7393
-0.262,9347
0.0335,3760
-0.092,8509
0.129,1501
0.0957,3166
0.0545,2787
0.196,2384
0.0618,1671
0.0141,4061
0.519,388
-0.281,9800
0.245,924
-0.0239,5618
0.113,2347
-0.0195,6041
-0.121,8686
0.0535,3567
-0.0302,5491
0.0158,4539
-0.00806,5721
0.0822,3589
-0.0913,5997
-0.0775,7607
0.0768,3890
0.706,752
0.0996,2028
-0.014,5400
0.368,456
0.548,379
0.348,537
0.0554,3342
0.121,339
-0.107,8061
-0.166,9504
-0.372,8945
-0.156,9325
-0.0417,6308
-0.0404,6969
0.525,404
0.0103,4747
-0.0758,8091
-0.261,10239
-0.0445,8095
-0.0127,5604
-0.0667,6545
0.0672,3059
0.127,2507
-0.0906,6685
-0.124,9996
0.174,1640
-0.173,7169
-0.0713,5148
-0.0881,6858
1.99,140
0.297,1216
-0.0414,6255
-0.0104,5440
0.00771,4768
-0.0398,6899
0.0403,3332
-0.0796,7963
0.164,424
-0.276,9817
-0.0317,6057
-0.0922,8573
0.178,1049
-0.0703,6723
-0.0356,6120
-0.0505,6315
-0.0205,6624
-0.0157,6006
-0.0416,6810
-0.116,8023
0.121,2035
-0.193,10112
0.0584,2952
0.138,1991
0.0877,2897
-0.175,8137
0.117,2234
0.0881,3084
0.0682,2784
0.0177,4558
0.317,252
-0.114,8560
-0.0908,6945
-0.00383,5164
-0.0663,6800
-0.265,9665
0.141,1676
-0.0253,5584
0.401,307
-0.205,8838
-0.0942,7485
0.0491,2276
-0.262,9631
0.0303,3481
0.201,974
0.0389,4116
-0.00823,5354
0.0237,4048
0.24,625
-0.231,9065
0.963,56
-0.066,5712
-0.0287,5783
-0.0296,6179
-0.0338,7273
-0.171,8727
0.0326,4096
-0.22,9092
-0.0763,7408
-0.0402,6816
-0.00246,5202
0.225,114
-0.137,8872
0.0572,2715
-0.0628,6979
-0.179,9826
0.391,15
0.0195,4369
-0.0794,7578
0.0296,4074
-0.0682,8759
-0.0835,7907
-0.184,9416
-0.0525,6656
-0.109,7836
-0.00353,5355
-0.211,9233
0.0288,4244
0.333,123
0.158,1370
0.221,1843
0.126,2136
-0.0648,6322
0.0299,3980
-0.0229,5807
-0.113,6910
-0.00327,4975
0.00843,4828
0.227,1087
0.138,2007
0.104,1910
-0.0891,6826
-0.0111,5529
0.31,1830
0.383,1720
-0.000867,5039
-0.0707,6011
0.000183,4970
-0.152,9248
0.109,2247
0.0419,3464
-0.0245,5852
0.0827,2920
0.319,499
0.235,826
-0.0122,5400
0.358,66
0.164,835
-0.17,9789
0.0945,2164
-0.179,9697
-0.107,8832
-0.137,9898
-0.241,8504
0.208,1663
0.114,1881
-0.0729,6809
-0.0794,9072
0.23,489
0.123,1728
-0.125,8784
0.143,1280
0.212,938
-0.117,7630
-0.0911,8233
0.00994,4530
-0.0661,6996
-0.14,8673
0.0792,3298
0.167,1584
-0.0639,7168
-0.0284,5403
-0.207,10086
-0.112,7024
-0.0536,5176
-0.0849,8591
0.0538,2082
-0.00659,5248
0.0103,4821
0.161,717
-0.491,9907
-0.0138,6022
0.157,563
-0.105,7746
0.578,55
0.0526,4066
-0.219,9916
-0.0778,7442
-0.0794,7793
-0.0396,5736
-0.0654,6755
0.0242,4454
-0.106,5863
-0.0264,5639
-0.0701,7397
0.334,370
-0.00714,5086
-0.246,9991
-0.383,9963
0.0254,3709
0.0295,4022
0.071,2699
0.156,1073
0.0486,3425
0.235,1992
0.0149,4098
-0.0925,7045
-0.234,6892
-0.0575,7261
-0.0951,7984
-0.0474,7224
-0.029,6573
-0.057,8042
0.257,643
-0.098,8871
0.315,289
0.0756,2958
0.0969,1169
0.0399,2706
0.241,228
-0.102,8008
-0.171,8856
-0.0139,5471
-0.0576,6666
0.105,1244
-0.114,7863
-0.423,10261
-0.184,9437
0.162,1227
-0.151,10166
0.122,1641
0.105,2640
0.0913,2693
-0.0522,6264
-0.032,5651
0.0142,4112
-0.106,8893
0.0951,2808
0.178,1495
-0.205,7315
-0.0218,5505
0.0346,3962
0.135,307
0.0871,2078
-0.186,9398
0.186,2946
0.0582,3627
-0.0942,9103
-0.0375,7204
-0.361,9302
-0.0302,6329
-0.197,9747
-0.0893,6830
0.0521,3159
0.0149,4404
0.421,198
0.0228,4388
-0.146,8815
-0.164,8023
-0.0989,8568
0.0321,4043
-0.0639,7224
0.00737,4804
0.0254,4117
0.462,1257
0.00605,4976
-0.02,7092
-0.0183,5480
0.141,1507
-0.443,9346
-0.171,9480
0.0204,4135
0.0881,2107
-0.151,7729
-0.212,8707
-0.351,9981
0.0835,3797
-0.0894,8144
0.00535,4884
0.0351,3928
0.156,794
0.0436,3427
-0.0877,6842
0.0617,1932
0.316,142
-0.115,7933
-0.15,9517
-0.247,5620
0.28,1845
0.069,3155
-0.0597,6946
0.151,746
-0.171,7832
-0.114,8163
0.339,1379
0.157,1323
-0.0928,8061
0.242,697
-0.604,9946
-0.156,8539
0.00654,4761
0.0627,1736
-0.0998,7840
-0.0799,7574
0.0752,3029
-0.0859,8251
-0.00764,4803
0.0577,3031
-0.282,9681
-0.0816,6840
-0.141,8250
0.0901,2729
0.361,506
0.0799,1780
0.00186,5007
-0.00159,5426
0.107,2353
0.0125,4680
0.0079,4734
-0.076,8577
-0.0922,8475
0.0306,4227
-0.127,9038
0.063,3702
0.0662,3401
-0.052,7069
-0.0306,5930
0.0597,3962
-0.0384,6025
-0.0788,8830
-0.328,9911
-0.0341,6750
-0.0549,8674
0.114,1142
-0.0122,5704
0.097,2252
-0.00893,5238
0.13,2497
0.00661,4942
-0.0519,7364
-0.179,8316
0.072,3578
-0.0998,6221
0.149,3337
-0.0461,8158
-0.0228,6193
-0.463,10438
0.147,701
0.516,46
-0.0236,5640
0.0261,3757
0.0748,1018
1.86,69
-0.43,7570
-0.261,4928
0.155,2544
0.52,856
0.0615,2391
0.165,1565
-0.0745,6842
0.00086,5047
-0.0302,7103
-0.037,6564
-0.0528,6786
-0.0119,5109
0.169,1824
-0.0526,6812
-0.0165,5438
-0.00197,5120
-0.0767,7335
-0.243,9583
-0.0848,6839
0.0833,3279
-0.0605,6922
-0.251,8282
-0.135,7606
-0.00172,5047
-0.192,9033
0.878,303
0.207,1031
-0.114,9277
-0.033,6356
1.92,204
-0.445,9493
0.471,1458
0.167,2240
-0.0303,6289
-0.188,9405
1.73,303
0.27,2252
-0.154,5291
-0.00269,3180
-0.0484,6734
-0.273,5715
0.216,2505
-0.427,8485
0.0859,2599
-0.78,8281
0.134,1678
0.152,961
0.0251,4412
-0.259,10193
-0.0303,6714
0.0345,3922
0.151,2158
-0.0954,7372
0.0747,1450
-0.248,6872
-0.183,9352
0.231,628
-0.0549,7831
0.0845,3483
-0.146,10058
-0.114,8547
0.0486,3873
-0.0189,5283
-0.159,10206
0.0655,3003
0.0876,2269
-0.0838,7585
-0.0436,7584
-0.000476,5049
-0.33,9770
0.206,1820
-0.108,5963
0.0108,4413
-0.156,8068
-0.084,9579
-0.314,7501
0.491,1073
0.346,944
0.0188,4586
0.00233,5026
-0.0784,7425
-0.182,9651
0.0471,3629
-0.0458,6269
-0.224,10125
0.197,103
0.00901,4781
-0.201,9300
-0.148,8290
0.129,1939
-0.355,10047
-0.0575,8266
-0.0722,9051
0.602,593
0.284,2475
0.349,2689
-0.22,9549
-0.293,9472
0.0453,3746
-0.0946,7379
-0.0558,6504
0.0347,3727
0.0833,1807
-0.0222,6226
0.0365,4148
-0.0109,5195
-0.289,5661
-0.132,7423
0.0141,4373
-0.0228,5879
-0.0492,6307
-0.000552,4914
0.25,1485
0.333,985
-0.0417,7270
0.23,719
0.177,1369
-0.0266,5814
-0.185,9587
-0.109,8666
0.0518,2674
-0.197,10098
0.0516,4218
-0.214,8956
0.0427,4204
0.112,3330
0.0527,2756
-0.123,7690
-0.306,8630
0.0142,4425
0.115,3342
-0.18,10260
-0.204,8524
-0.0161,5360
0.14,2299
-0.0436,6857
-0.107,8031
0.125,876
-0.138,9358
0.00525,4720
0.05,3474
-0.142,8636
-0.153,8620
0.0591,4089
0.0247,4054
0.0369,3479
-0.204,9547
-0.027,6351
-0.251,6814
-0.226,8762
0.00875,4780
-0.0715,9665
0.431,2387
-0.0191,5119
0.392,1727
-0.299,8421
-0.012,5134
0.56,974
-0.0116,5304
-0.0711,6980
-0.125,9141
0.0849,2518
-0.045,8355
-0.00921,5659
0.0213,4326
-0.119,8390
0.0704,3780
-0.0768,8014
0.385,874
-0.0997,8333
0.0406,3731
-0.0537,6114
-0.178,9740
-0.072,6863
-0.161,10379
-0.00953,5519
0.0818,2850
0.314,710
-0.206,9292
-0.226,8956
-0.124,9187
0.13,2192
-0.076,6457
-0.0666,7813
0.0369,4136
0.0705,2685
0.112,2840
0.112,990
-0.184,10100
-0.0273,5937
-0.349,10195
0.0412,4558
0.0798,2620
-0.158,9049
-0.0699,8122
-0.0759,7370
0.0409,4152
0.18,552
0.0905,1765
0.133,652
0.0454,4127
-0.208,9446
-0.0989,6997
-0.0411,5992
0.0516,3066
0.22,790
-0.0402,5829
0.253,373
0.00259,4774
0.126,2162
-0.0375,5938
0.305,32
0.23,1819
0.255,666
-0.13,7920
0.0739,3101
0.187,1080
-0.0715,8473
0.0611,3602
0.215,1900
-0.225,7802
-0.192,9660
-0.204,9022
-0.177,9446
0.0037,5055
-0.354,10146
0.0107,4528
-0.0164,5832
-0.073,7313
-0.195,9746
-0.168,8465
0.391,1374
-0.12,7581
-0.1,9505
-0.0535,7102
-0.4,7764
-0.0887,6671
-0.378,9955
0.00554,4672
0.0469,3551
-0.0193,6207
-0.0017,5181
0.148,1372
0.468,365
-0.0381,6304
-0.125,8985
-0.0353,5998
-0.00967,5152
0.0452,3481
0.253,1034
0.0292,3846
0.227,372
-0.0939,8993
0.179,2095
-0.0149,5815
0.094,3100
-0.187,8150
-0.0851,6368
0.0545,3079
-0.0606,7464
0.232,567
0.341,46
0.0646,3921
-0.048,6605
-0.0794,9556
-0.0425,6312
0.0712,3262
0.029,3839
0.119,1826
0.0917,1759
0.0433,2574
-0.109,8872
-0.0562,6515
-0.277,8860
0.526,741
-0.0827,8103
0.0404,3130
0.0332,4333
0.115,2044
0.207,1225
-0.385,8664
0.0588,3604
0.0201,4352
-0.196,8690
-0.191,9590
-0.329,9630
0.0214,4427
-0.00351,5023
0.00157,4943
0.0473,3760
-0.00849,5252
0.397,533
-0.125,6506
-0.106,8815
-0.0529,8670
-0.0605,7443
-0.000376,4832
0.0805,2332
0.135,2145
0.0659,2304
-0.111,9163
0.237,2251
-0.124,9099
-0.208,7892
-0.126,7927
-0.119,9049
-0.059,8486
0.169,811
0.0316,3759
0.0553,3698
0.132,714
-0.124,9811
-0.116,9797
-0.0693,6344
-0.0352,6203
-0.161,9403
-0.061,7035
0.399,2245
0.0332,3826
-0.0146,5534
-0.148,9255
-0.0257,5539
-0.228,10357
0.0569,3222
0.204,1509
-0.0185,5268
-0.0698,6798
-0.0582,7014
0.294,808
0.0483,3456
0.459,26
-0.167,10304
0.0852,2518
-0.0848,7805
-0.269,5978
0.00629,4356
0.00157,4603
0.142,887
-0.264,10384
0.173,2080
0.119,1778
-0.119,8258
0.0402,3263
0.189,523
0.0365,3967
-0.154,9235
-0.507,10040
-0.286,10115
0.0698,2784
-0.181,6337
-0.144,8918
-0.0478,5950
0.227,665
-0.0185,5936
0.0427,3623
-0.0346,6464
-0.0805,7216
0.27,929
0.0362,3585
0.0116,4575
-0.104,7517
0.0295,3942
-0.188,9215
-0.287,10440
-0.0318,6989
0.11,1072
0.274,546
0.0583,3675
-0.213,8321
0.238,1478
0.15,2467
-0.035,6993
-0.0908,8684
0.108,1883
-0.112,8253
-0.217,7117
-0.0281,5518
0.212,36
-0.142,8797
0.124,2433
-0.118,7679
-0.391,8322
0.00816,4734
-0.0557,7462
-0.137,10150
-0.0366,5459
-0.412,10431
-0.373,8197
0.0277,4415
0.00867,4727
-0.224,8428
-0.0761,7494
-0.178,8777
-0.00973,5604
-0.163,7409
-0.0903,9658
-0.129,9903
-0.105,7969
-0.0624,6779
-0.0747,6924
0.194,2206
-0.0568,6927
0.0466,3242
-0.0995,9169
0.0893,1480
-0.288,10104
0.0727,2934
-0.0236,7608
-0.118,7914
-0.147,8114
0.037,4209
-0.151,8909
-0.0304,5807
0.0452,3938
-0.0239,7885
0.199,1566
-0.297,10039
0.0303,4503
0.0301,3713
-0.0755,8957
0.021,4400
-0.413,9936
0.0639,3353
0.0974,3268
-0.0646,7285
0.26,170
-0.0684,7079
0.0726,2897
-0.262,10150
0.152,1823
-0.117,9143
0.00124,5286
-0.117,10319
-0.131,7302
-0.179,10045
-0.274,8374
-0.0332,6491
-0.103,8768
-0.00482,5351
-0.103,8766
-0.148,8055
-0.0796,8129
0.0297,4238
0.0181,3746
0.0687,2761
0.0527,3731
0.119,2294
-0.188,9365
-0.0478,6521
0.00413,4849
-0.0225,6338
-0.142,8064
0.067,3393
-0.0955,8913
0.0121,4522
0.0295,3529
0.0468,3370
-0.298,9853
-0.0714,7929
0.331,1879
-0.0857,7265
-0.0908,7924
-0.0158,6331
-0.22,9394
0.0449,3922
0.221,665
-0.0805,7067
-0.106,7884
-0.149,9349
0.0366,4207
-0.0401,5304
-0.0291,5561
-0.184,9008
-0.0409,6884
-0.0681,7381
-0.535,7880
0.0597,3435
0.0807,2778
0.083,3266
-0.0325,8129
-0.064,7708
-0.0966,7122
0.0333,4211
-0.0913,8248
-0.0698,7125
0.0238,3618
-0.108,8605
-0.25,9692
0.213,1533
-0.124,8134
-0.0144,5503
-0.0995,9738
0.115,1450
-0.0266,5584
-0.209,8928
0.205,411
0.182,1797
0.164,669
0.00548,4964
-0.301,9498
-0.339,9860
-0.0474,4116
0.136,2614
0.115,1629
-0.169,9432
-0.253,9496
0.0819,3350
0.2,320
-0.195,8467
0.0797,2098
0.076,2328
0.293,1340
-0.121,7277
-0.0198,6263
-0.0563,5920
-0.107,7566
-0.188,10053
-0.283,8122
-0.018,5673
0.0719,3289
0.0732,3922
0.126,816
-0.615,7421
-0.15,8465
0.986,82
-0.0231,6113
0.0322,4314
0.0662,2785
-0.695,10352
0.412,430
-0.502,8689
0.159,2882
-0.0809,6383
-0.0132,5171
-0.109,7533
-0.248,9589
0.00569,4759
-0.0153,5555
0.0328,3372
0.0429,4010
-0.0913,6437
1.86,58
0.0664,3857
-0.0768,7786
0.0351,4230
-0.0223,5968
0.0144,4728
-0.154,8876
-0.202,7063
-0.323,8733
-0.0377,6930
-0.0248,5808
-0.426,10414
0.0865,1570
-0.469,9147
-0.114,8459
-0.121,9879
-0.0731,7581
-0.222,5889
0.138,2140
1.23,70
-0.13,7247
0.0177,4379
0.0732,1612
-0.0411,6103
0.0193,4359
-0.159,5522
0.197,534
0.0432,3728
-0.00703,5258
-0.0676,6235
-0.0476,6394
0.15,1914
-0.141,9181
-0.037,6686
-0.0183,6064
0.122,1890
-0.0328,5725
-0.237,8541
-0.0133,4909
-0.0235,6207
0.05,2218
-0.00253,5102
-0.543,9424
0.213,1391
0.102,2355
-0.0256,5816
0.0429,2602
-0.367,10210
0.115,2733
0.0628,3245
0.201,1535
-0.0136,5238
0.0117,4664
0.141,2508
0.22,598
0.0831,3061
-0.263,9677
0.317,131
0.161,1213
-0.07,7594
0.0571,2002
-0.00685,5048
0.101,2765
-0.0899,9061
-0.146,7865
0.00985,5070
-0.0566,6256
-0.317,8890
0.269,1049
-0.0962,8579
-0.0988,7588
0.0205,4532
0.0569,3683
-0.0222,5630
-0.239,6291
-0.0487,6740
-0.0742,6127
0.251,894
0.154,2770
0.0566,4005
0.183,573
0.0507,3484
-0.107,9181
-0.0363,6781
0.109,2073
-0.072,6649
-0.136,8105
-0.0709,8163
0.0365,3672
0.0164,4688
-0.0103,5487
-0.449,10199
-0.0879,7386
-0.0378,7000
-0.131,9469
0.11,2033
-0.377,10440
0.0567,3803
0.104,2326
-0.18,10181
-0.0348,6220
-0.0392,6722
-0.0562,6735
0.0196,4485
0.242,1999
-0.127,9228
0.00435,4746
0.235,2421
-0.357,9390
-0.0549,7184
0.00794,4816
-0.15,9392
0.127,2606
-0.214,9678
0.045,2329
0.225,633
-0.0569,7894
-0.0904,8971
-0.0468,8076
-0.0926,9862
-0.0805,8554
-0.0374,6818
0.134,768
0.644,9
0.131,1868
-0.00925,5453
-0.216,10132
0.269,304
0.292,323
-0.183,9589
0.0815,1278
-0.284,8296
-0.185,9460
-0.0918,8847
0.122,2076
0.0125,4687
0.218,1204
-0.00572,5042
0.0464,3466
0.0695,2703
1.26,523
0.129,1220
-0.0717,6434
0.0619,3024
-0.0236,6213
-0.31,8485
-0.123,8473
0.101,2323
-0.000273,4927
-0.0113,5194
-0.179,9617
0.0786,3115
0.0588,3288
-0.149,8995
-0.0403,7382
-0.158,8589
0.662,273
-0.0158,4873
-0.253,7438
-0.106,8426
0.199,541
-0.158,9101
-0.175,9903
0.397,891
0.264,2130
0.138,1192
-0.00962,5277
-0.0984,9582
-0.00854,5025
0.00529,4969
0.105,2826
-0.00611,5235
-0.0559,8055
-0.155,7678
0.381,25
0.0191,4557
-0.137,9266
0.0846,1541
0.0895,3097
-0.153,7264
0.239,162
0.102,2972
0.0345,3881
-0.143,10065
0.00376,4917
-0.105,7492
-0.145,8163
0.0391,4356
-0.21,7130
-0.183,10391
0.00019,5097
0.118,1710
-4.46e-05,4740
-0.157,8032
0.0894,3469
0.0645,2629
-0.0487,6503
-0.11,8448
0.237,1443
0.0477,3356
-0.0331,6156
0.0591,3354
0.0103,4730
-0.234,10034
0.0122,4917
-0.367,10015
-0.386,9994
-0.0648,7601
0.0106,4705
-0.161,9630
-0.149,7595
0.315,319
-0.29,6489
-0.0281,6422
0.0123,4763
-0.0776,7177
0.0345,4284
0.156,2412
-0.0153,5246
-0.0825,10133
-0.0972,8367
0.181,1072
0.233,755
0.0685,2839
-0.0344,6950
-0.0689,7639
-0.0789,8274
0.197,2014
-0.147,8189
0.0395,4271
-0.24,8181
-0.112,9140
-0.0772,8288
-0.0379,5695
0.0421,3562
-0.0945,6853
-0.0824,6848
-0.00753,5070
-0.0266,6342
0.0159,4467
-0.0437,6042
-0.321,10330
-0.0186,5783
0.523,23
0.317,176
-0.166,7734
1.05,219
-0.145,7526
0.0517,2189
0.0975,1647
0.0636,3385
-0.132,7852
-0.00265,4889
-0.0847,7859
-0.155,9655
0.163,1372
-0.31,9554
0.166,1781
0.538,39
-0.0493,6959
0.0589,2365
0.0517,3264
0.0189,4770
-0.03,6104
-0.126,9108
0.122,3615
-0.144,10104
-0.0111,5641
-0.106,8220
0.0644,2970
0.0667,3292
0.2,2544
0.323,1173
0.267,157
-0.367,9227
-0.0296,6142
0.42,987
0.258,878
0.0587,2710
0.3,541
-0.0676,7549
-0.115,7482
0.193,2376
-0.284,6523
-0.128,9421
-0.033,6652
0.0664,3426
0.243,1903
-0.346,8601
-0.0855,7625
-0.00632,5311
-0.0229,6229
0.109,1892
0.328,544
-0.0952,3229
-0.0429,6683
-0.0513,6632
0.00895,4962
0.0103,4686
0.319,577
0.345,74
-0.000515,5261
-0.077,7097
-0.00474,5018
0.646,32
-0.112,9564
0.000976,5129
-0.107,8005
0.193,930
-0.293,10237
0.303,377
-0.15,8686
-0.019,5313
-0.0572,6117
0.187,517
0.704,540
0.0449,3923
0.129,893
0.0317,4297
0.0373,3887
0.0264,3359
0.0295,3493
-0.122,6775
0.148,2049
-0.158,8279
-0.0225,5999
-0.0047,5343
-0.254,9909
-0.0393,5892
0.467,1594
-0.418,7846
0.169,2114
0.0769,3077
0.128,2615
-0.391,9222
0.262,536
0.473,77
-0.0555,7499
0.0207,3549
-0.145,7651
0.0148,4778
0.39,1821
-0.146,9674
0.101,1993
0.00351,4761
0.366,201
0.299,782
0.295,507
-0.176,9520
-0.181,10394
0.0585,2889
-0.342,9929
0.365,389
0.308,248
-0.312,8349
-0.106,6979
0.0697,2081
0.0137,4724
-0.301,10266
-0.436,9317
0.0633,3484
0.00371,4843
-0.0948,9197
-0.0406,7221
-0.121,9156
-0.147,9696
0.00317,4828
0.17,532
-0.282,10377
0.257,584
0.00446,4731
-0.0358,5025
0.127,1626
0.134,1426
-0.0472,6527
-0.0931,7213
-0.0985,6947
-0.0922,8871
0.439,556
0.126,1270
0.167,503
0.333,455
-0.117,9758
-0.265,9544
-0.00585,5057
-0.0748,8801
0.126,419
-0.0799,7593
-0.0746,6908
-0.23,9418
0.168,1707
-0.0138,6147
0.102,1436
-0.0871,7511
-0.182,8663
0.169,3175
0.0958,2947
0.137,653
0.135,605
0.541,1742
-0.409,9362
-0.218,9781
-0.187,6375
-0.0195,5514
-0.0451,7521
-0.153,5456
0.0262,4205
-0.11,6699
-0.035,6194
-0.0502,7583
0.214,722
-0.0811,7031
-0.131,10263
0.451,833
0.00451,4884
-0.0642,6416
-0.182,10401
-0.395,10436
0.183,1524
0.093,2416
-0.351,9400
0.373,34
0.23,152
-0.0233,5853
-0.219,9543
-0.0344,5869
-0.38,9463
-0.0959,8470
-0.159,9748
0.753,1239
0.0351,3100
-0.0915,8132
0.327,695
-0.114,7084
-0.044,5761
-0.0494,5561
0.169,743
-0.0714,7509
-0.0285,5343
-0.162,8221
-0.417,9060
-0.144,6506
-0.165,10357
0.0966,1392
-0.132,7930
-0.108,8458
0.0983,1840
-0.163,9389
-0.000992,5218
0.125,1294
0.108,2931
-0.244,7647
-0.262,9154
0.179,932
-0.142,9420
-0.0885,8300
0.259,1462
0.223,759
0.0159,4654
0.0915,2663
-0.0539,6494
-0.0796,7622
0.47,1457
-0.187,8074
0.0223,4660
0.278,724
0.0528,3122
0.0844,1707
-0.171,4394
-0.00138,5150
-0.267,9246
0.0652,1634
-0.058,8511
0.00981,4512
-0.00562,2924
-0.12,5174
-0.34,9499
-0.0335,5878
-0.192,8822
-0.319,6102
0.0618,4144
-0.316,5309
-0.114,6190
0.0432,3319
-0.0274,5415
0.661,166
0.129,775
-0.0743,8881
-0.263,5682
-0.143,6116
0.0321,4079
-0.265,6474
-0.244,8930
-0.0258,6333
-0.141,7845
0.0505,3786
-0.182,8810
0.419,9
-0.0656,6815
0.135,3063
-0.0555,6759
0.189,1617
0.109,422
-0.00316,5252
0.12,2056
-0.129,8488
-0.0333,6405
0.0256,4017
0.109,2647
0.133,853
-0.117,9908
-0.406,5979
0.382,1734
0.242,1959
0.159,2503
-0.0748,7082
0.285,588
0.533,2175
0.333,640
-0.211,9523
-0.18,8328
0.0302,3428
-0.293,9346
-0.239,5572
0.0344,4505
0.0104,4487
-0.00197,5523
0.0694,3578
-0.169,9010
-0.269,9678
0.00728,4843
0.037,3681
-0.0914,7229
0.161,1515
-0.337,9907
-0.0733,7281
-0.121,7134
-0.0098,5343
-0.0237,6525
0.322,1136
0.129,2369
0.298,1574
0.0795,2021
-0.12,9383
0.0901,2799
-0.172,9574
0.0786,2666
0.303,1320
-0.198,8943
-0.0443,5415
-0.0711,8409
0.111,2976
-0.114,6947
0.0935,2830
-0.0908,8230
-0.00302,5222
0.131,997
0.158,3186
-0.336,9267
0.18,468
0.158,2769
-0.0423,7121
-0.203,8463
0.058,3892
-0.264,9780
-0.132,7695
-0.129,7863
-0.0228,5879
0.779,605
-0.207,8538
0.000721,5126
-0.156,8938
-0.108,10146
0.0751,1931
-0.0311,5855
0.238,2939
-0.187,9177
0.17,2350
0.138,423
-0.175,9783
0.0694,2536
-0.0347,6458
0.0607,3905
-0.0714,6971
-0.127,8827
-0.157,8317
-0.0191,6375
0.057,2916
0.107,1552
-0.119,7256
0.285,865
0.0796,2254
-0.13,9538
-0.171,9729
-0.00201,5213
-0.0149,5520
0.0476,3445
-0.0238,6366
-0.0726,7319
-0.209,9343
0.28,632
-0.266,9975
-0.0122,5414
0.166,1171
-0.00575,5218
0.105,1834
-0.0345,6186
-0.112,9533
-0.0312,5858
-0.132,9801
-0.0261,5627
-0.103,7768
0.0525,2732
0.329,1828
-0.0304,6683
0.0474,3752
0.133,1524
0.123,3298
0.471,233
0.31,660
-0.119,8962
0.0519,3128
-0.0727,7330
-0.00127,5092
-0.0897,7492
-0.126,7713
0.0957,1892
-0.0317,6255
-0.245,8291
0.0252,4081
0.117,2316
-0.00483,5228
0.166,1803
0.0945,1239
0.229,501
0.0924,2270
-0.0707,8073
0.115,3148
-0.0663,7317
-0.126,9432
-0.243,9177
-0.468,10295
-0.37,9081
0.0669,2984
0.443,381
0.062,3412
0.0333,4029
0.158,2393
-0.0814,6142
-0.0613,6853
-0.0122,5673
-0.115,9016
0.317,352
-0.103,8670
0.033,3845
0.0431,3637
0.0989,2181
-0.142,8615
0.202,2688
0.0191,4593
0.17,1299
0.0617,2834
-0.0388,6104
-0.0644,6617
-0.0511,6410
0.184,323
0.0444,3866
0.0553,3484
0.115,451
-0.0449,8395
-0.0391,6005
0.0832,2900
-0.0428,6432
-0.169,7773
0.047,3605
0.108,2181
-0.0405,5659
-0.359,10268
-0.0445,6583
0.0584,3556
0.196,461
-0.122,8579
0.284,749
-0.242,9453
-0.164,6143
-0.189,8564
0.144,2535
0.0256,3739
-0.297,9518
-0.405,7108
-0.0874,7390
0.121,1887
0.0651,1423
0.0981,519
-0.303,8750
0.00484,5177
-0.0589,7046
-0.0101,5580
0.00497,5172
-0.000598,5219
-0.186,9475
-0.388,9716
0.023,4078
0.518,134
-0.0613,7518
-0.0453,7764
-0.106,7880
-0.186,9395
-0.285,9600
-0.0482,7253
0.247,1349
-0.174,9781
0.00756,4837
-0.0291,5809
0.798,304
0.219,1601
0.0561,3083
-0.0786,7319
-0.0297,5873
-0.214,9574
0.453,375
0.0482,4041
0.201,333
0.0189,4151
0.362,560
-0.0225,5770
0.0605,3367
-0.116,8869
0.0191,3688
0.0411,3771
0.138,968
0.204,1019
0.0331,4113
-0.141,7980
-0.0441,6807
0.00679,4786
-0.0945,7852
-0.0904,8073
0.456,756
0.502,1090
0.363,16
0.138,597
-0.0337,6117
-0.0012,5060
0.0353,4452
0.0996,2177
-0.0839,7791
-0.0469,8378
-0.206,8750
0.0147,4603
0.215,1948
0.00751,4717
-0.0974,8256
0.0229,4174
-0.225,9753
0.0548,3561
0.0279,4492
-0.336,8867
0.052,3290
0.248,241
-0.15,7698
-0.00782,5481
-0.201,9652
-0.143,8986
0.12,684
0.169,292
0.329,211
-0.132,9531
0.113,2045
0.0357,4179
-0.0229,6173
-0.221,10173
0.107,1672
-0.134,9501
-0.194,8614
-0.0212,5982
0.14,1482
-0.146,8367
-0.171,9881
0.749,283
0.0436,3814
0.0771,1046
-0.12,9210
-0.0361,6666
0.0819,2891
-0.307,7883
0.106,2476
0.00439,4911
0.0852,1752
-0.0202,5384
-0.0744,8292
0.109,1496
0.223,2183
0.0279,3758
-0.036,5786
0.0154,4622
0.0403,4212
-0.355,9975
-0.223,7129
0.102,553
-0.0598,7598
-0.149,8688
-0.235,10002
-0.205,8517
0.137,759
-0.0581,7742
-0.00991,5347
-0.199,8846
0.0185,4458
-0.0949,6762
0.0263,4312
-0.077,6629
-0.215,9592
0.204,2310
-0.19,9785
-0.138,8949
0.207,2570
-0.357,10178
0.26,803
-0.142,6079
0.157,1127
-0.116,7629
0.0519,4085
-0.254,10262
-0.0581,6273
-0.0586,6823
0.119,2217
0.0214,4492
-0.392,10323
0.0508,3752
0.193,1279
0.398,684
-0.29,10194
0.0701,3617
-0.153,7802
-0.00947,5431
0.165,344
0.0995,1592
-0.0914,6790
-0.0587,7821
-0.23,9675
-0.0368,5442
0.133,1066
0.672,303
-0.124,7834
0.0769,3152
-0.104,7389
0.0146,4272
0.127,685
0.0751,3066
0.0948,2231
-0.146,6844
0.13,2872
0.149,1986
-0.0104,5844
0.379,20
-0.251,9320
-0.254,9121
0.092,3119
0.0442,3369
-0.0665,8909
-0.166,9292
0.0591,3011
-0.117,7694
0.119,1500
-0.207,9651
0.0389,3849
0.431,1054
0.491,1283
0.383,1419
0.148,1341
-0.0286,6930
0.0207,4428
0.0745,3837
0.112,3007
-0.218,6131
0.0424,2399
-0.0146,5795
0.275,1875
0.11,1869
-0.0981,6455
0.242,750
-0.0498,7205
-0.178,10294
-0.266,10264
0.0185,4433
-0.0714,6500
-0.303,9598
-0.215,9931
-0.00575,5372
0.196,3082
0.0541,2888
0.0631,2698
0.0732,3068
-0.0379,7116
-0.0513,7988
-0.0471,5920
-0.159,7475
-0.196,6640
0.0145,4526
-0.409,10416
0.00375,4913
-0.128,7706
0.0656,2845
-0.00429,5028
-0.0392,5988
-0.0472,6741
-0.0425,6692
-0.491,7306
-0.0554,7021
-0.0718,7880
0.0957,3677
0.208,201
0.028,3445
-0.257,6025
-0.15,9538
0.656,98
-0.009,5082
0.113,1193
-0.206,9893
0.228,1124
-0.16,8453
-0.146,10342
-0.0169,6206
-0.117,7974
-0.0785,5883
-0.326,9201
0.144,1805
0.419,729
-0.138,8260
0.428,22
-0.062,8126
-0.0508,7338
0.0834,2847
0.00182,5033
-0.0788,10095
-0.127,9369
-0.36,9941
0.00524,4773
0.164,2915
0.178,1499
-0.184,9438
-0.2,7582
-0.0448,6268
0.488,167
0.297,1146
-0.00114,4874
0.0388,3706
0.32,1894
-0.0317,6255
0.326,738
0.0321,4256
0.117,3438
0.0788,2877
-0.0825,8527
-0.217,10282
-0.089,7594
0.09,1980
0.161,1693
-0.236,10179
-0.0674,6751
-0.0187,5551
-0.147,9091
-0.0391,6128
-0.221,8902
-0.501,8152
0.51,95
0.171,1207
0.00883,4766
-0.0889,7243
-0.103,6670
-0.0443,6827
-0.0574,7775
0.0221,1610
0.0618,3519
0.229,1745
-0.0689,6142
0.0144,4506
0.0858,2626
-0.00344,5205
-0.0972,9125
0.221,185
0.417,328
0.0235,4294
0.094,1159
-0.147,8791
-0.00384,5171
-0.21,10110
-0.166,8991
0.00101,4779
0.00363,4822
0.0313,3470
0.0919,2465
0.0247,3887
-0.0634,7442
-0.101,7560
-0.195,9566
-0.0702,7437
-0.203,8477
0.126,2124
0.2,260
-0.0619,6771
-0.0757,7550
-0.236,9840
0.179,1335
-0.0087,5333
-0.128,8594
-0.0234,5882
0.589,226
-0.416,7865
0.115,2638
-0.252,10408
-0.0822,8217
0.0909,1043
-0.128,5956
0.22,1883
0.0426,4541
-0.194,8993
-0.00491,5130
0.0696,2776
0.0493,2404
0.0286,4228
-0.0656,6859
-0.119,7542
0.0582,2788
0.0281,3377
-0.24,9287
-0.169,8927
0.198,795
0.113,3524
-0.0075,5419
-0.0636,7143
0.215,979
-0.264,9685
-0.0094,5000
-0.106,9270
0.0386,3813
0.115,2408
-0.0181,5724
-0.129,7605
-0.162,9071
-0.198,10243
0.132,1735
0.238,291
-0.0973,7543
0.498,86
0.265,288
0.0909,1631
-0.0354,6662
-0.00347,4883
0.456,43
-0.00124,4865
-0.084,8066
0.366,292
0.0334,4146
-0.0132,5577
-0.123,10055
-0.0338,6329
-0.14,8714
-0.0836,8785
0.166,2131
0.143,704
-0.138,8799
0.164,1318
0.00548,4853
0.067,2822
-0.368,9637
0.0994,1762
-0.268,8887
-0.164,9366
-0.127,8584
-0.0932,9081
-0.143,10022
0.201,1116
-0.0152,5842
-0.138,8732
0.00626,4737
-0.062,6451
0.0595,1767
-0.175,8708
0.0327,4089
-0.203,9889
-0.285,9495
-0.187,8781
0.00948,4540
-0.0463,6229
-0.0367,5982
-0.124,5104
-0.0797,7512
0.0242,3861
-0.242,9753
-0.0411,6133
0.0116,4447
0.474,11
0.0458,3767
0.304,1026
-0.115,8984
-0.101,8296
0.341,1367
-0.231,8245
0.0635,2862
-0.0337,6543
0.139,1707
-0.136,8681
-0.102,8387
0.313,741
-0.161,8436
0.128,1322
0.0963,1181
-0.48,10389
0.221,1387
-0.212,9679
-0.118,8827
-0.164,9701
-0.266,10100
-0.0808,7931
0.117,2310
0.0163,4491
0.22,1063
0.112,715
-0.189,9881
-0.312,10148
0.025,4128
-0.284,9456
-0.045,5888
0.091,2626
-0.13,9091
-0.192,6124
0.123,2885
-0.445,10398
0.0923,1963
0.167,1860
-0.00416,5189
0.0685,3396
0.00621,4771
0.47,12
-0.219,9141
0.0427,2653
0.1,1432
0.0276,4056
-0.245,9049
-0.209,8080
-0.0301,5909
-0.179,10229
0.0451,3612
-0.1,8328
-0.241,9716
-0.136,9319
0.148,1709
-0.0159,5804
0.198,156
0.0937,3544
0.0143,4858
-0.213,10091
-0.359,9682
-0.0897,8744
-0.00627,5160
0.0903,2693
-0.0478,6261
-0.0473,7010
-0.219,10174
-0.00821,5242
-0.0897,7904
0.00724,4855
0.211,1302
-0.227,8101
0.0309,3606
0.021,4217
0.0609,2774
0.347,90
-0.0073,5363
-0.0173,5204
-0.298,9138
-0.21,9909
0.147,828
0.264,2385
-0.211,9602
-0.035,6577
0.1,2130
0.0403,2686
0.139,249
0.237,1083
-0.321,9593
0.107,2522
-0.00606,5040
-0.0294,6445
-0.127,9768
-0.05,6623
0.014,4534
0.156,2886
-0.176,9220
-0.00516,5203
-0.0622,7931
0.0249,4496
-0.11,8704
0.175,2720
-0.0291,5497
-0.0617,8326
-0.00478,5281
-0.0226,6002
0.0126,4482
-0.0111,5868
-0.0551,7260
-0.037,6517
0.124,1705
-0.174,9488
-0.0305,5219
-0.0572,6050
0.0363,3784
-0.000702,5028
0.224,843
0.109,499
-0.247,9557
-0.184,9710
0.108,1672
0.214,873
-0.113,9211
-0.243,7660
-0.268,9509
-0.0777,7152
-0.152,7197
-0.192,9894
0.104,2645
-0.212,8746
-0.0855,9397
0.121,1802
-0.123,6936
-0.0845,9489
-0.0589,8863
0.0652,3442
-0.212,7566
-0.128,8770
-0.0147,5776
-0.0573,7212
-0.212,10245
0.00583,4908
0.00603,4837
-0.461,9383
-0.181,8170
-0.0897,7188
-0.00134,4932
0.135,1437
0.133,1851
-0.2,9966
-0.0407,6613
0.0087,4829
0.115,466
-0.212,8331
0.157,1205
-0.00261,5192
0.114,1705
0.0123,4450
0.0285,4224
0.0414,3919
0.0883,3103
0.0742,3931
-0.0811,6115
-0.186,9716
-0.0346,8016
0.0611,3416
-0.0365,6690
-0.126,8482
-0.0715,6496
0.334,290
0.136,1250
0.183,1901
-0.0846,6641
0.0105,4691
0.0547,3375
0.0906,1905
0.14,770
-0.0442,6800
-0.0749,7055
0.111,2522
-0.271,9803
-0.12,9579
0.106,856
-0.00105,4830
-0.0337,5987
0.177,2438
-0.0549,6903
-0.0223,6026
-0.036,6695
0.119,2240
-0.269,10344
-0.253,10198
0.0947,3459
-0.0723,6844
0.0276,3938
0.227,267
0.215,957
0.108,1534
0.0214,3200
-0.0272,6711
0.0574,2682
0.121,824
-0.231,8736
0.000197,4869
-0.0345,6639
-0.0906,6807
-0.214,10019
0.0329,4136
-0.0151,5581
-0.0681,6404
0.254,1792
0.152,1205
0.0358,2817
0.0916,2326
-0.296,10255
0.16,2826
0.0326,4083
-0.143,8404
0.0333,3641
0.0235,4579
0.247,857
-0.0225,5396
0.171,2375
0.0246,4313
0.0645,2810
-0.105,7037
-0.222,8556
-0.0435,6209
0.0174,4264
0.711,149
-0.0704,7785
-0.146,9026
0.0929,2361
0.211,429
0.102,3078
-0.0762,7288
0.232,306
-0.0838,7754
0.148,2153
-0.136,8471
0.4,251
0.0434,3312
0.15,1935
0.24,2222
-0.138,8302
-0.115,8719
0.148,1475
-0.00593,5431
0.0345,3476
-0.236,9779
-0.251,8797
0.204,1240
-0.0658,6664
-0.0516,8695
0.0404,3530
0.458,528
-0.000626,5025
-0.0965,7117
-0.186,9466
0.0446,4047
0.0612,1985
-0.112,8590
-0.306,8527
-0.2,8551
0.07,3374
-0.133,8239
0.0852,2269
-0.0551,6852
0.351,1059
0.207,1605
-0.0453,6730
0.0945,2823
0.0358,3855
-0.0514,6781
0.185,1132
-0.357,10298
-0.0358,6450
-0.117,9140
0.0527,2720
0.33,485
-0.15,8347
-0.283,9569
-0.158,8327
0.0498,2547
0.0574,2696
-0.0137,6145
-0.387,10255
0.128,2832
-0.0824,6591
-0.0685,7703
0.239,889
-0.096,7238
-0.099,8700
0.00642,4676
-0.102,9363
0.0116,4683
-0.0733,7745
-0.0962,7404
-0.0629,7681
-0.0383,5528
-0.151,8577
-0.219,10380
0.0967,520
0.531,23
-0.168,9520
0.262,353
-0.197,8428
-0.0842,8965
-0.0132,5846
0.121,1432
-0.226,9973
0.321,1143
0.0784,3872
-0.164,7925
0.0236,3794
0.363,692
0.0324,4117
0.119,2437
-0.153,7573
-0.0907,9682
-0.168,9962
0.204,2264
0.0554,3320
-0.205,9721
-0.163,9509
0.0946,894
-0.0493,7259
0.0365,4122
0.0385,4424
-0.126,7022
-0.24,10073
0.00958,4022
-0.064,8155
-0.0803,6748
-0.134,9159
0.893,519
1.11,8
-0.029,5768
0.366,51
-0.0251,5769
-0.159,8461
-0.259,10449
-0.0727,5747
-0.0677,8016
0.0186,4223
-0.0581,7029
0.00616,4747
-0.212,8505
-0.109,7399
0.00175,4779
-0.129,4863
-0.0707,6778
0.0381,3898
0.126,2001
0.029,4189
0.0884,1943
-0.0904,8025
0.0154,4248
-0.174,9267
0.061,3539
-0.108,7688
0.13,2192
0.0647,2778
-0.00549,5269
0.00699,4687
-0.27,8348
-0.147,7605
0.0822,2056
0.00236,4857
0.0408,3913
-0.283,9229
-0.21,8676
-0.00841,5687
0.295,737
0.0247,4561
0.114,2050
0.0148,4513
-0.0952,9462
-0.032,6749
-0.185,10434
0.0723,1974
0.174,1283
0.0647,3697
0.414,699
-0.0363,5794
-0.142,7163
0.0407,4464
-0.0366,5573
-0.366,9954
-0.0327,6798
0.0187,4321
-0.317,9711
-0.0308,5772
-0.0637,5873
-0.171,8831
-0.0874,7595
0.0441,4173
-0.0551,8270
-0.0604,7707
0.0598,3011
0.107,1663
-0.0473,7221
0.0576,3011
-0.26,8252
-0.475,9245
0.0215,4350
0.0424,4124
0.243,150
-0.00168,5102
0.768,68
0.0893,3636
0.0979,3242
-0.103,7466
0.0853,776
-0.125,8992
0.0353,4252
0.0546,2805
-0.436,7996
-0.0423,6588
-0.0805,7733
0.246,430
-0.258,10024
0.0192,4300
-0.0136,5118
-0.366,9023
-0.0318,7087
0.0164,4249
-0.143,8279
0.0478,4220
0.043,3540
0.00231,4599
-0.0804,8605
-0.0851,8169
-0.261,10084
-0.0207,5432
0.0188,4595
-0.298,8620
-0.00546,5332
0.0426,3540
-0.273,9759
0.327,69
-0.214,9490
-0.184,9102
0.0853,1667
-0.0525,7169
0.0501,3456
0.0912,2945
-0.106,6921
0.481,733
0.21,1128
0.247,1150
-0.154,8570
0.127,3656
-0.0111,5231
-0.0412,5937
0.0707,1626
1.38,173
0.127,3411
0.125,393
-0.346,10399
0.0442,3098
-0.0681,8283
0.00809,4755
-0.0216,5437
-0.0378,5876
-0.0209,5508
0.263,27
0.171,630
-0.142,9642
0.129,3539
0.05,3465
0.122,3421
0.0443,3615
-0.0365,6433
-0.0326,5659
-0.207,9374
-0.159,8749
-0.175,8787
-0.0724,6497
-0.0104,5519
0.358,482
-0.123,7928
0.0288,4427
-0.218,8616
-0.0659,6787
-0.0504,8401
0.143,2194
-0.00713,5339
-0.133,7584
0.156,1745
-0.139,9459
0.183,1459
-0.254,10120
0.253,1015
0.664,34
0.153,700
-0.108,8643
0.0592,2847
0.000478,4894
0.0263,3616
-0.375,10415
0.0315,3658
-0.0478,6883
-0.0375,6295
0.119,2355
-0.0122,5269
0.263,2037
-0.131,8003
0.157,964
0.512,4
-0.125,8948
0.0556,3544
-0.26,8985
-0.0684,6886
-0.169,10376
-0.147,9547
-0.0629,7564
0.153,1265
0.251,119
-0.079,6152
0.106,831
-0.135,8735
-0.0706,5797
-0.103,7234
0.0876,3553
0.0275,4487
0.0433,3213
-0.118,7831
0.0257,3472
-0.178,7983
-0.113,6933
0.0158,4873
0.346,274
-0.0533,7564
-0.0103,5545
-0.0914,7459
-0.516,9475
0.0755,2216
-0.0947,9395
-0.243,10419
-0.0202,5527
-0.124,7230
-0.286,9766
-0.106,6416
-0.131,10216
-0.00525,5185
0.315,674
0.564,95
-0.0442,7316
-0.076,7866
-0.0815,7902
-0.0406,6746
-0.0903,8019
0.0415,3504
-0.306,9243
0.392,64
-0.215,8749
-0.171,8178
-0.317,6474
-0.0438,5929
-0.0993,8631
0.0805,3052
-0.0991,7478
-0.379,9712
0.0234,3356
-0.0797,7315
-0.141,9328
-0.0565,9382
-0.266,9929
-0.00254,5126
0.0158,4675
-0.124,8384
0.0817,873
0.177,813
0.0658,3053
0.517,585
-0.288,9021
0.0655,3088
-0.0548,6961
0.0172,4481
0.26,2575
-0.204,9276
0.159,2640
-0.175,9127
-0.08,8476
-0.0279,6551
-0.0081,3648
0.167,2292
0.263,621
0.0649,3340
-0.016,6081
-0.19,10300
0.0452,3632
-0.0532,7020
-0.0573,6866
-0.0803,8751
0.031,4139
0.0879,1876
0.135,2325
-0.164,9770
-0.247,9349
0.225,1956
-0.0704,7056
-0.0974,9909
-0.176,9569
0.0494,2289
-0.132,7086
-0.0218,5696
0.0486,2626
-0.0774,8889
0.0218,4325
0.0378,4180
-0.359,9744
-0.0424,6365
0.038,3915
0.0207,4141
0.311,193
0.0883,2588
-0.0921,7666
0.207,602
-0.0926,8277
0.0822,2622
0.164,1452
0.0584,3274
0.0573,2862
0.0307,4532
-0.0153,6033
-0.165,9595
0.36,69
0.087,2180
-0.0697,7093
0.0855,3545
-0.000146,5060
0.235,346
-0.0471,6369
-0.0848,8059
-0.208,10008
0.0128,4598
0.451,8
0.0857,2018
-0.083,6081
0.188,901
0.159,1520
-0.174,7976
0.0163,4309
-0.00702,5538
-0.126,8680
-0.141,9011
-0.1,6221
0.0513,2941
0.625,2
0.00911,4843
0.0482,4179
-0.201,9026
-0.205,9020
0.119,2090
-0.0996,8554
-0.0703,6514
-0.0782,7153
-0.247,9518
0.256,161
-0.162,9479
0.258,60
0.0447,4229
0.0234,4274
-0.261,8622
0.0194,4316
-0.111,8130
-0.127,7924
0.00213,4616
-0.024,5810
0.179,1765
-0.159,7597
-0.0178,6372
-0.173,9094
-0.0707,6588
0.0228,4333
-0.106,7330
-0.112,8103
-0.112,9214
0.17,652
-0.255,9899
-0.0439,5975
-0.201,9567
-0.131,9064
-0.288,10207
-0.0997,7261
-0.0885,7077
-0.119,7318
-0.0856,7334
0.188,928
0.141,2270
0.219,924
0.0304,4091
0.000251,5084
-0.0194,5507
-0.0758,6938
9.59e-05,4802
0.00867,4806
0.161,805
0.0637,2984
0.0818,1799
-0.0287,6320
-0.153,10134
-0.0558,7222
0.037,3523
-0.192,9663
0.0249,3670
0.158,1698
-0.0043,5292
-0.0439,7232
-0.00799,5296
-0.291,9466
-0.157,7520
-0.186,8908
0.0207,4443
-0.0445,8479
0.0169,4555
0.118,2358
-0.142,9281
0.837,13
-0.0122,5174
0.0974,1426
-0.057,6975
0.153,1324
0.0334,4338
-0.0502,6783
-0.111,9504
0.266,379
0.245,637
0.0575,3661
0.0146,4506
-0.371,10074
0.123,337
-6.73e-05,5114
-0.32,9654
0.339,726
0.0952,3167
0.0514,4162
-0.249,10381
0.0763,2768
-0.264,9449
0.0564,3425
-0.0691,6616
-0.0894,6897
0.035,3333
0.0317,3732
-0.0764,7562
0.0154,4607
-0.34,9882
0.218,3213
0.00768,4978
-0.0559,7426
-0.0182,5507
0.153,1585
0.0385,4341
-0.0642,8037
0.0853,2637
-0.158,9126
-0.0177,5531
-0.173,9776
-0.0843,7443
-0.293,7262
-0.0285,6465
-0.0803,7853
-0.0898,4758
-0.216,7045
-0.0575,6631
0.0375,4238
-0.351,10395
-0.0618,7360
-0.167,7799
0.156,2008
0.112,1660
-0.197,9790
0.132,1377
0.0464,2296
0.18,1286
0.221,1448
0.0513,3890
0.215,833
0.0447,2872
0.0405,3343
-0.195,7700
-0.206,8809
-0.0662,6526
-0.081,7747
0.225,290
0.829,1
0.22,1207
0.0932,2599
-0.205,7129
-0.0312,6123
0.599,210
-0.042,7174
-0.107,8753
0.169,1892
0.0539,3131
0.0999,2255
0.186,198
0.256,1191
0.0572,3203
-0.0821,6826
-0.215,8745
0.212,1266
-0.0766,7359
0.185,544
0.352,488
0.395,116
0.00207,5062
0.164,782
0.119,1216
0.00348,4831
0.0052,4932
-0.0136,5514
-0.0257,6502
-0.221,10396
0.0225,4128
0.0233,4017
0.121,760
0.0575,3869
-0.0756,9309
0.0726,3351
-0.0199,5730
0.0707,3289
-0.182,9315
-0.224,9506
0.169,615
0.105,1774
-0.193,10384
0.178,100
-0.374,10428
-0.127,8659
0.136,2904
-0.324,9156
0.00721,4648
0.00755,4698
0.191,833
-0.00389,4879
0.0657,2464
-0.125,6713
-0.0621,7440
-0.104,7867
-0.415,9009
-0.102,6287
0.0589,3861
-0.248,8377
-0.105,7259
0.0919,2377
-0.396,7257
-0.512,7323
-0.0291,5164
-0.41,7847
0.192,1719
-0.0512,6313
-0.135,7685
-0.119,6939
-0.15,10018
0.0458,3580
0.0671,3352
-0.176,9478
-0.219,7519
0.135,2128
-0.0717,8398
-0.182,9591
-0.0903,8086
0.117,1595
-0.104,7028
-0.138,8957
0.0547,1681
-0.198,9948
-0.307,10165
-0.206,8172
-0.0903,8779
0.00861,4580
-0.05,6403
0.413,423
-0.218,9824
-0.0713,6169
-0.311,9171
0.00519,4655
-0.0547,8724
-0.0215,5699
-0.212,9499
-0.14,9002
-0.0767,6720
0.17,1456
-0.0707,8258
0.0161,4533
0.0344,4067
-0.125,9527
-0.176,9064
0.16,552
0.149,584
0.0103,4759
-0.0428,6529
-0.245,9334
0.262,808
0.346,815
-0.0111,5495
-0.0848,8982
-0.0461,6493
0.149,2781
0.0187,4484
-0.0233,5861
0.375,26
-0.00907,5612
0.0425,3625
0.363,402
-0.0709,7882
-0.169,8479
0.257,187
-0.0297,6982
-0.0411,6778
-0.085,8341
0.382,572
-0.514,10278
0.00516,4915
0.0467,3869
-0.127,8579
-0.125,8854
0.405,88
0.195,91
-0.0438,5877
0.0185,4310
0.0889,2705
-0.0974,7928
0.00787,4648
-0.0573,6547
0.0516,2805
0.162,185
-0.00855,5041
-0.109,7777
-0.143,8748
-0.0596,8159
0.142,1311
0.128,819
-0.0771,8019
-0.43,10474
-0.163,9031
0.4,693
0.265,557
-0.0106,5368
0.0891,2921
0.213,371
-0.277,8372
0.0281,4547
-0.00299,5132
0.0484,3061
-0.109,8266
0.0865,2006
0.205,932
0.101,2479
-0.0582,5925
0.1,1471
-0.00732,5323
0.319,452
0.18,1190
-0.299,9824
0.274,353
0.00452,5056
-0.277,10284
-0.0402,6317
-0.319,9673
0.248,1014
0.0275,3373
0.376,1182
0.0763,3292
-0.0214,5763
-0.196,8737
-0.0917,6250
0.0112,4423
-0.0627,8112
0.0671,3608
0.0961,3711
0.0577,3688
-0.0444,5340
0.196,512
0.121,1181
-0.216,9815
-0.0534,7267
-0.181,8187
-0.102,8372
0.22,1011
-0.0892,7338
-0.0282,5753
0.256,1066
-0.0346,5993
-0.0994,8742
0.148,1744
-0.13,7991
0.333,149
-0.0582,5870
-0.243,9830
0.00037,4880
0.108,3218
-0.0493,8030
0.0723,2320
0.115,938
-0.34,9498
-0.296,9578
0.0525,3207
0.0104,4508
0.144,2968
-0.114,9316
-0.0381,6050
-0.105,7765
0.0198,4752
-0.0209,7365
0.0358,3759
0.0876,3385
-0.0989,6289
0.137,2362
-0.15,9755
-0.0185,6614
0.0111,4588
-0.0558,6529
-0.0917,7883
0.0239,4030
-0.0215,5722
-0.0274,6143
0.243,2194
-0.113,8440
-0.109,7642
0.000247,5047
0.129,2734
0.0378,3360
0.133,1707
0.24,1049
-0.0509,6990
0.389,196
0.221,1080
-0.0702,7438
-0.0072,5305
0.0674,2875
0.156,3085
-0.234,10221
-0.09,9805
-0.0556,8644
-0.0688,6576
-0.0641,6836
0.0639,2788
0.0676,2918
-0.0124,5950
0.00885,4851
-0.257,10136
0.114,2379
0.21,1058
-0.158,8619
0.03,4418
-0.0613,7837
0.0928,2480
0.157,2375
0.597,634
0.168,1556
-0.055,6857
0.00773,4545
-0.116,8652
-0.0119,5493
-0.21,8989
0.0151,4575
-0.0582,7469
-0.013,5693
-0.0878,4957
-0.211,9572
0.0548,3348
-0.342,10051
0.0344,3866
-0.11,9204
-0.00557,4954
-0.326,9951
-0.0919,7503
-0.0421,6362
-0.00627,5591
0.172,282
0.162,2427
-0.183,8443
-0.0847,7538
-0.493,6854
-0.0427,7941
-0.0367,6460
-0.202,6194
0.0105,4986
-0.086,7146
0.636,658
-0.0164,5434
0.0295,4023
-0.151,10012
0.137,1412
0.227,925
-0.0017,5357
-0.104,8097
0.187,1442
-0.249,9522
0.116,1860
-0.302,9426
-0.0339,5572
0.0878,1846
0.0545,3243
0.0575,3763
0.146,936
0.301,1132
-0.146,7003
0.29,155
0.0045,4882
0.128,2167
-0.276,9365
-0.0331,5743
-0.011,5870
-0.0211,6527
0.00293,4863
-0.058,7015
0.485,319
0.013,4553
0.0996,3362
-0.172,9905
0.318,222
0.0105,4654
0.136,2730
0.137,1194
-0.0352,6203
0.49,257
0.401,165
0.166,1009
-0.254,7680
0.156,1501
-0.107,4627
0.0279,4026
0.0076,4782
-0.325,10379
-0.232,10042
-0.123,7491
-0.0501,3793
-0.0138,5951
0.209,2969
-0.00341,5147
-0.0421,6526
-1.22,9946
-0.0364,5585
0.0962,1608
0.107,2123
-0.0105,5460
0.134,1151
-0.0633,7855
0.0894,2834
-0.0781,7650
-0.0388,7122
0.0472,3862
0.0339,4023
-0.123,5259
-0.019,5216
0.0448,2869
0.0801,1406
0.338,1275
-0.201,8200
-0.0513,6615
-0.0135,5396
0.0529,3018
-0.0648,7855
0.144,1222
-0.084,6845
-0.511,9838
-0.233,8740
0.0155,4245
0.106,1778
0.462,616
0.0462,3805
0.267,464
-0.0266,5604
0.0472,3127
-0.0657,7190
-0.239,9938
-0.158,9971
-0.0278,6374
0.0439,3575
0.0931,2062
-0.00996,4907
0.209,1634
-0.0424,6990
-0.055,7162
0.0102,4676
-0.0836,7453
0.00828,4740
0.171,1216
-0.0521,7269
-0.031,6608
0.0857,3225
0.0315,3940
0.209,739
-0.206,9466
0.294,1931
0.0147,4456
0.00906,4832
0.199,516
0.196,1639
-0.0203,5558
-0.0546,7264
-0.127,8941
-0.017,5193
-0.159,9148
0.225,430
-0.145,7797
-0.0705,8107
0.128,1365
-0.405,7480
0.228,771
-0.16,7941
0.159,1305
-0.0195,6427
-0.0106,5482
-0.101,7117
0.353,168
0.0557,3164
0.19,1678
-0.058,6929
0.138,1739
-0.331,10056
-0.235,9964
0.0289,3825
-0.0175,5669
-0.065,6904
-0.143,10329
-0.125,8852
-0.0459,6809
-0.151,8578
-0.0219,6204
-0.0338,5872
-0.012,5901
0.0753,4101
-0.075,6072
1.02,87
0.264,839
0.00352,4916
0.0303,3777
-0.0115,5842
-0.0604,7086
-0.11,7592
-0.0241,5904
-0.0202,6481
-0.138,7859
0.0891,2902
-0.262,8997
0.114,3212
-0.258,9853
-0.137,7818
-0.183,9892
0.139,1519
-0.0365,6487
0.168,437
0.0424,3419
0.395,47
-0.173,9311
0.302,656
-0.175,8183
0.0176,4351
0.0525,3451
-0.0436,6766
-0.0843,6990
0.00617,4644
0.0728,3232
-0.283,8728
0.244,57
0.0257,4333
-0.247,10214
-0.212,9328
-0.172,9873
-0.0396,7955
-0.455,10343
-0.182,10015
-0.0948,8765
0.0416,3577
-0.298,10194
0.0225,3677
-0.129,9013
-0.0573,6516
0.219,1808
-0.162,8884
0.531,518
-0.139,9436
-0.13,7624
0.0199,4355
-0.0778,7976
-0.197,8968
-0.408,10200
0.0359,3213
0.2,1244
0.197,1519
-0.36,10119
0.0944,3561
-0.324,10038
0.0839,2446
-0.0609,6449
-0.179,8254
0.0932,2499
-0.0642,6131
-0.24,9178
-0.136,8119
0.0359,3553
-0.0159,6176
-0.148,9113
-0.16,9300
-0.235,8704
0.0126,4399
0.108,1309
0.211,1040
-0.161,8429
0.0272,4473
-0.198,8462
0.0423,3472
-0.0307,6245
-0.293,9617
0.223,591
-0.0333,5863
0.0309,3314
0.0519,2886
-0.289,10277
-0.176,8183
-0.0596,7482
-0.0989,7947
-0.00992,5640
-0.13,8411
-0.194,9908
0.0113,4583
-0.183,8604
0.251,2247
0.373,1044
0.00673,4760
0.00327,5034
-0.0607,6956
-0.163,7992
-0.134,7934
0.0856,3902
-0.0229,6296
0.0163,3979
-0.128,6988
-0.185,8295
0.216,745
-0.0955,8289
-0.0336,5689
-0.00545,5200
0.0502,3621
0.121,2692
0.0564,3564
0.197,890
-0.191,8223
-0.126,8852
-0.0663,8004
-0.117,9271
-0.0828,7145
0.617,70
-0.0344,6805
-0.0385,6697
0.00986,4726
-0.255,9864
-0.163,9861
-0.336,9321
-0.177,9819
0.073,2512
-0.0104,5110
-0.116,9241
-0.111,6885
0.0319,3957
-0.125,8810
-0.141,9683
3.12,76
-0.265,9594
0.00132,5181
-0.0171,5323
-0.0788,6219
-0.0733,7606
-0.0896,6731
-0.541,8443
0.11,1855
0.141,317
0.044,2524
-0.0865,7666
0.0148,4102
-0.161,8268
-0.249,8483
-0.0317,5982
0.0142,4399
-0.288,10204
0.752,222
0.373,618
-0.303,9434
-0.149,9865
-0.013,5900
-0.159,9035
0.105,2741
-0.12,6848
-0.232,9439
-0.1,8017
-0.0938,9965
0.0402,4328
0.487,14
0.216,264
-0.244,8761
-0.0265,5756
0.0601,2378
0.00345,5123
-0.0776,6533
-0.255,9761
-0.674,8469
-0.208,10200
0.111,747
-0.129,9057
-0.0516,6499
0.101,2951
-0.0412,6978
0.0186,4377
0.00747,4780
-0.138,9367
-0.256,9933
0.0547,3796
-0.0529,6308
-0.0379,6031
0.0268,3658
0.277,144
-0.0718,6468
0.174,1272
-0.101,7455
0.00224,5009
-0.107,8571
-0.0204,5794
-0.129,8701
-0.0764,7225
0.0365,3476
-0.0177,5847
-0.0713,7687
-0.0219,6128
-0.0517,6648
-0.108,8674
-0.335,9373
-0.11,7967
0.0151,4110
-0.0102,5609
0.0063,4957
0.306,891
-0.359,10353
-0.114,8076
0.202,365
0.0394,3801
-0.0988,6856
-0.233,10357
0.0336,4114
-0.301,9659
0.0115,4448
-0.108,8003
0.647,174
-0.0192,6059
0.23,1106
-0.0706,6984
0.024,4572
0.196,1527
0.225,552
0.0861,1427
0.178,1029
-0.239,9564
-0.158,8749
0.0399,4242
-0.14,6235
-0.202,8462
0.0219,4112
-0.0813,8490
0.0135,4546
0.0053,4602
0.267,1864
-0.0227,6070
-0.138,10176
-0.0098,5264
-0.122,8711
-0.502,8625
0.0573,3919
-0.0341,5661
-0.139,9525
0.0286,3961
-0.123,8739
0.185,753
0.00991,4575
-0.175,8553
0.183,1789
-0.0448,7667
-0.0627,7758
-0.236,9093
-0.00752,5267
-0.0838,7829
0.283,77
0.0888,2761
0.0655,2958
-0.0346,6983
-0.0735,6998
-0.159,10256
0.271,253
0.035,4094
0.307,330
-0.231,8030
0.0457,3675
0.154,1526
-0.0839,7644
0.0645,3376
-0.0251,5930
0.0317,4007
0.072,3697
-0.00318,5256
0.111,2191
-0.133,8262
-0.148,9789
0.015,4784
0.182,1939
-0.0535,8853
0.0686,2966
-0.00333,4894
-0.337,8980
0.104,814
-0.201,10112
-0.129,8826
0.0689,1914
-0.158,9898
-0.0282,6138
-0.00633,5092
-0.198,8331
0.0536,3431
-0.0175,6585
-0.112,7370
0.202,1292
0.564,112
0.325,423
0.0608,3280
0.0666,3155
-0.359,10036
-0.178,9421
-0.0177,5163
0.0507,4153
0.0889,2866
-0.0966,7510
-0.155,9118
0.283,944
0.279,2480
-0.367,8448
-0.0178,5842
-0.235,8976
2.79,183
-0.0749,5032
-0.439,9953
0.12,2592
0.071,3367
0.0236,3837
-0.0296,6182
0.0664,3602
-0.125,9018
0.0256,4178
0.224,93
0.0217,4011
0.142,924
0.165,472
0.0205,4337
0.366,768
-0.0818,9476
0.0725,1152
-0.0167,5679
0.189,2086
0.151,1346
0.036,4211
-0.0921,8364
0.0652,1769
-0.29,10195
0.00993,4653
0.0818,1786
-0.123,6840
0.0546,3063
-0.0756,8226
-0.000189,4923
0.178,1030
-0.0935,6858
0.071,3378
-0.0828,8140
-0.177,10074
0.413,164
0.277,204
-0.194,7578
-0.0308,5577
0.00346,5007
-0.123,8039
-0.0918,8984
-0.0192,5434
-0.134,8158
-0.173,10369
-0.14,8200
0.25,688
-0.155,8444
-0.182,9775
-0.084,7041
-0.115,7706
0.233,49
-0.163,9973
-0.26,10166
-0.149,8181
-0.0189,5167
0.165,2272
-0.0488,7725
0.0058,4800
0.158,2430
-0.362,9133
-0.141,7482
0.00754,4927
0.0474,3957
-0.21,8220
-0.00693,5157
-0.33,10319
0.171,693
0.152,2440
-0.0466,5812
-0.071,7210
0.0578,3278
-0.14,9165
0.0685,3402
-0.113,6182
-0.0717,7818
-0.109,8207
-0.0105,5638
-0.0741,6644
-0.276,8075
0.118,1351
0.14,2051
-0.0561,7355
-0.276,8171
-0.0241,5728
-0.176,9757
0.198,969
-0.0447,7752
0.102,1465
0.113,1785
0.038,3563
0.206,2217
-0.124,8108
0.00572,4826
-0.0849,8240
-0.0126,5252
-0.111,8027
-0.0248,5577
0.137,2096
-0.0819,7830
0.00349,4909
0.183,406
-0.00271,5081
0.048,3543
0.0231,3570
0.137,278
-0.047,7638
-0.0398,6600
-0.0584,6448
0.29,646
-0.312,10382
-0.0272,7344
-0.0852,7735
0.0743,1469
0.0873,3020
0.0148,4544
-0.06,6488
-0.16,7933
-0.0412,6712
0.324,1069
-0.041,6670
0.245,11
-0.235,9065
-0.102,8535
0.0229,4243
0.0356,4049
0.308,394
-0.29,9905
-0.137,9740
-0.0569,7892
0.083,1419
0.0574,2030
0.219,404
0.606,396
0.415,307
0.0699,2126
0.106,1845
-0.349,10330
-0.0214,5508
-0.186,9639
-0.223,10153
0.131,1366
0.0547,3589
0.105,2119
0.402,255
0.0198,4181
-0.0455,7001
0.0931,2176
-0.202,9025
-0.0486,6483
0.107,2450
-0.0148,5745
0.325,180
-0.21,10044
0.127,2204
0.82,303
-0.187,7343
-0.135,8667
0.478,326
-0.15,8095
-0.131,9279
0.454,1088
-0.0876,6620
-0.15,8402
0.0815,3338
0.22,267
0.00115,5002
-0.241,9779
-0.0923,7163
-0.082,7188
0.0995,3264
-0.0183,5858
0.167,1403
-0.264,10286
-0.0669,7090
-0.025,6466
-0.232,8997
0.0983,1845
0.038,3169
-0.0463,6346
-0.0164,5513
0.246,269
0.135,2205
-0.0991,8528
-0.237,9264
-0.135,8057
-0.149,9349
0.401,2116
0.166,2046
0.027,3747
-0.119,7614
-0.117,9027
0.143,2655
0.294,390
-0.0484,6262
-0.222,10075
-0.0832,8260
0.0208,4476
-0.097,8062
-0.0868,7821
0.243,414
0.0216,4497
-0.0688,8989
0.00219,4990
0.0188,4073
-0.00844,5536
-0.236,9601
0.0148,4629
-0.0658,7089
0.0678,3302
0.0854,3419
-0.243,9055
0.572,32
-0.0166,6017
0.0283,3835
-0.318,10112
0.00133,5027
0.023,4117
0.206,1027
-0.0419,8276
-0.0342,7813
-0.0418,7058
-0.0359,5743
-0.0706,7353
0.0703,2735
-0.211,10257
0.047,3204
0.00722,4826
0.0598,2757
0.195,2435
-0.425,9309
-0.122,8754
0.659,65
-0.125,8141
-0.174,8561
-0.0881,7564
-0.189,9448
-0.0419,6001
-0.0669,7678
-0.11,4165
-0.0111,5400
0.151,2622
-0.119,7118
0.0357,2812
0.0775,2814
0.642,2
0.103,2176
-0.0118,5351
-0.346,10162
0.0468,2824
0.102,1486
0.0296,3709
0.23,1875
0.128,2310
-0.169,6636
-0.121,9977
0.305,130
-0.0128,5241
-0.212,9641
0.287,1185
-0.225,8614
0.0217,4316
0.0673,3074
-0.288,9781
0.0157,4390
0.227,639
0.0326,4469
-0.0355,6726
0.0131,3563
-0.131,7064
-0.308,9409
-0.262,9722
0.237,398
-0.0682,8952
0.327,223
0.033,4011
0.0267,3835
0.0666,3421
0.201,704
0.123,1580
0.0298,4306
0.138,1663
-0.0315,6434
0.284,809
0.108,1438
-0.0155,5917
-0.0182,6386
0.0895,3672
-0.0441,6888
-0.0948,4899
-0.0606,8239
-0.0057,5035
-0.0217,6131
0.00456,4824
-0.131,9572
0.391,1203
0.309,859
0.0947,1585
-0.0628,7442
0.0927,1919
-0.227,8504
-0.31,9651
-0.252,8994
0.0492,3802
0.18,524
-0.187,10288
0.0722,2804
-0.0369,6479
0.447,344
0.157,556
0.0398,3121
-0.238,9115
0.0608,3272
0.438,155
-0.15,9500
-0.0543,7468
-0.0361,5637
0.095,2783
0.0129,4826
-0.312,9987
0.0456,4169
0.0754,2715
-0.071,8791
-0.187,7745
-0.0688,6495
0.39,190
-0.14,8451
0.298,363
0.0295,3833
0.208,978
-0.0535,6169
0.371,626
0.456,86
-0.189,10054
0.0513,3762
0.0709,3793
0.111,2376
-0.0532,5153
0.00197,4988
0.00684,4612
-0.13,8843
0.195,1970
-0.112,8172
-0.0102,5884
-0.102,7833
-0.0627,7179
0.0873,3268
0.1,1954
-0.0135,5266
0.028,3871
0.101,2460
0.18,386
0.00658,4617
-0.434,9909
-0.18,8721
-0.117,6043
0.39,1152
-0.0654,6871
-0.0849,7221
0.23,1287
0.0393,3984
0.156,893
-0.261,9982
0.144,643
0.0317,3867
0.0133,4731
-0.119,7218
-0.0227,6653
-0.3,9848
0.182,1780
-0.0266,5807
0.0209,4546
0.00814,4831
0.0174,4572
-0.289,7540
0.146,1074
-0.0893,9222
0.529,16
-0.0524,7407
-0.169,9636
-0.173,8681
-0.0933,10054
-0.00919,5703
0.0795,2677
-0.043,7009
-0.247,7937
0.926,906
0.0189,4482
-0.18,10090
0.0143,4615
-0.096,5940
-0.375,7546
0.124,3161
-0.00974,5054
0.375,1868
-0.193,10079
-0.136,8528
-0.393,10401
0.255,1169
-0.0551,6823
-0.0735,7691
0.152,1570
-0.00747,5467
0.0899,3281
-0.0392,6090
-0.109,9505
-0.144,8559
0.0926,2650
0.118,1056
0.0463,3048
0.0863,2937
0.00474,4697
-0.0323,6719
0.227,870
-0.106,7507
0.0804,2628
-0.289,9474
0.0479,3194
0.0982,1831
-0.383,9937
0.418,387
-0.000649,5362
0.0858,1471
-0.332,9284
0.0675,3213
0.11,1294
0.0224,4342
0.299,1320
0.219,865
0.0138,4561
0.329,131
0.00831,4873
-0.0158,5684
0.0309,4016
0.126,628
-0.00255,5197
0.206,1390
0.345,1321
-0.304,8464
0.0543,3368
0.00685,4739
0.0783,1857
0.0925,1706
0.0325,4030
0.129,1405
0.22,1397
-0.0985,7058
0.201,552
-0.0463,6321
0.39,729
-0.167,8621
-0.0899,6538
0.0873,3799
0.218,430
0.025,4262
0.0379,2962
0.183,2090
-0.201,9565
-0.297,9297
0.0428,2824
-0.215,10121
0.292,274
-0.13,7635
0.00779,4797
-0.257,9005
-0.0098,5331
0.262,126
-0.163,8922
0.242,590
0.133,1971
0.0701,3252
-0.0491,7751
0.313,485
0.116,1649
-0.14,9397
-0.0889,7682
-0.303,10312
0.207,1434
0.0182,3939
-0.0712,6592
-0.0018,5071
-0.172,7648
0.0573,3167
-0.0669,7542
-0.0701,7281
-0.214,9321
-0.316,9967
0.0737,3528
-0.599,10209
-0.0507,6641
0.0546,2478
0.189,702
0.052,3696
-0.0562,7067
-0.208,7729
-0.0502,6273
0.0637,2829
0.17,2400
0.287,362
-0.22,8917
-0.0134,5697
0.0309,3851
-0.081,8185
0.0776,2531
0.375,423
-0.125,7610
-0.0907,7177
0.344,40
-0.137,9437
0.0606,3426
-0.0116,5252
-0.117,9453
-0.00822,5228
0.13,290
-0.0165,5680
-0.0798,8541
0.0853,3038
-0.0359,6733
0.0187,4594
0.0738,2111
0.16,462
-0.008,5348
0.124,2492
0.018,4365
0.174,2053
-0.034,6313
-0.00271,5372
-0.184,9982
-0.142,8365
-0.104,7203
-0.064,6011
0.0578,1453
1.98,214
0.483,118
-0.0939,7077
0.0185,4698
-0.0354,6242
-0.109,9605
-0.276,10353
-0.255,9900
-0.247,9229
0.183,2069
-0.16,7915
-0.0377,6811
-0.134,8691
0.253,2588
0.0445,3910
0.348,1252
-0.067,6910
-0.104,9163
-0.0833,8850
0.228,1654
-0.141,9108
0.0686,3488
0.413,184
-0.269,10381
-0.0577,8360
0.0106,4727
-0.0319,4889
-0.152,10199
0.0204,4550
-0.163,10191
-0.14,9898
-0.279,9932
-0.311,10339
0.249,437
0.0401,3961
-0.0789,8790
-0.167,9369
-0.318,9355
0.00192,5098
-0.0648,6422
-0.0758,6996
-0.0927,8328
0.148,1147
-0.102,7576
0.166,494
0.799,103
0.251,364
-0.0454,6362
0.0423,3892
-0.0915,6469
0.281,1217
0.0214,4344
-0.183,8037
0.0625,3029
0.0226,3790
-0.137,8816
-0.0256,6386
0.0275,4397
0.341,233
-0.172,6411
0.231,505
-0.124,7086
0.0168,4661
0.189,2326
0.0713,3310
-0.0397,6997
0.0306,4208
-0.172,7378
-0.0246,5919
0.0107,4726
0.0752,3472
-0.00761,5522
0.173,107
0.0249,4753
0.305,605
0.0799,2722
-0.101,7635
0.146,1239
0.0571,3284
-0.204,9692
0.21,1430
-0.232,9798
0.0924,2537
0.0687,2200
0.00307,4901
-0.0321,5636
0.147,1757
0.107,3153
-0.0393,6359
-0.266,10461
0.126,1430
-0.0739,8128
0.0161,4453
-0.0279,5927
-0.157,8493
0.156,359
0.483,6
-0.0129,5645
0.137,1469
0.157,3092
0.0176,4651
0.0601,1826
-0.0252,5844
-0.289,10308
-0.122,8147
-0.0761,6114
0.019,4632
0.124,1361
0.0679,2712
0.0834,3162
0.013,4673
-0.0104,5296
-0.291,8928
-0.104,9965
0.254,158
0.0594,3216
-0.291,10282
-0.465,10287
0.117,3050
0.063,3249
-0.354,9965
0.0228,4320
0.15,1163
-0.0535,6563
-0.0894,7769
0.456,290
-0.101,9212
0.0683,3259
-0.217,9274
0.227,1809
0.0509,3474
0.0158,4166
0.338,4
0.208,836
0.253,1800
-0.447,7153
0.101,2323
0.0244,4424
-0.0482,7065
0.00126,4918
0.0753,3369
-0.061,7173
-0.0108,4912
0.0483,2507
0.205,62
-0.00184,5181
-0.139,8412
-0.325,9974
0.563,257
-0.0164,5995
0.223,315
-0.108,7694
-0.0678,6988
-0.111,7656
-0.144,8744
-0.188,9211
-0.149,9985
-0.137,10126
-0.19,9756
-0.295,9757
-0.0587,6125
0.111,1402
0.0699,2446
0.205,1651
0.0392,4098
0.033,3963
0.0413,3004
-0.00879,5601
0.198,289
0.0668,3276
-0.201,8946
0.455,1538
-0.257,9085
-0.0372,6364
0.0964,1008
-0.24,8797
-0.05,6112
0.0656,3279
-0.0031,4703
0.112,1926
-0.0388,6162
-0.0108,5417
-0.0225,5931
-0.0838,7693
-0.0432,5359
-0.0274,7289
0.0243,4279
0.164,2034
0.0318,4174
0.195,615
-0.00542,5349
0.043,3910
0.216,163
0.103,1439
-0.0114,5341
-0.227,7872
0.123,2619
-0.0565,7634
-0.0304,5426
-0.31,10264
0.253,313
-0.0577,6046
-0.0114,5873
0.108,1923
0.119,2338
-0.0477,6651
0.222,1536
-0.147,8267
0.1,3404
0.113,992
-0.0475,6475
-0.0367,5790
0.15,1959
0.117,2500
-0.209,8482
0.0372,3977
0.0246,4519
0.162,922
-0.0242,6093
-0.264,9575
-0.26,10458
-0.109,9240
-0.129,8963
-0.0694,5854
-0.00184,5133
0.503,264
-0.0147,5821
-0.157,9957
-0.033,6996
-0.0188,5814
-0.196,9541
0.18,1465
-0.0715,8487
0.0831,1209
0.228,35
-0.493,9300
-0.236,10050
-0.148,10075
-0.248,10228
-0.0239,5802
0.216,202
-0.163,8744
0.0867,3079
-0.0635,6792
0.0831,3217
-0.0709,7870
0.275,373
0.0386,3759
0.343,372
-0.0234,6079
0.00371,4997
-0.0198,6237
0.0617,2964
-0.191,9186
0.00536,4648
-0.128,9817
0.117,1347
0.335,402
-0.0581,6441
0.262,308
0.031,3738
-0.09,7869
0.624,83
-0.125,8583
0.206,167
-0.0595,6304
0.195,1024
-0.0378,6234
-0.00453,5327
-0.0225,6246
-0.214,9733
-0.172,9369
0.013,4806
-0.103,6083
0.078,3134
-0.0749,6923
0.167,1963
-0.0237,5741
-0.192,9627
0.056,3730
-0.218,8647
0.155,522
0.242,146
0.0576,2833
0.212,649
0.411,157
0.0221,3724
0.096,1210
-0.0474,6802
-0.342,10251
-0.0585,6577
-0.114,8219
0.0624,3932
-0.00277,5229
0.0978,1774
-0.0593,7296
0.013,4659
0.277,2114
-0.114,7095
-0.0926,8709
-0.15,8444
0.039,3615
0.0527,3438
-0.118,8348
-0.103,8599
0.0226,4398
0.0152,4407
0.0226,4516
0.161,1353
-0.0611,6648
-0.0304,5952
0.395,190
-0.193,9138
0.852,27
0.349,485
0.179,2262
0.135,1792
-0.067,7951
0.269,590
0.445,52
0.21,1248
0.022,3982
0.79,6
-0.0638,6762
-0.0285,6634
0.0249,3874
-0.175,9297
0.0596,3876
0.0684,2187
-0.118,9551
0.0238,3739
0.146,1189
0.0297,3674
0.0441,4012
0.093,1570
0.329,742
-0.0622,5892
0.0401,4136
-0.054,5951
-0.0887,7655
-0.122,7079
-0.23,8844
0.0665,2302
-0.15,7974
-0.0222,5611
0.0323,4668
-0.135,10019
0.0332,3970
-0.119,9172
0.0121,4676
-0.0124,5329
0.131,1041
0.0718,3671
-0.0473,6796
-0.115,8593
-0.0111,5879
-0.0502,5693
0.0843,3179
-0.00659,5389
-0.0215,6690
0.0767,1233
-0.0679,7459
-0.312,10061
0.337,261
-0.0455,5876
-0.157,9396
-0.0187,6097
-0.321,9340
-0.0735,7670
0.21,573
-0.294,9856
-0.125,9169
-0.00933,5554
0.14,2121
-0.154,7692
-0.028,6662
-0.0424,5600
-0.216,10342
-0.138,9142
-0.175,9607
-0.0588,6782
-0.196,7755
-0.149,9666
0.0382,3737
0.133,768
-0.337,9882
-0.142,7358
-0.387,10293
-0.054,6776
-0.274,9606
-0.0639,6979
-0.184,8793
-0.0537,6887
0.097,2885
-0.0668,7218
-0.0078,5662
-0.134,8982
-0.038,6196
0.551,650
-0.148,8489
0.0821,2083
0.308,61
-0.201,9561
-0.0606,6131
-0.105,8400
-0.217,8581
0.0565,3212
-0.077,8791
0.064,3259
0.0753,1933
0.055,2922
-0.124,9261
0.0099,4662
0.106,1306
-0.254,10421
-0.0156,5192
-0.00244,5320
-0.0483,6407
0.172,646
-0.0121,6191
0.128,739
0.0373,4170
-0.193,9344
-0.208,9698
-0.0796,6405
0.00839,4476
-0.205,10177
-0.19,8640
-0.0958,7673
-0.00323,5303
0.128,959
-0.0266,5800
-0.0637,7438
0.18,926
-0.0562,6011
0.0886,2900
-0.327,9695
-0.115,9468
-0.00995,5485
-0.0643,7309
0.328,147
-0.0719,7289
0.000761,5089
-0.0356,6336
0.0599,3110
-0.0187,5700
-0.149,7943
-0.273,9479
0.0612,3671
-0.244,9867
-0.082,7983
0.182,1799
-0.313,9534
0.0611,3056
0.311,292
-0.133,8985
-0.213,9747
-0.11,7437
-0.332,7244
-0.0246,5799
-0.0406,6164
-0.133,8513
-0.0781,9018
-0.141,8831
0.0668,3388
0.292,1242
-0.042,5946
-0.119,9701
-0.000585,5166
0.185,1322
-0.129,8154
-0.107,9096
-0.119,8285
-0.0809,8134
-0.111,9159
-0.036,6456
0.21,508
0.0395,3500
-0.3,9175
-0.0447,6382
0.0419,2395
-0.0854,7540
-0.256,10429
-0.294,9315
0.0389,3800
-0.0309,7256
-0.0184,6030
0.0853,2667
-0.213,10042
-0.261,10053
-0.00535,5158
-0.223,9949
0.0223,3851
-0.0453,7194
-0.106,7672
-0.374,9138
0.0479,3965
-0.0552,7382
0.00474,4864
-0.0536,7260
-0.0828,7614
-0.14,9790
0.151,823
-0.00529,5470
-0.0938,8922
0.227,605
0.428,450
0.0341,3325
-0.609,10095
-0.0918,6907
0.182,1041
0.417,842
0.377,21
0.0464,3399
-0.352,9479
-0.0442,6412
0.0403,3432
-0.0108,5571
-0.00557,5126
0.301,196
-0.00201,5024
-0.155,9391
0.0514,3398
-0.0323,5692
0.37,570
0.00951,4745
-0.2,8978
-0.00498,5230
0.00308,4758
-0.399,10311
-0.13,9468
0.0375,4102
-0.0368,5902
-0.0601,6829
-0.0366,5895
-0.0697,7123
0.0354,3934
-0.0867,6295
-0.0556,6076
-0.158,8737
0.0146,4677
-0.355,10243
-0.283,9123
-0.0362,6559
-0.0256,5606
-0.092,8042
-0.0561,7087
0.0316,4049
0.153,1878
0.21,1489
-0.00604,4943
0.000953,5221
-0.17,9233
0.0385,3558
0.0504,3390
0.262,1110
-0.0435,5705
-0.172,8897
0.0263,3935
-0.191,8949
0.344,238
-0.337,8002
-0.127,7624
0.257,646
0.0557,3423
-0.0494,6220
0.023,3984
0.0633,3151
-0.0212,5821
0.0541,2620
0.172,1172
0.127,1680
-0.0581,6930
1.01,224
0.00713,4750
0.127,736
-0.184,8689
-0.233,10047
-0.121,7251
-0.00871,5223
0.185,507
-0.118,8365
-0.255,9758
-0.162,8171
-0.0885,6986
-0.259,9694
-0.0439,6492
0.0786,2248
0.0615,3624
-0.0674,7943
0.141,1350
0.122,2592
0.00679,4842
-0.00521,5156
-0.0374,6332
-0.00102,5121
0.159,1250
0.0484,4144
0.112,1373
-0.0446,6916
0.15,3122
-0.0205,5455
-0.331,9732
-0.125,8479
0.0627,2463
0.229,1437
-0.0824,6621
0.0299,4220
-0.0411,6462
-0.00533,5359
0.206,1050
-0.0275,5945
0.0215,4408
-0.128,8532
0.223,538
0.206,754
-0.0582,7443
-0.118,9557
0.0535,3833
-0.166,9117
-0.00617,5298
0.0477,3428
0.26,331
0.0872,2152
-0.138,8009
0.112,1147
0.514,2
0.00644,4932
-0.0276,6149
-0.218,9724
-0.288,9614
-0.0184,5495
0.101,3226
0.192,535
-0.0422,7404
0.18,332
0.0336,3412
0.127,1833
0.0773,3110
-0.0294,6831
-0.0725,9219
-0.209,9876
0.0025,4962
0.126,2254
0.105,3028
0.0236,4383
0.107,2746
-0.183,9799
0.00507,5030
0.14,1659
-0.304,9938
0.214,99
0.116,2282
-0.0492,6853
0.131,1379
-0.0641,6116
-0.0826,7316
0.104,1890
0.153,887
-0.249,10138
-0.0609,6605
-0.0241,5588
-0.00508,5138
0.17,523
0.0411,3580
-0.0766,7650
0.0763,3364
0.361,661
-0.0547,6590
0.0476,3584
-0.112,8540
-0.124,7948
-0.0523,6100
-0.0887,7097
-0.127,8534
-0.0649,7941
0.124,1203
-0.0371,5972
-0.0146,5789
0.0526,3751
0.272,686
-0.0299,6322
0.179,1589
-0.0355,5989
0.0775,1961
-0.0526,6882
-0.018,5635
0.0364,3311
-0.139,6197
0.276,677
-0.683,8311
-0.299,6307
0.0502,3116
0.0512,3945
0.125,3072
-0.0114,5269
-0.0663,7224
-0.0572,6579
0.0263,4130
-0.00435,5448
0.204,924
-0.152,8831
-0.216,9059
0.117,2531
0.132,1534
-0.0443,5642
0.312,921
-0.0516,6426
0.169,1395
0.204,1880
-0.199,8901
0.167,94
0.0773,3686
-0.0223,5640
0.15,2295
0.104,2459
0.0445,3541
0.0417,4147
-0.0579,6800
-0.0248,6557
-0.182,6384
-0.161,10070
0.00751,4782
0.00619,4847
0.102,1557
0.118,2823
-0.168,9035
0.713,68
-0.0518,7893
0.00832,4882
-0.342,10244
-0.15,9261
0.267,1990
-0.175,8841
0.0574,2881
-0.17,9018
-0.24,9588
0.159,1624
0.239,2330
0.405,610
0.00315,4986
-0.224,9921
-0.113,7031
-0.0815,7586
-0.0233,6504
-0.0638,6608
0.0229,4390
-0.0925,7650
-0.07,6724
-0.0616,6744
0.574,179
0.111,2491
0.0271,3797
0.026,3807
-0.0198,6104
0.266,940
0.15,1710
-0.0805,7117
0.0441,2801
-0.123,9567
0.354,700
0.0775,3356
-0.166,9195
-0.0911,9090
0.284,373
-0.0307,6118
-0.00727,5316
-0.306,9384
-0.0648,6200
0.0803,3073
-0.0603,9844
-0.0955,8578
-0.0654,7390
-0.237,8713
0.0354,3644
0.0907,3469
-0.0372,7084
0.108,893
0.0995,2597
-0.273,10146
-0.402,10183
0.075,3365
-0.0269,6389
0.0486,3486
-0.0482,7430
0.0377,3264
0.157,1547
0.191,1071
0.17,1550
0.0302,4088
-0.0326,5845
0.147,1410
0.533,190
-0.152,7587
-0.0363,6823
0.234,120
0.0397,3868
0.113,2411
-0.0297,5758
0.0367,3772
-0.0402,6464
-0.351,10387
-0.0491,8264
-0.0408,7132
-0.229,8503
0.0556,3014
-0.115,9326
-0.00517,5229
-0.173,10112
-0.222,10246
-0.0288,5911
-0.238,9615
0.0346,3677
-0.00328,5376
0.0825,2914
-0.0766,7308
0.196,1223
-0.155,9279
-0.0446,7251
-0.145,9948
-0.158,9257
-0.359,10350
0.277,2445
0.0813,2761
0.00909,4692
0.0504,2388
-0.119,7372
0.211,990
0.375,1196
0.147,1571
0.168,508
-0.135,8421
-0.0544,7473
0.109,2485
-0.154,7593
-0.113,9077
0.00581,4920
0.0807,1918
0.0699,3102
0.0343,3928
-0.158,8541
0.0649,2214
-0.0166,5720
0.103,988
-0.196,10185
-0.0577,6579
-0.0768,8243
-0.179,10309
-0.074,8736
-0.125,7200
-0.105,8572
-0.0556,8372
0.0689,3195
0.257,519
0.038,3438
0.0404,3368
-0.335,10330
0.0171,4266
-0.0742,6515
0.165,1757
0.111,561
0.109,1579
0.0143,4691
0.0373,4065
-0.219,10131
-0.187,7238
-0.136,8833
0.101,645
0.0322,4007
0.175,2093
-0.0671,8113
-0.113,7693
-0.0979,7652
0.0938,2401
-0.119,8372
0.0111,4846
0.043,3716
-0.011,5256
0.0515,2090
0.141,1851
0.168,1262
0.0795,1698
-0.115,8538
-0.0778,6882
0.0979,1134
0.00362,4840
-0.212,9202
0.0727,2999
0.703,88
0.132,2946
0.0229,3796
0.0322,2911
0.184,1834
0.0565,3710
-0.067,8181
0.106,2843
-0.0685,7637
0.133,792
-0.0556,7324
0.041,3572
0.243,896
0.416,456
0.0212,4139
0.0324,3430
0.221,760
-0.149,9256
0.235,605
0.633,52
-0.0988,8198
-0.0977,8394
-0.223,10433
0.0483,3659
-0.28,10456
-0.132,8387
0.18,312
0.0382,3448
-0.0824,6919
0.201,1115
-0.164,9700
0.109,2278
0.00633,4889
0.195,918
-0.0387,5458
-0.293,10346
-0.173,10189
0.0894,3212
-0.171,8521
0.026,4211
-0.0963,9710
-0.107,7869
0.00827,4915
-0.0275,6287
-0.355,9946
-0.0684,6795
0.223,786
0.258,405
0.00135,5225
0.0204,4168
-0.14,9482
0.0884,2756
0.158,1913
-0.0249,6396
-0.0304,6676
0.096,3140
0.157,1866
0.038,4164
0.179,217
-0.0331,6819
0.0395,3787
-0.0267,5578
-0.00181,5130
-0.0212,5496
-0.0132,5847
0.0159,4388
-0.178,9549
-0.128,9355
0.215,310
-0.194,7213
-0.0217,6047
0.103,1934
-0.00315,5518
-0.327,10110
0.0198,4215
-0.0321,6259
0.0162,4466
-0.192,10078
-0.257,10206
-0.435,9379
-0.343,8592
-0.118,8607
-0.0203,5782
-0.286,9179
-0.27,10203
0.134,1870
-0.0301,6366
-0.098,8687
-0.151,10041
0.0658,1598
-0.0131,5895
0.0274,4201
-0.033,6778
0.0356,3801
-0.319,9819
-0.19,9698
0.0935,1740
-0.184,9814
0.207,353
-0.102,8473
-0.218,9815
0.18,97
0.0371,3913
-0.0461,6828
0.0883,2187
-0.0409,5839
-0.00989,5372
-0.159,10188
-0.121,9502
0.0186,4554
0.108,1848
0.277,486
-0.221,8061
0.129,1898
0.00954,4453
0.477,427
-0.109,6626
-0.052,6424
0.0637,3414
-0.0581,6253
-0.165,8469
-0.195,10269
-0.121,8810
0.0663,2920
-0.311,10466
-0.0351,6527
0.0752,2538
0.297,2888
-0.00709,5329
-0.254,8139
-0.184,8817
0.314,202
-0.0884,8525
0.251,213
0.304,99
-0.113,8383
0.158,1593
-0.0815,7577
-0.0886,6919
0.0151,4485
-0.0353,6423
0.234,126
-0.0718,6807
0.0339,4297
-0.187,9060
-0.253,9383
-0.0777,9096
-0.0601,7580
0.0894,2833
-0.122,8201
-0.103,7064
-0.0293,6450
-0.0139,5789
0.154,622
-0.0617,6916
0.00578,4810
-0.0396,6555
0.106,2255
-0.0213,6068
-0.0134,5712
0.193,155
0.0581,3377
0.0678,3159
0.124,2227
0.111,1682
0.152,2151
-0.088,7919
0.0955,2433
0.00153,4420
-0.267,9758
-0.125,8976
-0.0794,6921
-0.0298,5584
0.0715,3053
-0.412,10196
-0.172,9019
-0.0326,6255
0.332,64
0.0228,4536
0.299,2168
0.225,1221
-0.21,9125
-0.144,9294
-0.0438,7592
0.284,711
0.161,581
0.194,276
0.0684,2826
-0.144,8906
0.03,3912
-0.0238,5724
0.0669,3696
-0.0891,8098
-0.0715,6851
-0.146,9731
-0.0648,7277
-0.354,9915
-0.0326,5653
0.0786,2315
-0.132,7450
-0.0956,7577
0.132,2167
0.0544,2949
0.0164,4667
0.0475,3197
-0.142,9237
0.122,1352
0.174,1071
0.0632,3326
0.0109,4638
-0.0792,6360
-0.148,6303
-0.234,10350
-0.0964,8143
0.17,1677
-0.203,8620
0.0556,3417
0.0407,3741
-0.156,9421
0.098,1516
0.0676,2678
0.0938,3140
0.391,888
0.0853,3111
0.075,2268
-0.0465,6289
-0.128,9687
0.172,1285
0.093,2332
-0.163,8012
-0.0249,6670
0.0624,3099
0.128,1847
0.0327,3942
-0.0377,6570
0.051,3955
-0.109,8217
-0.0122,5422
0.22,163
-0.059,6370
-0.166,9503
0.115,2137
-0.108,8861
0.113,1998
-0.0926,6752
0.14,1196
-0.0836,7432
0.0507,3440
-0.0977,9333
-0.0234,6165
0.125,1200
0.962,1182
-0.201,8390
0.153,2176
-0.0953,7763
-0.0621,7208
0.106,2041
0.623,136
0.141,1132
-0.166,7358
0.063,1457
0.142,1390
0.213,2185
-0.0762,7228
-0.0235,5227
-0.0399,5649
-0.0637,8422
-0.254,10277
-0.0317,5806
0.0257,4677
0.1,3477
-0.108,9172
-0.0348,6880
0.0666,2835
-0.0196,5505
-0.0948,7770
-0.194,7533
-0.157,8381
-0.256,10138
-0.115,9251
0.219,1171
0.685,142
-0.166,9101
-0.0584,6862
0.0538,3084
-0.175,9575
0.0688,3345
0.166,1882
-0.341,8207
0.0355,3802
-0.127,7205
-0.143,8428
-0.055,7190
0.211,390
-0.298,7504
-0.235,10126
-0.111,8456
0.0456,2301
0.116,1826
-0.059,6203
0.25,1998
-0.0894,7179
0.00235,5149
-0.0232,6289
-0.244,8809
-0.325,9957
0.11,2911
0.188,1786
-0.119,9126
0.117,1415
-0.0883,8673
-0.0249,6383
0.166,1305
0.417,174
-0.124,9217
0.0526,3674
-0.0336,6175
-0.0448,6746
0.0243,4253
0.176,2515
0.0572,3213
0.132,1424
-0.0728,7746
-0.144,9062
0.0443,3937
-0.196,9493
-0.128,9526
-0.269,9643
-0.148,6867
-0.0818,7734
0.205,725
-0.225,9599
-0.112,9217
-0.0789,8847
0.028,3848
-0.105,8741
0.279,461
-0.286,8207
-0.0309,6357
0.0206,3999
-0.32,9825
0.23,400
0.119,2238
-0.00198,5185
-0.215,9995
-0.0506,7659
0.125,1703
0.183,1921
-0.0199,6122
-0.093,7173
0.0522,3202
-0.0229,6624
0.107,2436
0.358,979
0.00787,4653
-0.101,8617
-0.162,9987
-0.271,9858
-0.0889,8413
-0.099,7803
-0.0822,7473
0.292,1058
-0.276,10358
0.047,3010
-0.102,7579
0.0819,2242
-0.1,7376
-0.251,7506
-0.0866,8135
-0.00471,5442
0.146,1959
-0.0832,8363
-0.218,7276
-0.0558,7095
0.0591,2504
-0.0328,6135
0.0692,2740
-0.157,5666
0.136,1802
0.33,762
0.0448,3451
-0.192,8951
0.0073,4834
0.0147,4695
-0.119,4723
0.0427,3900
-0.194,10250
-0.147,8644
0.288,417
-0.0684,8619
-0.00696,5211
0.981,536
0.0723,3335
-0.154,9265
0.173,488
-0.0843,8862
-0.255,9910
0.0796,2702
0.127,2315
-0.0464,7413
0.0666,3042
0.0907,2394
0.316,1160
-0.388,10426
0.259,234
0.000116,5089
-0.207,9731
0.00508,5130
-0.567,10129
-0.123,9325
0.181,815
-0.106,7227
0.132,2156
-0.0258,5573
0.74,230
-0.0328,6143
0.0881,3197
-0.0614,6951
0.335,880
-0.177,10277
0.428,305
0.0409,2527
-0.0566,7928
-0.104,8242
-0.0632,7478
-0.0171,5704
-0.0226,5687
0.23,712
-0.206,10332
0.0362,3394
-0.037,5804
0.0674,2192
-0.0491,5523
0.0115,4670
-0.207,8135
0.0576,3093
0.00459,4547
0.129,841
-0.0889,7596
-0.39,9994
-0.104,8706
0.069,3745
0.0222,4656
-0.138,9206
0.0805,3287
-0.0458,6673
-0.0202,6206
-0.0158,5904
0.251,1709
-0.144,7827
0.303,1274
0.237,775
-0.00653,5579
-0.0486,7930
-0.143,7613
0.129,1771
-0.0571,7233
0.0604,2761
0.0586,3044
-0.0509,7698
-0.049,6275
0.0661,4094
-0.262,7418
0.0194,4219
-0.139,9202
0.0229,3713
-0.188,8930
0.11,873
-0.201,7024
0.0219,4521
-0.0803,7486
-0.134,6653
0.0208,4225
-0.222,9743
-0.196,8756
-0.0641,6571
0.0722,2476
0.183,417
-0.117,9168
0.177,1285
-0.108,7346
-0.00896,5341
0.0471,2591
-0.0834,7805
0.163,1001
-0.469,10162
0.279,1469
-0.0786,8413
-0.0573,7606
-0.0991,8884
0.0156,4548
0.15,1906
-0.0609,6826
0.0126,4616
0.157,480
0.0465,3378
0.00885,4738
0.033,3218
0.36,958
0.724,314
0.307,312
-0.227,10109
0.071,3127
0.072,3454
0.0776,2865
0.17,1380
0.0942,1920
-0.0884,7132
0.289,369
-0.17,9881
-0.483,10175
-0.0583,6946
-0.00241,5118
-0.0736,8125
-0.0456,5647
0.0345,3477
-0.0292,5690
0.0379,4200
-0.0857,9255
0.156,662
-0.146,7106
-0.178,9627
-0.149,7686
0.0417,4193
0.222,1804
-0.0459,6506
-0.0243,6209
-0.0816,7387
-0.199,8445
-0.417,10224
-0.049,5617
-0.0154,6495
0.241,1032
0.0623,2869
-0.183,8257
0.0501,3014
0.147,865
-0.158,8922
-0.3,9941
0.466,319
0.614,1066
-0.35,9771
-0.111,8809
0.188,382
-0.229,9496
-0.0828,6243
0.0844,3439
0.402,262
0.0967,2294
0.0157,4308
-0.0458,6906
0.264,1705
-0.0802,7385
-0.102,8177
0.107,1568
-0.0273,7322
-0.379,7023
-0.4,10038
0.0669,2067
-0.143,10246
-0.00598,5294
0.0621,2641
-0.214,9572
0.0645,3548
-0.213,9792
-0.13,7705
0.118,1389
0.0508,3471
-0.0843,7575
-0.366,10318
-0.0511,5678
-0.106,7421
-0.0339,6533
-0.00328,5229
-0.377,10429
-0.144,8923
0.34,1084
-0.0148,5794
-0.0663,7344
0.282,153
0.225,1860
-0.297,8996
-0.313,9940
0.111,1868
-0.179,8989
-0.0119,5356
0.732,177
0.146,815
0.0251,4019
0.126,2952
0.155,1500
-0.111,7260
0.0627,3884
-0.0257,5356
0.0454,2966
0.146,851
-0.0391,6903
0.0217,4105
-0.218,10163
-0.11,6375
0.206,1295
-0.145,6507
-0.0999,8973
-0.0425,6862
0.0732,2817
0.116,2863
0.135,744
-0.102,7798
-0.181,9370
-0.183,7785
-0.179,9610
-0.238,8959
-0.308,9344
0.21,1597
0.0107,4782
-0.00107,5139
0.14,427
0.0897,3235
-0.125,6427
0.028,4255
0.0399,3968
0.0223,4289
0.137,1470
-0.0697,7568
-0.0591,6713
-0.148,7783
0.00926,4615
-0.146,10112
-0.0867,7464
-0.0069,5168
0.817,75
-0.153,8318
0.111,879
-0.263,10196
0.0638,3194
-0.187,9075
0.417,104
0.0991,3354
-0.0377,5800
0.337,496
0.139,2044
-0.034,6385
0.0824,1581
0.137,961
-0.0124,5196
0.0824,2362
-0.0479,6428
0.256,448
-0.0776,5672
0.052,2361
0.0663,3251
0.186,1103
-0.0838,8056
-0.0988,8213
0.0114,4755
0.244,1979
-0.128,9674
0.0113,4812
0.024,4421
0.249,338
-0.0777,7859
-0.00148,4828
-0.0925,8778
0.0818,2582
-0.129,8612
0.708,0
-0.252,8132
0.107,3251
0.0295,3710
0.0417,4004
-0.121,6250
-0.069,6944
-0.017,5457
-0.147,10084
-0.157,9490
-0.102,8747
-0.102,7801
-0.35,9183
-0.00182,4543
0.0154,4511
-0.0951,9717
-0.188,10005
-0.188,9771
0.0441,3837
0.0957,1711
0.196,2005
-0.071,7022
-0.204,10103
-0.21,9406
0.158,877
0.112,1248
0.0643,3386
-0.0135,6137
0.156,977
0.149,1190
-0.399,8853
-0.0648,6492
0.0656,3109
-0.303,8649
-0.0689,7933
0.158,733
0.105,3137
0.0908,3300
0.0642,3219
0.114,1424
0.000887,4814
0.0372,4354
-0.0578,6720
-0.0356,6075
-0.145,9761
-0.00121,5144
-0.0544,7931
0.511,132
-0.0827,7540
-0.228,7405
0.0291,4011
-0.0367,6593
-0.17,9728
0.255,1613
0.169,1146
0.0624,3160
0.0248,4239
0.0267,3741
0.06,2892
0.311,389
-0.302,7852
0.0965,3494
-0.0386,6432
-0.0127,5990
-0.0607,7397
-0.101,7829
-0.219,9547
-0.118,7440
0.7,54
0.0137,4562
0.149,610
-0.0394,5500
-0.0941,5703
0.147,734
0.0545,2379
-0.13,8453
-0.131,7151
-0.0653,8054
0.0659,2276
0.274,1022
-0.0399,8130
0.281,779
0.0209,4024
-0.027,6397
-0.0466,6711
-0.0587,6567
-0.132,9427
-0.0794,6853
-0.0539,6314
-0.118,8982
-0.0235,5567
0.0145,4640
-0.111,6612
-0.311,8098
0.392,1594
0.13,2318
-0.0756,7556
0.17,2754
-0.0182,5737
-0.108,8857
0.118,1467
0.0291,4173
0.121,854
0.0263,4332
-0.455,9415
0.0413,2675
0.0349,4160
-0.169,8267
0.584,14
-0.0699,5966
-0.249,8712
-0.119,9755
0.0917,2604
0.0105,4727
-0.118,8777
0.161,1203
-0.226,9014
0.0703,1579
-0.0802,8508
0.0892,3604
-0.177,9636
0.267,769
-0.000453,5015
-0.0278,6182
-0.105,8316
0.345,397
-0.0936,8107
-0.426,9641
0.0322,4025
-0.0298,6604
0.33,183
-0.116,8395
0.2,939
-0.164,9449
0.0648,3401
-0.166,9640
0.00496,4943
0.127,2354
0.488,362
-0.331,8662
0.126,1485
-0.0391,6212
0.145,1685
0.132,2223
-0.111,7642
-0.0876,7882
-0.336,9005
0.113,2774
0.0502,3098
0.0109,4802
0.268,253
-0.0299,6126
-0.113,7750
0.109,1863
0.0457,4239
-0.0531,6520
-0.285,8661
0.062,2648
0.088,1277
0.122,1868
-0.101,8728
0.00551,4665
-0.25,10312
-0.00415,4995
0.0973,2096
0.0231,4157
-0.121,8000
-0.493,7056
-0.179,8720
-0.0689,8190
0.0974,2931
0.0213,3957
-0.197,6636
-0.0521,5553
-0.294,10321
-0.00022,5062
-0.173,4820
-0.278,8402
-0.103,6905
0.137,2602
-0.075,8319
-0.196,10197
-0.0412,6334
-0.00974,5346
0.437,855
0.0142,4670
0.0448,2812
-0.0121,6010
0.0368,3647
-0.0307,5683
-0.0174,5843
-0.0122,5221
0.0937,1291
-0.145,10159
0.00744,4737
-0.075,8311
-0.605,10269
-0.0462,6240
0.0769,3088
-0.0477,6149
-0.0232,5368
0.0188,4532
-0.055,6839
-0.108,5684
0.0793,2637
0.286,730
-0.0409,6162
0.111,1487
0.295,1403
0.0175,4643
0.0826,2738
-0.0646,7407
0.0711,2470
0.178,1953
-0.101,7062
-0.0914,7742
-0.0783,7846
-0.0878,8941
-0.223,7813
-0.0531,6103
0.0321,4249
-0.0575,6431
0.0303,4376
-0.102,8695
-0.31,10366
-0.307,9900
-0.248,8850
0.148,1744
-0.0754,9854
0.0851,2143
0.0536,3476
-0.213,9211
0.0862,2985
0.0969,2746
-0.0251,5499
0.0442,3777
-0.00455,5124
0.227,987
0.193,1277
-0.211,7519
0.0494,3457
-0.203,8394
0.0828,2691
0.0238,4276
-0.0481,6569
0.16,1270
-0.062,8160
-0.0365,7154
-0.0044,5198
0.055,3428
0.0639,3606
0.467,762
0.123,778
-0.134,9224
-0.25,8879
0.325,569
-0.302,9165
0.0364,4177
-0.0335,7478
-0.0677,6354
0.0799,2271
0.012,4768
0.24,1023
0.573,164
0.0726,2303
-0.19,10198
-0.28,8382
0.0168,4522
-0.33,9923
-0.109,8351
-0.0701,7592
-0.154,9483
0.0408,2694
-0.0404,7242
0.123,809
-0.0102,5563
0.0159,4403
-0.0868,8261
0.446,99
0.304,1468
0.0223,4423
-0.199,9171
-0.187,10136
-0.11,8772
-0.0392,6754
0.0891,3076
0.439,547
0.189,539
-0.0457,7709
0.269,193
-0.2,9928
-0.0135,5468
0.196,1719
0.0746,3744
0.0958,2526
-0.135,9376
-0.242,8536
-0.0694,6774
-0.208,8665
0.126,1130
0.043,3708
-0.0617,8322
-0.101,7621
-0.116,7681
-0.0965,8269
0.155,1423
-0.0666,7991
-0.0577,7859
-0.0282,5773
-0.000125,4773
0.52,331
0.24,396
0.0533,2310
0.286,658
-0.026,6232
-0.0919,7807
0.0513,3483
-0.252,9541
-0.102,7237
0.334,89
-0.00677,5511
-0.0657,7133
-0.00304,4922
-0.115,7592
0.271,1433
-0.0227,6549
-0.141,8627
-0.334,9731
-0.179,9776
0.103,2368
-0.439,10017
0.0958,1357
-0.123,9215
0.00813,4922
-0.12,8143
0.042,3756
0.0715,2720
0.0637,2364
0.046,3518
1,152
-0.258,9852
-0.15,6722
-0.106,8881
0.195,691
-0.0647,7666
-0.153,9521
0.0164,4538
0.0777,2970
0.14,2531
0.0493,3784
-0.0766,6900
0.0557,3766
-0.335,10272
0.144,2664
-0.0215,5195
0.15,1095
0.088,1392
-0.104,8827
-0.145,9010
0.035,4115
0.0573,3369
-0.377,9769
-0.0087,5386
0.0641,2829
-0.0471,6834
0.0192,4170
0.122,1868
-0.0345,7893
-0.184,9311
0.0572,2624
-0.0704,6667
0.0247,4148
0.315,546
-0.298,9834
0.0124,4483
0.0109,4697
0.299,1190
-0.115,7757
-0.138,7740
-0.0584,6243
-0.212,9538
-0.104,9142
0.0763,3179
0.241,463
-0.321,10164
0.262,486
0.0161,4593
0.0652,2677
-0.0141,5407
0.0269,4520
-0.2,9825
0.0182,4629
0.117,879
0.104,1511
-0.25,9593
-0.178,9805
0.4,1381
0.136,3002
0.023,3961
-0.162,9758
-0.0719,6604
-0.258,10141
-0.0466,6238
0.359,1198
-0.106,9573
-0.00971,5477
0.0234,4040
0.0594,3499
0.00616,4959
0.211,3238
-0.116,9985
0.112,1286
-0.0956,7222
0.00236,4962
-0.229,10393
-0.219,8523
-0.0586,7919
-0.083,9415
-0.223,9491
0.0382,3569
0.164,1933
-0.0384,5853
-0.153,8041
0.15,2587
0.0248,4740
-0.249,9850
-0.0782,6450
0.0917,2868
-0.0863,8204
-0.03,6517
0.104,3346
0.2,962
0.0331,4166
-0.128,9097
0.0282,3584
-0.077,8702
0.0212,4380
0.618,32
-0.216,6353
-0.357,9833
0.0776,2453
0.328,236
-0.131,6980
0.0156,4652
0.39,769
0.08,3077
-0.0882,7660
-0.0422,8850
0.0752,3734
0.563,756
-0.245,10279
-0.0852,7615
0.0164,4456
-0.201,8955
-0.348,7442
-0.181,9347
0.0177,4434
-0.132,7965
0.346,886
-0.0946,9227
-0.157,9381
-0.0108,5646
-0.0332,6893
-0.14,8639
0.0825,1155
-0.0225,5932
0.224,1153
-0.125,7769
-0.0761,6664
0.0417,4269
-0.151,7265
-0.0914,9707
0.0609,3388
0.0196,4336
-0.00671,5483
0.181,1633
0.122,2371
0.32,426
-0.0938,6906
-0.0219,6102
-0.122,8405
0.116,1572
-0.0666,7395
0.0822,1922
0.534,103
0.00939,4737
-0.0596,6885
-0.0547,6450
-0.163,9043
-0.0467,6771
0.0675,3253
-0.242,9827
0.0418,4321
0.093,3692
0.0267,4365
0.194,1572
0.0594,2871
-0.0391,6067
0.0376,3909
-0.218,8858
-0.077,8179
-0.153,9990
0.182,1159
-0.148,8678
0.168,1896
-0.151,8796
0.165,500
0.082,2893
0.503,193
-0.187,10186
-0.209,9067
-0.172,8050
0.0509,1535
-0.0612,6412
-0.109,7957
0.0971,2319
0.153,1845
0.836,239
-0.132,8584
0.0222,3944
-0.0318,6069
0.0447,3144
0.0291,4220
-0.191,9483
0.096,3874
-0.119,8596
0.0727,3010
0.151,876
0.0605,4052
-0.159,8239
0.0514,3934
0.00399,4928
0.0772,3290
0.0803,3576
-0.0199,5678
0.139,1517
0.0177,4317
0.0136,4235
-0.0653,6536
-0.00387,5022
-0.337,9989
0.0489,3904
-0.0869,7656
-0.076,9449
0.081,2422
0.0474,3391
0.216,2002
-0.0936,7927
0.0814,2040
0.00326,4886
-0.0926,7244
0.0553,3990
0.0168,4829
-0.0934,8209
0.0461,3000
0.0562,1799
-0.261,9225
0.051,3864
-0.118,8094
-0.333,10023
0.0478,3822
-0.0623,7224
0.182,660
-0.249,8608
-0.224,9314
0.0881,3106
-0.0175,5958
0.651,5
-0.151,8359
0.13,1229
-0.000848,5019
-0.0894,7889
-0.0469,7136
0.00751,4437
0.0957,2541
0.0678,3236
0.127,3064
0.26,1194
-0.0837,8175
0.0201,4326
0.0662,2711
-0.162,8789
0.000344,5181
-0.12,7417
0.129,1649
-0.22,9749
-0.196,9931
-0.0218,6067
0.116,1813
-0.0409,5542
0.0351,4027
0.178,1865
0.0207,4640
0.0494,3353
0.126,1728
0.0878,2973
-0.0335,6379
0.129,258
0.1,1568
-0.00596,4869
0.173,2225
0.0979,760
0.0432,2666
0.138,1591
-0.157,8861
0.0363,4168
0.327,676
-0.0333,5641
-0.0192,5962
0.0674,2571
-0.255,9816
0.065,3179
-0.192,9415
-0.0488,7366
-0.0387,7917
0.0301,3417
-0.0682,3483
0.857,84
0.396,78
0.189,1176
0.137,938
-0.169,9162
-0.353,9493
-0.0376,5838
0.0858,2888
-0.0375,6206
0.0168,4326
0.146,1877
-0.0497,6788
0.0699,3957
-0.0149,5118
0.00449,4995
0.135,1612
0.13,1944
0.0376,3052
0.0586,3513
0.156,1675
0.0289,4271
0.0507,2683
0.451,12
-0.0539,7207
-0.0902,6922
-0.0476,5486
0.0408,3170
0.281,132
0.0804,2240
0.362,33
-0.123,8702
0.0257,4396
-0.0905,8926
0.231,1993
0.0236,4343
0.0597,2556
0.529,497
-0.32,7733
0.178,974
0.0226,4269
-0.0429,6424
0.267,703
-0.273,10377
-0.0743,7741
-0.092,8154
-0.0107,5846
-0.0422,5822
-0.159,9004
0.456,356
-0.0593,7074
0.0419,2263
-0.126,8956
0.0165,4478
-0.0071,5598
0.0139,4515
-0.159,8970
-0.114,8512
-0.11,8520
0.00551,4894
-0.0432,6174
-0.113,7795
-0.187,9792
-0.2,8942
0.0153,4944
-0.1,9162
-0.172,9147
-0.113,7586
-0.135,7833
0.0542,2578
-0.294,9728
0.00491,4751
-0.168,9196
-0.186,8773
0.0985,2867
-0.109,8470
0.0868,1615
0.00535,5063
0.149,2608
0.386,1225
-0.388,9339
-0.101,8196
-0.102,8194
0.0399,4106
-0.107,8202
-0.0457,6882
0.441,1227
-0.0701,8922
-0.227,9867
-0.18,9286
0.0149,4419
-0.16,8034
-0.0165,5630
-0.156,9655
0.0867,2168
0.205,1463
-0.166,9573
-0.378,9567
-0.0957,7323
-0.0279,6521
0.0581,3634
0.117,1357
-0.0129,4913
-0.135,5333
-0.23,7582
-0.169,10364
0.637,137
-0.0711,7686
-0.0167,5451
-0.0942,6647
0.273,2259
0.0968,1703
0.329,1468
-0.345,9639
-0.00476,5120
-0.00564,4961
-0.15,8613
-0.144,10072
-0.249,10261
0.202,381
-0.227,8251
0.0926,2316
0.0308,4197
-0.0176,6242
-0.0569,7452
-0.187,8202
0.227,1467
-0.233,9888
0.0413,4220
0.027,4436
-0.0161,5651
0.242,477
0.0308,4188
0.0198,4512
0.282,603
0.0837,1726
-0.0835,7623
-0.0182,5466
-0.112,9434
-0.368,10208
0.017,4634
-0.0679,7789
0.0486,3166
0.117,1645
0.121,1873
0.0653,2930
-0.338,9365
0.0517,2774
-0.0416,7239
-0.0642,7288
0.372,92
0.104,2437
0.0826,3032
-0.0255,5702
-0.00707,5561
-0.0264,5362
0.155,2364
-0.0412,6419
0.457,798
-0.0332,6611
-0.137,10223
-0.0762,6977
0.00643,4772
-0.205,8196
0.636,90
-0.00736,5440
0.132,1440
-0.306,9160
-0.00552,5146
-0.0798,7580
-0.0971,8559
0.0212,4227
0.216,217
0.00827,4815
0.00713,4728
0.0286,4353
0.0916,3534
0.0352,4053
-0.0685,8057
-0.0325,7010
0.0524,3186
-0.182,8136
0.0475,3300
0.056,3725
0.0556,3125
0.000387,5100
0.162,1634
0.118,642
0.18,927
-0.0112,5372
-0.0875,7966
-0.0565,5881
-0.166,9975
0.248,1817
0.378,315
0.00913,4626
0.0547,2474
-0.124,8645
0.00531,4887
-0.0256,6539
-0.0947,6772
0.00108,5059
-0.0206,6077
-0.00421,5085
-0.0738,7243
-0.0136,5525
-0.349,10361
-0.0204,6011
-0.0406,7261
-0.0205,5770
-0.14,8935
0.339,659
0.157,1010
0.00924,4681
-0.191,9297
0.438,139
0.00177,5054
0.0801,3418
0.041,4069
-0.0412,6229
0.0334,2985
-0.12,7982
-0.011,5596
0.132,1881
0.274,599
-0.0179,5810
0.0826,847
-0.097,8293
0.181,935
0.044,3731
0.262,2678
-0.121,8649
0.0957,1276
0.0346,4346
-0.0733,8796
-0.0809,7807
-0.0396,6363
-0.186,9137
0.105,1442
0.102,2485
0.00953,4817
0.218,974
0.142,3231
-0.0208,5076
0.198,741
-0.127,6907
0.0673,2944
0.415,1282
-0.0991,6517
0.031,3863
-0.135,9507
0.33,529
-0.297,9305
0.0234,4433
-0.0806,7817
0.155,320
0.0726,2039
0.138,1175
0.314,945
0.0657,3034
0.375,1412
-0.0999,7238
-0.132,9248
0.202,1920
-0.033,5828
0.104,3451
-0.0624,6023
-0.0683,6723
0.0655,2453
-0.122,9413
-0.124,9735
0.0435,3948
-0.227,8783
-0.0793,8116
0.000869,5217
0.0422,4198
-0.2,9120
-0.0572,6283
0.186,783
0.187,1046
-0.0541,8046
-0.206,9723
-0.101,7852
-0.259,9850
0.00562,5105
0.24,58
0.0289,3167
-0.0122,5471
-0.301,7798
-0.00332,4967
-0.302,10049
0.0224,3403
-0.0978,8938
-0.114,7952
-0.21,10300
-0.00445,5237
-0.0287,5675
0.178,928
-0.0315,6535
-0.0204,5835
-0.0972,9487
0.143,1499
0.226,210
0.202,360
-0.0163,5698
-0.136,8005
-0.18,6762
0.403,699
0.000716,5055
0.376,10
0.107,2587
-0.166,8362
0.163,2205
-0.418,7237
0.284,1251
-0.0779,7921
-0.0826,8052
0.0978,2510
0.105,2872
0.0307,4545
-0.0711,6826
0.0373,3857
0.00252,5188
0.0115,4826
0.056,3406
0.0293,4588
-0.0772,8638
0.0133,4468
0.0243,3915
0.0359,3841
-0.187,7941
0.192,1630
0.0623,3966
0.125,1277
-0.09,8309
-0.172,9029
0.0709,2914
0.299,663
0.0747,3303
-0.257,10290
-0.0379,7176
-0.0252,5956
0.0952,2606
0.175,1574
0.146,2097
0.181,79
0.0119,4563
-0.0652,6761
0.155,1133
0.107,468
-0.045,5918
0.0279,4255
0.181,306
0.109,2397
-0.0432,5894
0.38,385
0.117,811
-0.0235,5961
0.00101,4799
0.0782,1757
0.264,89
-0.0989,8176
-0.538,9908
-0.0319,6325
0.0428,3465
-0.0993,8320
0.123,954
-0.131,8734
-0.0333,6833
-0.062,9760
-0.116,8857
0.0226,4505
-0.16,9277
0.0131,4631
0.126,3192
-0.0294,5883
-0.154,9855
-0.0611,6035
0.628,111
-0.0262,6213
-0.127,7055
-0.0731,6613
-0.0477,7096
-0.0309,5820
-0.155,8474
-0.0238,5665
-0.218,8407
-0.0257,6853
0.0606,3437
-0.0304,5524
-0.289,9583
-0.24,9807
-0.134,7616
-0.156,7717
0.0815,1760
-2.78e-17,6272
