coef,rank
0.0359,4188
0.745,20
0.076,3241
0.339,1322
0.0886,3861
-0.224,9818
-0.199,10299
-0.106,7517
-0.32,10182
-0.0152,5348
-0.0807,8029
0.0729,1963
-0.0238,6091
-0.0595,6671
0.107,3334
0.229,3078
-0.00847,5784
0.0917,695
-0.0416,6423
-0.0608,7088
0.271,839
0.571,630
0.249,410
0.127,1694
0.347,1294
0.253,1105
-0.0517,7182
-0.608,9469
0.116,2753
0.0184,4488
0.194,1002
-0.114,6499
0.0379,4094
0.415,754
-0.0943,8307
0.138,454
0.0738,2650
-0.397,10294
0.0318,4122
0.0879,2624
0.222,163
0.0176,4124
0.341,417
-0.0275,6295
0.0453,3859
0.12,2445
-0.000394,4924
0.0951,648
-0.133,7733
0.0363,3787
-0.103,7654
-0.0238,5440
0.0469,3836
0.0611,2113
0.253,575
-0.27,9969
0.718,355
0.114,2675
0.136,408
0.162,483
-0.334,10226
0.0453,3619
-0.0228,6221
-0.061,8568
-0.101,8844
-0.0388,7010
0.157,619
0.108,1570
-0.0308,5957
-0.377,8007
-0.0651,8005
0.0805,2186
0.234,630
0.0853,2995
0.199,1687
0.136,1560
0.00614,4862
0.102,1736
-0.0127,5712
-0.0981,8490
0.785,533
-0.101,6825
-0.133,10083
-0.0145,5620
0.18,836
0.393,423
-0.0137,5654
-0.479,10291
0.0895,1191
0.112,572
-0.013,5437
0.00223,5006
0.525,149
-0.196,9141
0.172,1608
-0.0633,7752
-0.0223,5108
-0.0679,8023
0.0133,4637
-0.0105,5359
0.116,1064
-0.0826,7991
-0.14,9529
0.0669,3553
0.377,891
0.139,2437
-0.16,7891
0.0268,4366
-0.0512,6238
0.0983,2651
0.0155,4611
-0.0773,6546
0.0139,4337
0.0499,2377
0.15,1715
0.24,340
-0.113,9262
-0.0657,6396
0.0962,2621
-0.0841,8884
-0.0084,5730
-0.108,9431
0.0342,4274
0.0793,3841
-0.0183,5927
0.186,2102
-0.211,8588
-0.0513,6351
-0.181,9221
0.267,377
-0.0585,7633
-0.0461,6948
0.0236,4485
-0.0662,7588
-0.369,6077
0.00899,4685
0.00312,5005
0.0258,4151
-0.172,7352
-0.0391,7119
0.093,2967
0.0679,3203
-0.00308,4969
0.0102,4814
0.0897,3000
-0.196,9202
-0.0828,8492
0.0988,2992
-0.249,10253
-0.132,9794
0.12,3431
0.112,2401
-0.366,9794
0.0335,3955
-0.216,9885
0.0251,4240
0.15,2464
-0.06,6987
-0.154,8618
0.0527,3485
0.0822,3161
0.0179,3936
0.0878,2708
-0.148,8733
-0.112,9248
0.0212,4286
0.123,2035
0.0573,2903
0.153,1477
-0.12,6775
-0.0292,6478
0.0926,1753
-0.0321,7485
-0.0444,6593
0.124,945
0.0194,4236
-0.435,10085
-0.0127,6013
-0.0597,7447
-0.185,9127
-0.0119,5734
-0.193,10281
-0.0419,7357
-0.0551,9238
-0.0152,5789
-0.0234,6031
-0.256,10072
-0.0578,7527
-0.357,9210
0.0439,3504
0.229,407
-0.0218,6766
-0.107,8629
-0.235,9752
-0.18,8007
-0.0976,8882
-0.00104,5116
0.0165,4702
0.121,582
-0.0275,5426
-0.0433,6092
-0.401,10293
0.0133,4340
-0.0858,7130
0.0609,3570
0.268,917
-0.163,9378
-0.173,8847
0.0563,2841
-0.00977,5640
-0.0465,7146
-0.104,7598
-0.134,8122
-0.0554,6356
0.0889,745
-0.0851,8490
-0.0895,7932
-0.279,10302
0.0399,4234
-0.0377,3475
0.109,2307
-0.0339,6760
0.0412,2830
-0.117,7824
-0.423,10212
-0.12,7849
0.0351,3785
-0.0412,7055
0.104,900
-0.0803,6499
0.12,1840
0.252,1187
0.129,2761
-0.00232,5200
-0.0846,7192
-0.0656,6812
0.145,3120
-0.0264,5662
0.153,2116
-0.303,8637
0.471,530
-0.132,9544
0.0793,2598
-0.0392,6430
0.154,940
-0.239,10082
-0.0985,7445
-0.0546,7100
0.518,70
0.0184,4314
-0.00126,5231
-0.102,6840
0.212,1974
0.0469,3974
1.64,8
-0.017,5754
-0.0439,6702
-0.02,5810
0.277,297
-0.0451,6461
-0.226,9707
-0.0122,5417
0.0644,3388
-0.235,9203
0.0472,3404
0.0668,3086
0.734,285
-0.0593,6505
0.0368,2669
-0.0291,5920
-0.131,8980
0.335,324
-0.089,8014
-0.0657,7080
-0.249,9846
0.12,1789
-0.0712,7179
-0.0408,6070
0.202,554
-0.175,9634
-0.282,9849
0.347,233
-0.127,7800
0.136,1972
-0.0444,6249
0.0712,1886
-0.181,9332
0.0676,3364
0.347,289
0.0245,4267
-0.114,6991
0.105,1003
0.0459,3473
0.0718,3907
0.0444,3577
-0.185,9074
0.168,2483
-0.102,8277
-0.0809,7911
0.0245,4298
-0.00842,5248
-0.0163,5523
-0.143,6760
-0.00349,5065
0.177,1963
-0.0459,6939
0.108,3278
-0.161,8304
-0.123,9501
-0.0491,7867
-0.226,10304
0.153,1578
-0.199,8261
0.432,366
-0.114,8077
-0.0422,5937
-0.07,6846
-0.137,7405
-0.0111,5422
0.114,2716
0.715,202
-0.051,7669
-0.104,8725
-0.0875,8479
0.0325,4108
0.0121,4258
-0.0386,5023
0.0219,4310
-0.00217,5159
-0.022,5522
0.0336,4085
-0.163,8415
-0.112,3530
0.0696,2455
-0.0936,8999
-0.0723,7512
-0.043,6941
0.0655,2777
0.195,2096
0.00894,4606
-0.247,4823
0.353,585
0.111,523
-0.0741,8890
-0.0216,5650
-0.0624,7987
-0.189,9558
-0.313,5746
1.05,338
-0.618,7768
-0.0609,3965
-0.296,6306
0.319,440
0.565,91
-0.187,9749
0.196,1158
-0.0274,6828
0.0288,3184
-0.253,6258
0.02,4631
-0.0201,5275
0.176,2861
-0.219,9896
-0.0205,6202
0.104,3334
-0.0238,5507
-0.0281,6194
0.0344,3745
-0.263,9877
-0.0235,6271
-0.00804,5267
-0.00159,5195
0.0827,2872
-0.0797,6335
0.0262,4183
0.105,1676
0.229,1197
0.0284,3636
0.561,12
-0.106,5564
-0.234,10357
0.18,509
0.148,1522
-0.0453,6496
0.122,2919
0.325,183
-0.00919,5504
-0.133,9295
0.00881,4697
-0.272,9465
-0.203,9988
0.148,2563
-0.363,10405
-0.231,10363
0.0278,4488
-0.087,8168
-0.332,10315
0.0863,2667
-0.014,5569
0.124,1286
-0.0545,7061
-0.0274,5449
-0.0861,6926
0.34,2101
0.00247,4843
0.316,24
-0.0411,5751
0.214,1616
-0.0985,7448
0.172,1746
-0.0659,7883
0.0399,2377
0.0212,2156
-0.114,8676
-0.078,6282
-0.172,9591
0.778,8
0.0233,4008
0.012,4668
-0.0313,5775
0.0938,2953
-0.124,7713
-0.338,10111
-0.0861,8507
-0.0477,6655
0.507,92
0.0876,3080
-0.114,8203
0.162,361
0.0469,3414
-0.265,10025
-0.257,10311
0.00225,5269
-0.0249,6196
-0.0432,5917
0.0989,1909
0.0708,1649
-0.559,9494
-0.0598,6016
0.12,2649
-0.315,9061
0.0664,2423
-0.0723,7186
0.0968,2876
-0.0912,6044
-0.196,8887
0.196,1704
-0.0694,7889
-0.0919,6643
0.253,1452
0.199,1035
0.0446,3881
-0.197,9864
-0.0828,8288
-0.0639,8728
0.0534,3532
-0.0724,7186
-0.14,8574
-0.143,9401
-0.014,5573
0.26,807
-0.23,9755
-0.0824,6726
0.0131,4742
-0.101,7827
0.0197,4522
-0.0761,7899
-0.206,9597
0.0818,3108
0.0933,1666
0.136,1379
0.0523,3547
-0.0556,6398
0.217,365
2.53e-05,4784
-0.00999,5177
0.0838,2641
-0.155,10036
0.343,994
-0.0675,7838
-0.103,7563
0.314,569
-0.0691,7510
-0.00845,5589
-0.0686,8283
0.111,1458
0.103,1491
0.116,1654
0.0523,3428
0.034,1979
0.119,1662
0.0378,3588
0.0441,4353
-0.108,6423
0.0571,3020
0.156,1270
-0.0292,6391
0.104,2307
0.144,1646
0.0839,3407
0.00187,5036
-0.0774,9109
-0.00757,5457
-0.148,7604
-0.0219,5770
0.223,2167
-0.298,9831
-0.0207,5398
0.25,34
-0.199,7051
0.198,1973
-0.227,9004
-0.138,6595
-0.17,10335
0.112,1370
0.0091,4700
0.0397,3630
0.191,1713
0.212,1029
0.0423,3100
0.164,1044
-0.0881,6402
-0.186,9004
-0.0881,7015
0.288,1864
0.00631,4940
0.132,1442
0.0638,3561
-0.118,8939
-0.081,7740
0.155,1643
0.00166,5228
0.0503,2296
3.36,6
1.38,916
0.247,2809
0.0251,4410
0.407,191
0.0173,4650
-0.12,7853
-0.121,7617
-0.072,7144
0.016,4798
0.0349,4207
-0.0586,6808
0.104,2162
-0.04,4992
-0.12,5640
-0.0677,7750
-0.129,7911
0.0702,2759
-0.193,9376
-0.169,8925
0.00188,5081
-0.00147,5108
-0.0715,6867
0.0897,2502
0.058,3044
-0.114,7986
0.0933,2394
-0.0392,6703
0.0871,2132
0.0303,3975
-0.233,10210
0.0527,3673
0.00353,4785
-0.125,9358
-0.0195,5566
0.126,1949
0.253,328
0.0535,3471
0.182,1383
0.027,4254
-0.0698,8345
-0.123,6682
0.0898,2302
0.0945,3259
-0.0978,6370
-0.162,9959
0.0196,4205
0.038,4278
-0.0404,6709
0.0521,3003
-0.00304,5037
-0.0496,7275
-0.0521,7130
-0.0343,6162
-0.0405,6789
0.000567,4875
0.836,52
-0.046,7977
-0.119,8496
0.168,1726
0.417,77
-0.00939,5513
-0.152,9456
0.38,52
0.0488,3244
-0.0385,6108
0.435,292
-0.0666,7058
-0.236,9549
0.0689,2715
0.155,406
0.0982,3356
-0.0687,8239
-0.149,7606
-0.152,7702
-0.0119,5374
0.00959,4631
-0.152,8591
-0.158,9653
0.158,1843
0.113,2520
0.0945,2161
-0.00871,5340
0.166,250
0.0104,4746
-0.125,8985
-0.0191,5757
-0.199,10317
-0.16,8686
-0.141,9946
-0.372,7138
-0.171,6844
-0.0103,5544
-0.0264,6259
0.053,2218
0.119,1113
-0.147,7671
0.165,1440
0.0269,4026
-0.1,10094
-0.248,10439
0.229,985
-0.133,7374
-0.014,5257
-0.115,8749
-0.22,9694
-0.345,6709
0.106,2073
0.197,1829
-0.322,10314
0.0401,3529
0.0832,2630
-1.79,10356
-0.0373,6803
0.257,1836
-0.132,7546
-0.061,8236
-0.0312,5597
-0.189,5769
-0.106,4750
0.165,2232
-0.165,7944
-0.103,8487
-0.107,7471
-0.0231,6054
-0.0628,8892
0.211,749
0.00774,5025
0.0918,3589
-0.0103,5399
-0.0988,8202
-0.0443,7197
-0.156,8305
0.343,29
0.318,1273
-0.0466,7064
-0.166,9459
0.0181,4577
0.0223,4427
-0.082,6383
-0.263,9960
0.209,1204
-0.151,10069
0.185,635
-0.188,8837
0.0863,1828
0.225,1015
-0.156,7793
-0.0116,5613
0.183,1802
-0.157,8497
-0.591,9880
0.161,1244
0.44,198
-0.0269,5616
0.0707,2566
-0.23,9602
-0.034,5664
-0.0147,5295
0.694,86
0.379,352
-0.148,9098
-0.0487,6736
-0.063,5576
-0.0536,6417
-0.0045,5101
-0.0727,7525
-0.117,8395
0.0337,3653
-0.203,9413
-0.0753,6203
-0.304,6512
0.121,1034
-0.029,6648
0.231,85
-0.0477,6029
0.106,815
-0.116,6265
0.0242,4066
0.113,1103
0.0279,4505
-0.0642,6626
-0.164,9041
0.229,735
-0.0782,7285
-0.0238,6201
-0.444,10024
0.0417,4029
0.198,3156
-0.108,6856
-0.107,9616
-0.0414,6072
-0.156,8427
0.00917,4665
-0.0742,7557
0.783,100
-0.0165,5717
-0.0281,6017
0.161,1258
0.0156,4409
0.293,1719
0.939,257
-0.0172,6120
-0.0492,7717
0.00209,4840
-0.025,5975
-0.136,8275
0.0678,3593
-0.00614,5436
-0.0881,7894
-0.0156,5378
-0.194,7570
-0.126,8721
-0.153,9993
-0.0751,7770
-0.182,9970
-0.142,8977
0.204,2122
-0.0224,6110
0.354,75
0.0396,4299
0.0468,2950
-0.143,8659
-0.194,9444
-0.0856,7684
-0.00913,5265
0.0105,4900
0.123,2087
-0.152,8776
0.0644,3960
0.155,2051
0.0384,4208
-0.051,7718
-0.234,8800
0.186,2599
0.0815,2899
-0.238,9054
-0.199,9182
-0.0535,7057
-0.0457,6440
0.233,1442
0.00478,5098
-0.251,8599
-0.105,6965
-0.04,6087
0.0802,1733
0.0646,3275
0.0975,2797
-0.116,7877
-0.211,9212
0.0792,2200
-0.0542,6456
0.0122,3590
-0.0292,9807
0.00284,5062
0.0504,61
-0.0239,9467
-0.796,9138
-0.131,7790
-0.181,5036
-0.067,7462
-0.0226,5639
-0.0999,6425
-0.0219,5569
-0.127,7480
-0.0517,7124
-0.0705,6500
0.0618,3244
0.0309,4470
0.257,0
0.015,4368
-0.134,9130
0.0928,3879
0.132,3577
-0.153,7103
-0.312,7741
-0.197,9582
-0.0658,6696
0.663,744
0.163,1769
-0.08,6948
0.307,1807
0.049,3580
0.102,2010
0.139,3107
0.231,751
-0.0822,8406
-0.101,9093
0.0749,3909
0.271,667
-0.137,8919
-0.0632,5969
0.0745,3364
0.0219,4204
-0.112,10317
-0.0118,5349
0.142,1454
-0.0953,7731
-0.288,9624
-0.079,6795
0.248,384
-0.252,9601
0.229,577
-0.0881,7244
-0.0359,6345
0.123,1065
0.141,1680
-0.137,9050
-0.0188,6016
0.0587,3967
-0.0753,6008
0.0133,4576
0.0683,2931
-0.0221,5610
-0.0666,7162
-0.029,5776
0.0467,4142
0.108,1678
-0.0871,7933
-0.178,7634
-0.0332,6736
0.0141,4777
-0.1,8528
0.0322,3993
0.0551,3163
-0.0263,6114
0.0875,2440
0.0794,3029
-0.286,9616
-0.0433,7398
-0.0345,6913
-0.187,7215
0.153,2390
0.0128,4564
0.218,959
-0.0105,5587
-0.133,9843
-0.00543,5398
-0.228,7426
-0.0633,6890
0.0418,3759
-0.162,6134
-0.185,10011
-0.371,8260
-0.000199,5320
0.254,226
-0.0668,7992
1.94,601
2.14,85
-0.21,7404
-0.039,5517
0.394,36
-0.425,9910
0.128,1634
0.0427,3532
-0.0857,7733
0.018,4421
-0.0939,7392
-0.0296,6138
-0.0209,5456
-0.0304,5987
-0.105,8448
-0.131,9113
-0.0142,5301
0.00956,4786
-0.0925,7193
-0.14,7953
-0.083,7223
-0.0434,6535
-0.686,9177
-0.3,5037
-0.0418,6007
0.425,822
-0.361,10245
-0.19,8718
-0.145,7823
0.00915,4855
-0.095,7672
-0.0457,7244
-0.176,9758
0.108,256
-0.185,9484
-0.0198,5545
0.00735,4783
-0.087,8872
-0.00799,5027
0.0366,3361
-0.363,9733
0.116,2543
-0.111,6829
-0.303,10280
-0.0414,7418
-0.085,7671
-0.0762,5614
-0.117,8589
0.142,1420
0.133,2857
-0.0357,6845
0.0386,4113
0.257,1442
0.0738,2858
-0.215,10038
0.28,981
-0.0225,6699
-0.194,10292
-0.676,9393
-0.361,7333
0.072,3627
-0.00265,5364
0.0878,3400
0.056,3764
0.225,1892
0.145,2393
-0.00106,5159
-0.105,6779
-0.246,10470
0.129,2358
-0.267,5613
1.23,43
-0.203,6346
-0.211,10190
-0.148,8855
0.204,795
-0.0114,4892
-0.156,6914
0.193,3012
0.0765,2161
0.0294,3919
0.0976,3360
-0.0722,7163
0.224,2217
0.0113,4625
-0.0772,8514
-0.0481,7492
-0.0443,8317
0.114,1936
0.0132,4542
-0.0425,7308
0.00161,5088
-0.0415,6502
-0.201,9692
-0.106,8931
0.0842,3591
0.138,2931
0.0746,2973
-0.18,9445
-0.00765,5402
0.397,167
-0.0277,5667
0.0224,4337
-0.14,8546
0.134,1033
-0.6,7230
-0.036,5527
-0.494,9934
0.0658,3916
0.131,2193
-0.0719,7301
0.141,2721
0.0246,4271
-0.0787,7452
-0.0466,6438
-0.213,10103
0.0587,699
-0.242,9478
-0.277,6214
-0.112,6361
0.0153,4462
0.0129,4347
0.195,606
0.259,1011
-0.0652,7133
0.0862,3536
-0.127,9516
-0.063,6851
-0.0215,6099
-0.267,9991
0.245,1260
0.277,1723
0.1,3101
0.395,443
0.0504,3094
0.0374,4216
-0.0696,7529
0.125,2373
-0.176,7176
-0.0192,5715
0.0317,3699
-0.345,10047
-0.0403,6112
0.0855,2873
0.455,792
-0.0337,6144
-0.0181,5777
-0.122,7598
0.6,6
0.545,171
0.132,3065
0.208,829
-0.00891,5536
-0.134,9275
-0.171,8896
-0.123,9329
0.137,3546
0.0272,3545
-0.0925,8680
-0.342,9845
-0.218,9311
0.544,316
0.0147,4832
-0.174,9261
-0.214,9174
0.296,908
-0.061,6713
-0.00751,5441
-0.0166,5673
0.143,816
-0.216,10285
-0.15,9775
0.0669,2549
0.0779,3221
-0.155,8593
-0.0953,8977
-0.144,9525
-0.0787,8076
-0.0374,5633
0.0113,4600
0.0493,3926
-0.0488,6456
-0.0165,5976
0.127,2958
-0.184,9447
-0.323,10399
-0.242,8149
0.00695,4801
0.0282,4204
0.123,2869
-0.0164,5634
-0.181,5241
-0.0928,8060
-0.0899,8008
-0.196,9982
-0.0705,7980
0.0745,3096
0.203,2744
-0.159,9853
-0.0669,7195
-0.0831,8350
-0.283,9339
-0.422,9944
-0.192,9968
-0.145,9344
-0.161,10238
0.054,3432
-0.253,10039
0.332,349
0.225,937
-0.0875,8279
0.112,1810
0.016,4203
-0.27,10428
-0.2,8878
-0.157,8315
-0.0751,8631
-0.000514,5204
0.0704,3214
0.0264,4125
0.0585,4078
0.325,475
0.235,771
0.0172,4676
0.493,32
-0.144,8070
0.537,258
0.0334,4264
0.0368,3624
-0.0155,5537
0.355,814
0.204,564
0.129,1638
-0.0189,5578
-0.00988,5225
0.0393,3294
-0.124,7377
-0.0848,7501
-0.17,8902
-0.353,7635
-0.142,7987
-0.0663,8369
0.0763,2230
-0.148,8617
0.0128,4493
-0.394,9965
0.0651,1550
0.151,1679
0.0642,3703
0.169,3270
0.79,604
0.0252,4746
0.106,2083
-0.0491,7380
-0.000751,5083
-0.114,9194
-0.245,8663
0.151,1802
0.144,668
0.02,4210
-0.131,8074
-0.0587,6045
0.0933,2555
-0.212,10062
-0.116,9738
-0.072,7220
0.375,173
-0.144,9042
-0.172,9810
-0.193,7926
0.0452,3461
-0.285,9586
-6.28e-05,5014
0.531,52
0.0243,3904
0.0437,3939
0.00745,4690
0.0178,4546
-0.0196,5418
-0.00128,5169
-0.0728,5913
0.144,1866
-0.137,10377
-0.119,8917
-0.0357,5990
-0.0703,6751
0.0753,3414
-0.116,6895
-0.0435,7074
-0.0468,7163
0.441,232
0.328,806
0.0497,4055
-0.0184,5425
0.0833,2870
-0.0463,7009
0.648,1562
0.206,1134
0.142,2968
-0.133,8986
-0.0641,7270
-0.433,9815
0.035,4242
0.303,983
0.419,607
0.084,2738
-0.0501,7422
-0.207,9983
0.0579,3185
-0.187,10273
0.0487,4035
-0.184,10063
-0.0156,5938
-0.0568,7538
0.0942,1230
-0.236,8029
-0.262,10024
-0.101,8486
-0.0382,6293
-0.0114,5580
-0.66,8547
-0.148,6832
0.0767,3550
1.37,377
-0.0038,5171
0.0188,4411
0.184,644
-0.0528,6940
-0.0846,7267
-0.0648,6861
0.137,2796
0.000672,5237
-0.0703,7574
0.0204,4318
0.0898,3461
0.096,3299
-0.0774,7510
-0.0575,8346
0.143,1510
-0.114,8669
0.0137,4559
-0.0666,7591
-0.172,10375
-0.232,10431
0.23,347
-0.0202,5445
-0.44,9164
-0.0559,5545
-0.065,6933
0.0407,3785
0.0227,4163
0.165,438
0.0494,3748
-0.00412,5050
0.358,230
0.0292,4192
0.274,545
-0.625,9663
-0.0273,5798
0.0777,3578
0.111,1292
0.00246,5112
0.0392,3624
-0.158,7735
0.105,2303
-0.0687,6458
0.0098,4273
-0.0266,6085
-0.205,10064
0.016,4561
-0.0944,8259
-0.222,9102
0.807,178
-0.549,10400
0.16,2027
-0.121,8024
0.225,1834
0.363,2209
-0.169,9490
1.39,2
-0.00213,5197
-0.0347,5921
-0.0704,6805
-0.537,10277
0.189,502
-0.0604,6976
0.0249,4192
0.294,1832
0.153,614
-0.0634,6799
-0.0257,6326
-0.0164,5716
0.441,937
-0.187,9818
0.175,2949
-0.0121,5563
0.0334,2764
0.172,1934
0.0216,4191
0.0219,4445
-0.107,8704
0.0311,3815
0.0505,3593
-0.117,7668
0.0979,1534
0.0622,2350
-0.0522,7519
0.0858,1654
-0.106,8800
-0.0646,7109
0.0058,4833
-0.137,7999
-0.0293,6166
-0.181,10020
0.306,281
-0.16,9452
-0.0875,7203
0.151,2578
-0.0239,5434
-0.0618,7368
0.147,1012
-0.102,7459
0.0502,3259
-0.279,8714
-0.00592,5293
-0.051,7380
-0.125,9388
-0.175,8416
-0.0374,7022
0.00859,4818
-0.0364,6383
-0.0755,9067
0.0322,3486
-0.0278,5926
0.0643,3012
-0.00147,5054
-0.246,8846
-0.097,7649
0.0479,3337
-0.185,9076
-0.109,8296
-0.0345,5477
0.341,450
0.2,967
-0.07,8466
0.125,1479
0.0809,2966
-0.0439,6474
-0.138,8068
-0.213,9565
-0.0252,6163
0.139,2067
0.112,2097
-0.124,8357
0.167,2054
0.101,2339
-0.0486,6327
-0.213,9178
-0.0214,6150
0.0564,2965
0.614,2040
-0.169,8582
0.0737,2675
-0.0314,6445
0.0186,4441
-0.101,7334
-0.0593,7378
0.0192,4407
-0.195,10127
-0.163,6483
2.26,674
-0.125,5556
0.0551,3642
-0.206,8359
-0.276,8382
0.00224,5073
-0.0434,6082
-0.0897,7021
0.306,217
-0.0582,8015
-0.0283,5540
-0.156,8294
-0.128,8404
-0.104,7252
0.14,964
-0.0831,8753
-0.0334,5671
0.0199,4529
0.0745,3646
-0.00634,5463
0.0676,3693
0.00469,4917
-0.0854,6522
0.0382,3732
-0.0337,5812
0.0274,4132
0.181,154
-0.0785,8411
-0.0963,7978
0.0428,3484
-0.475,10161
0.653,1216
0.198,110
0.099,638
0.0536,3970
0.128,1770
0.0554,4002
-0.282,6866
0.0276,3646
0.185,839
0.127,1991
0.0249,4118
0.0214,4420
-0.113,8010
-0.13,9257
0.0296,3589
-0.0169,6252
0.0985,1910
0.0658,2445
-0.064,7395
-0.0294,7641
-0.111,8894
-0.277,9209
-0.133,9831
0.384,948
-0.139,8860
0.021,4263
-0.133,9207
-0.153,8317
0.0773,3695
-0.108,9150
-0.176,8320
0.0445,3219
0.00369,5001
0.0156,3603
-0.142,6648
0.0151,3689
-0.0143,5280
0.227,687
0.511,927
-0.0337,5562
0.00998,4901
0.109,2402
-0.1,6092
0.0631,3510
-0.447,9647
-0.0929,7264
-0.0569,7077
0.0987,2960
0.208,2402
-0.132,8393
-0.0313,5511
0.228,789
0.0902,1968
-0.18,9399
-0.557,9653
0.018,4492
-0.0329,5478
-0.0794,7747
-0.122,8597
-0.0886,8631
0.0495,3364
-0.11,7743
-0.106,6965
0.17,1614
0.00196,4752
0.115,2321
0.0288,3961
0.0387,3833
0.0325,4373
-0.00257,5098
-0.0496,7644
-0.0392,7615
-0.074,7578
0.0237,4515
-0.0267,6081
0.0707,3971
0.0724,3225
0.089,2212
0.036,3990
-0.00112,4945
-0.283,9443
0.0384,4296
0.00489,5041
0.127,1076
-0.0936,8223
0.0505,4063
0.0296,4501
0.0856,3421
0.278,83
-0.0547,6927
0.0755,2728
0.114,2032
0.129,3309
0.0667,3055
-0.0385,6845
0.00617,4752
0.0837,3091
0.266,317
0.46,25
-0.0315,5227
-0.00315,5240
-0.0417,7696
-0.1,6987
0.271,813
-0.0547,6107
-0.102,6686
-0.113,8907
0.158,934
-0.182,9661
0.121,2565
0.0157,4785
0.0136,4590
-0.0466,8143
-0.0347,7230
0.0635,2986
-0.0527,7130
0.333,1813
-0.0653,7947
0.0786,1956
0.384,289
-0.232,9947
0.00936,4607
-0.00799,4958
-0.0376,6059
0.124,1875
0.00627,4850
0.0173,4835
-0.169,9926
-0.0857,6838
0.0515,3558
0.0405,3739
0.138,704
-0.0781,6699
0.0241,4715
-0.189,8877
0.0555,3174
-0.149,10306
0.129,596
0.0536,3977
-0.0751,5526
0.102,2970
0.103,2823
-0.27,9904
-0.0215,6144
0.00827,4863
-0.00778,5393
-0.346,10396
0.208,557
0.0794,2753
0.272,478
-0.149,7130
0.204,1371
0.0677,3856
0.0174,4518
0.0777,1956
0.0632,3794
-0.325,10289
0.0775,942
-0.194,7607
-0.151,8435
0.0556,2363
0.000849,4849
-0.0103,5635
1.63,834
0.262,2494
-0.255,9463
-0.0838,8187
0.0339,3799
0.0657,3655
-0.262,8729
-0.0592,7567
0.0838,2035
0.029,4447
0.0998,2086
-0.0258,6840
0.0866,2685
-0.142,8791
0.0726,2818
-0.126,8644
-0.108,9094
0.223,454
-0.101,8491
-0.0435,6066
-0.306,9429
0.158,1074
0.0488,3660
-0.0211,5570
-0.155,9417
0.168,2073
-0.0656,6860
-0.0739,9189
-0.0291,6768
-0.149,6286
-0.212,4765
-0.532,9745
0.367,420
0.0704,1942
0.0588,2715
-0.219,9991
-0.127,8174
0.222,564
0.0137,4569
-0.113,9371
0.0609,3693
-0.0315,6017
-0.121,8116
0.0078,4712
0.161,1598
0.111,2173
-0.113,8860
-0.237,10338
-0.0601,6602
0.218,843
-0.0695,6614
0.0305,4164
0.0383,3270
-0.19,9651
0.145,1971
0.164,2404
0.636,849
0.14,1311
0.0493,3431
-0.146,7260
-0.00818,5250
0.0658,3071
0.0828,2817
-0.0593,7413
-0.171,10217
0.0415,2843
-0.019,5152
0.0196,4349
-0.224,9599
-0.101,8598
-0.136,9589
0.149,1416
0.0304,4376
-0.0342,6831
0.0928,3709
0.016,4317
-0.014,5705
-0.133,7992
0.323,1143
-0.155,9185
-0.0953,7080
0.0504,2915
-0.196,8947
-0.0933,7991
0.338,229
-0.199,8668
-0.216,9565
-0.0279,6378
0.0542,3255
0.0419,3672
0.0845,2821
-0.208,8732
-0.0383,6839
-0.0418,7384
-0.478,10383
0.383,1414
0.352,51
-0.155,9221
0.0497,3149
-0.0166,5450
0.0268,3887
-0.14,8288
0.637,18
0.0306,3857
-0.0353,6326
-0.0223,5333
0.37,233
0.119,2351
-0.344,9700
-0.114,6405
0.194,256
0.104,2235
-0.0461,6715
-0.00405,5003
-0.000491,4885
0.0272,4378
0.1,1024
-0.0642,7655
0.13,3064
-0.0609,7788
0.16,1959
-0.144,7941
0.0896,2581
-0.116,8481
0.0319,3471
0.0128,4799
-0.0629,7715
-0.0748,7438
-0.139,9615
-0.206,10360
-0.211,9109
0.0191,4332
-0.0793,7571
-0.237,7860
-0.235,8686
-0.1,8785
0.0828,2957
0.22,803
0.0323,4090
0.145,2517
-0.233,9961
-0.0832,8476
0.0579,4238
0.0592,2792
-0.119,8509
0.372,230
0.161,680
-0.221,10260
-0.0838,8613
0.289,1508
-0.113,6792
0.288,992
-0.00438,5514
-0.181,9771
0.0299,3766
-0.203,8807
0.441,62
-0.0507,6351
-0.197,9550
0.101,2154
-0.16,7182
0.105,3258
0.369,407
-0.156,4491
0.0612,3572
-0.0277,5849
-0.126,8360
0.0333,4069
-0.0589,7472
0.0599,2804
0.213,1761
-0.162,8952
-0.0131,5401
-0.0598,8282
0.000325,5306
0.000207,5107
0.436,531
0.132,2335
-0.259,9458
-0.0394,6559
-0.0511,8533
-0.0609,7471
-0.0433,6121
-0.27,8956
-0.165,7843
-0.21,8452
-0.2,9931
-0.103,9408
0.0676,3077
-0.0831,7077
-0.142,8825
0.0852,2355
-0.116,9432
0.0719,3538
-1.35,9855
-0.204,9089
-0.0205,5422
-0.0324,6040
0.0871,3147
-0.125,8605
-0.0137,5189
0.0855,2949
-0.0327,6656
0.193,196
0.175,1046
-0.0493,6448
-0.0397,6212
0.108,2912
0.0999,1861
0.00205,5163
0.0545,3779
0.278,835
-0.204,8260
0.0749,2758
0.0504,3730
0.327,406
0.283,571
0.265,395
0.173,707
0.2,957
-0.263,4826
-0.138,8654
-0.36,7383
0.0533,2505
-0.0697,8255
-0.608,8025
-0.251,4638
0.00472,4971
0.334,658
-0.287,8701
0.0909,2137
0.0664,2753
-0.00742,4937
0.362,1249
-0.0732,6596
-0.038,6764
-0.0275,6151
0.248,932
-0.124,8515
0.169,2215
-0.411,8207
0.011,4540
0.192,894
0.00376,4917
0.182,2329
-0.159,9057
0.307,272
0.106,855
-0.168,8358
0.0991,2946
-0.11,8322
0.0332,4422
0.126,2611
0.114,2484
0.0408,3629
-0.15,9464
-0.0487,6340
0.00883,4984
0.237,624
-0.0649,9898
0.0603,1535
0.0128,4641
-0.197,9734
0.0136,4375
-0.0528,6526
0.17,384
-0.0448,6928
-0.248,8004
0.304,1284
0.0435,4197
0.0168,4531
-0.0308,5787
-0.0175,5264
-0.0416,6562
0.0974,3516
-0.13,7739
0.137,2024
0.011,4719
-0.148,8036
0.118,2512
0.0284,4370
-0.0103,5371
0.156,1459
-0.123,9489
-0.102,8192
0.0465,2837
-0.0314,6461
-0.245,9917
-0.116,7923
0.0169,4400
-0.169,9905
0.0948,1875
0.0619,3397
-0.393,8969
0.106,851
0.032,4112
-0.115,9383
0.0805,3424
-0.199,7646
-0.247,10330
-0.35,9724
-0.144,9624
0.0522,3814
0.0688,2981
0.185,503
-0.0467,7322
-0.111,8577
0.165,738
-0.038,6394
0.12,2609
0.531,1
0.15,1718
0.131,2076
0.138,283
0.028,4058
-0.31,10233
0.0866,2923
-0.122,9946
-0.119,9060
0.3,60
0.0946,2342
0.219,764
-0.188,9793
0.166,2334
-0.355,10251
-0.00107,4971
-0.0301,6356
-0.338,10398
0.574,1486
-0.0793,6696
0.173,1470
-0.232,9583
-0.0629,7241
-0.0752,6770
0.534,325
0.00184,4761
0.00957,4662
0.0454,3814
-0.125,9285
-0.0422,4033
0.141,1726
0.39,65
0.00864,4584
0.0745,2617
-0.0511,6164
0.163,1093
-0.143,9157
-0.0716,7525
0.6,107
0.11,801
-0.142,9813
0.138,2367
-0.0315,5691
-0.133,8857
0.018,4376
0.00585,5008
-0.0718,9066
-0.0441,6613
-0.0901,7142
-0.128,9430
-0.0607,6885
0.0678,2329
-0.0701,7583
0.17,815
-0.256,9702
-0.0696,6207
0.279,52
0.117,1752
-0.0867,7494
0.0105,4161
0.0167,4391
0.0442,4157
-0.0245,5917
-0.0441,7948
-0.209,7786
-0.0956,6700
0.176,618
0.0448,3317
-0.0839,7329
-0.0604,7941
-0.0516,6541
-0.0511,5796
-0.0422,5716
0.246,1720
-0.0366,5312
-0.0727,7685
0.091,1573
-0.11,9595
-0.00813,5264
0.292,622
-0.17,9112
-0.205,9942
-0.111,8348
0.0636,3441
0.0878,2509
-0.323,9431
-0.191,8220
-0.0716,7702
0.0462,3560
-0.0633,6213
-0.0879,8438
0.0525,4165
0.156,3224
0.0499,2900
-0.269,9848
-0.128,8729
-0.0416,6610
0.00237,5052
-0.222,7990
0.0779,3615
-0.0919,7148
-0.0996,8684
-0.104,7722
-0.145,8348
-0.0974,8388
-0.0875,8145
-0.0268,5633
-0.244,8917
0.0168,4452
-0.115,6453
-0.0182,5184
0.00444,4964
-0.0651,7250
0.296,122
0.144,773
-0.049,6322
-0.211,10230
0.165,2004
0.0519,3027
-0.0573,6883
0.0435,4002
-0.213,8189
-0.0828,8007
0.0339,3985
0.286,518
-0.0225,5624
-0.00615,5090
0.126,1391
-0.312,9149
0.0229,3850
-0.123,9504
-0.0374,7088
-0.00346,5329
0.275,71
-0.211,9584
-0.165,7186
0.356,442
0.0203,4377
-0.0168,5496
0.0392,4371
0.179,1663
0.037,4210
0.0199,3681
-0.0188,5639
-0.0474,6521
0.0263,4557
0.0156,4697
0.259,556
0.0157,4601
0.0302,4029
-0.0431,6036
0.0152,4127
0.00625,4728
-0.0569,7074
0.0897,1961
-0.091,7264
-0.0505,7226
-0.0879,6134
-0.0207,5425
-0.174,9337
-0.0527,7462
-0.157,8063
0.052,3160
-0.19,9385
0.00497,4660
-0.134,8145
-0.0431,7113
-0.129,8367
-0.182,9984
-0.211,8969
-0.024,5095
-0.232,8671
-0.118,7582
-0.0282,5725
-0.226,9159
0.591,1773
-0.0615,6249
0.0239,4187
-0.0626,7120
-0.165,9021
-0.00646,5488
0.052,3021
-0.317,9784
0.028,3546
-0.0227,6986
0.0773,3392
-0.239,9190
-0.133,10206
-0.4,9439
0.0842,1462
0.178,212
0.00732,4593
0.18,1462
-0.174,8686
0.115,2845
-0.211,9697
-0.0502,6958
-0.0199,5811
-0.131,9144
0.121,2630
-0.00218,4843
-0.161,8906
-0.0646,8121
-0.0243,5704
0.0954,3488
0.0712,3616
-0.117,7830
0.0354,3283
0.00351,4946
-0.0616,7745
0.703,42
-0.0301,5386
0.358,353
-0.0863,9001
-0.0565,8476
-0.0884,6760
-0.184,7753
0.383,1068
-0.189,8038
0.0476,4377
0.0768,3095
0.0587,3467
-0.0339,6284
-0.184,7656
0.192,1273
-0.15,9765
-0.224,9265
0.0931,3241
0.153,848
0.0385,4317
-0.117,6491
0.0232,3996
-0.0226,5800
0.0748,3423
-0.0862,7150
0.128,2240
0.137,2204
0.192,778
-0.059,6651
-0.108,8408
0.0895,3012
-0.036,4462
0.51,194
0.032,4046
-0.146,8294
0.0514,3466
0.175,1161
0.369,108
-0.155,9604
0.0701,2946
0.0138,4610
-0.112,8075
-0.4,8878
0.106,2332
-0.154,8401
-0.102,8194
-0.0978,9722
-0.183,9289
0.0393,4103
-0.11,8780
-0.484,10435
0.0139,4380
0.0669,1745
-0.083,6487
-0.172,9327
0.0811,2912
-0.072,7171
-0.0546,6278
0.0146,4583
0.107,2466
-0.0105,4951
0.227,802
-0.167,7450
0.18,1421
-0.00788,5487
-0.141,8066
-0.12,8477
0.131,1695
-0.368,8860
-0.055,7464
0.0313,3644
-0.161,9148
-0.0241,5773
0.0553,3488
-0.0926,7203
0.0575,3680
0.0598,2657
-0.0015,5059
0.0509,3171
-0.335,10135
-0.0432,6404
0.134,906
0.0233,4294
-0.339,8992
-0.255,9095
-0.112,7111
0.0724,2818
0.136,562
-0.0377,7243
-0.216,9699
0.0809,3688
-0.318,7706
-0.00971,4453
0.104,2101
0.0513,2791
-0.0888,7545
-0.258,10371
-0.176,9782
-0.0234,5347
-0.0266,6067
-0.00509,5350
0.09,2552
0.0113,4818
0.0765,2784
0.362,742
-0.0463,7066
0.103,2215
0.0302,4369
0.116,2027
0.0907,2572
-0.271,10094
-0.271,10441
0.0732,2491
0.49,21
0.0134,4528
0.178,2010
-0.172,9317
-0.091,9347
0.299,2052
0.033,3704
0.0609,3302
-0.066,6615
-0.232,8363
0.0592,2972
-0.0548,7728
0.848,184
1.78,43
1.15,114
1.07,178
1.33,76
1.53,66
0.0591,3884
0.0157,4665
0.000446,4900
0.202,483
-0.0175,6045
-0.015,5241
-0.0468,7304
0.0892,3057
-0.0355,6129
-0.367,8962
-0.0168,5499
-0.78,10002
0.0132,4482
-0.392,10414
-0.0749,7165
0.168,983
0.0394,3324
-0.182,8741
0.0136,4617
-0.0933,6066
0.00456,4892
0.0252,4351
0.0205,4460
-0.258,10233
-0.117,8073
0.026,4134
0.0347,4116
0.0554,3560
-0.423,10264
0.0698,3713
0.227,888
0.324,426
-0.05,6676
-0.0118,5463
0.0581,2083
0.0481,4049
-0.525,9381
-0.0112,5060
-0.247,10317
-0.135,8330
0.00302,4822
-0.0156,5046
-0.0954,7293
0.108,3031
0.118,1913
-0.305,10432
0.0325,3650
0.22,905
0.065,3038
-0.244,8510
-0.105,6357
-0.157,9424
0.012,4366
-0.12,9671
-0.0727,7399
0.0502,4200
-0.197,6578
-0.0372,7099
0.0328,3500
-0.0336,5826
-0.052,6153
0.501,1177
0.00396,4675
0.148,1223
0.121,929
-0.137,8584
-0.0561,6131
-0.245,10444
0.0856,1306
-0.129,9910
-0.0133,5572
-0.137,8743
0.0671,2836
-0.108,8194
0.0683,3055
0.00963,4890
0.0399,4027
-0.275,9867
-0.146,8952
0.0399,4036
0.103,3086
-0.089,7568
-0.136,9105
0.198,947
-0.0126,5090
-0.387,7861
-0.035,5912
-0.21,10106
-0.0488,6166
0.0776,3764
0.00783,4737
0.0664,2766
-0.0372,6095
0.111,896
0.106,1439
-0.391,10044
-0.0203,5802
0.0676,3233
0.0119,4819
0.0147,4649
-0.0255,5657
0.218,778
-0.0146,5415
0.104,2405
-0.0339,5672
0.049,3830
0.00448,4575
0.223,657
-0.197,6417
-0.0325,5578
-0.0661,6576
0.295,983
-0.0708,7462
-0.13,8053
-0.0583,7080
-0.208,8746
0.0253,3652
-0.157,10003
0.0442,2617
0.00647,4980
-0.171,7409
-0.0102,5757
-0.294,10257
-0.129,9473
0.078,3021
-0.175,8955
0.0313,4067
0.548,524
-0.157,7509
0.232,215
-0.0474,7520
0.0475,3568
-0.0241,6411
-0.00409,5332
-0.0893,8624
0.131,2643
0.124,1353
0.0301,4088
-0.0712,7153
-0.124,8681
0.0996,2330
0.258,1464
-0.0342,6319
-0.104,6213
-0.244,8709
-0.0979,9333
-0.055,6863
0.0531,3667
-0.0708,7838
0.16,637
0.0688,2631
0.103,1964
0.117,2171
-0.166,9023
-0.282,9041
0.159,1021
-0.148,9198
0.166,702
-0.182,8633
-0.101,8277
-0.0696,8118
0.0612,3200
-0.0154,5454
-0.149,8625
-0.12,7280
-0.239,9802
-0.158,7652
-0.0721,8172
-0.0483,7364
-0.345,9607
-0.00701,5116
-0.153,8464
-0.127,9008
0.0395,3614
-0.239,9610
-0.102,8059
-0.128,9053
0.326,748
-0.0332,6801
0.058,3307
0.00522,4814
0.00345,4908
0.247,1030
0.0544,3851
0.0461,4052
0.0747,3540
-0.0029,5517
-0.0686,6822
-0.12,8305
-0.191,10123
0.126,3018
0.143,298
0.00179,5192
0.148,2988
0.252,2191
0.118,2922
0.14,1363
0.0863,589
0.0528,2702
-0.409,9325
-0.341,8867
-0.207,9026
-0.143,8200
0.0795,2750
0.092,3078
-0.45,6827
-1.31,10338
-0.459,7301
-0.192,7322
-0.018,5783
-0.0325,5844
0.412,62
-0.203,5001
-0.136,7705
0.104,1622
-0.0735,9540
0.025,4336
-0.215,9441
0.118,1649
-0.462,10210
-0.143,9165
-0.198,10235
0.134,2788
0.0882,2651
0.412,902
-0.0007,5213
0.156,1218
-0.136,9505
-0.106,7328
-0.0558,5810
0.535,110
0.00359,4960
-0.0408,5626
-0.127,9695
-0.0458,6081
-0.286,10073
-0.0516,6807
0.0663,2988
-0.0418,5889
0.0271,4217
-0.0876,8060
0.0892,3097
-0.00567,4665
-0.171,9608
0.0166,3846
-0.0235,5919
-0.249,9221
0.438,46
-0.406,10146
-0.059,7617
-0.114,8708
0.0903,3235
0.016,4713
0.0822,2443
-0.224,8195
0.204,1704
0.242,125
-0.0394,6019
0.114,3088
0.0879,2053
1.55,28
-0.0302,6363
-0.0668,7659
0.462,15
0.154,1587
-0.00604,4970
-0.157,8770
-0.223,9727
-0.0492,6023
0.0679,3166
-0.0301,5780
-0.0949,6627
-0.163,7314
-0.154,8458
0.0127,4693
0.036,3906
-0.118,8504
0.177,1166
-0.123,7494
0.0132,4352
0.0351,2928
-0.274,9901
-0.101,5579
0.824,146
-0.116,6847
0.168,1293
0.0817,2010
-0.111,8725
0.309,1361
-0.307,8519
-0.196,9792
0.092,3611
-0.291,9486
0.0664,3268
-0.33,9913
-0.0816,5713
0.115,1307
0.0655,2951
-0.152,9799
0.311,294
-0.0317,5958
0.032,4017
-0.159,9674
0.204,1413
0.117,679
-0.134,7351
0.0155,4739
0.0167,4572
-0.272,9815
0.00273,4998
-0.0495,7394
0.12,2703
-0.199,9204
-0.454,10190
-0.209,9138
0.0744,2564
-0.0459,7079
0.118,2344
-0.182,9193
0.291,1357
-0.0444,6145
-0.0621,8956
0.0709,2132
0.335,511
-0.046,6261
-0.0579,7167
0.136,2168
-0.138,8950
-0.22,10297
-0.151,9422
-0.436,9158
-0.252,7899
0.255,676
-0.00196,5013
0.033,4042
-0.272,10391
-0.0209,5804
-0.0904,8044
-0.35,10267
-0.0617,7296
0.0342,3696
0.0638,3198
0.126,1408
0.25,397
-0.265,9683
-0.115,10128
0.000466,5041
0.0951,3368
0.358,819
-0.285,8998
-0.193,7109
0.235,216
0.0529,3660
-0.193,9362
0.469,24
0.0209,4405
-0.0362,5890
0.028,3693
-0.133,9780
0.0282,4175
0.322,516
0.0975,3151
-0.24,10077
-0.0294,7249
-0.0366,6323
0.148,1423
0.206,417
-0.052,6946
0.256,900
-0.0617,6366
-0.00204,5070
-0.154,9630
0.135,1789
-0.091,7669
-0.228,8610
0.128,709
0.237,107
0.0579,3182
0.0532,3449
-0.0757,6467
0.275,1938
-0.0381,6590
-0.0384,6346
0.000121,5178
0.00653,4810
0.0866,2698
-0.216,9658
0.113,945
0.137,755
0.133,1372
-0.145,8437
0.284,2174
-0.232,9815
0.0907,2283
0.246,738
0.244,399
-0.105,7155
0.236,755
0.281,2587
-0.146,8901
-0.00682,5410
0.158,1292
0.204,776
0.456,873
-0.259,9984
-0.0842,7943
-0.0352,7313
0.0158,4782
0.103,2119
-0.0721,6896
-0.28,8193
-0.354,10449
-0.223,10014
-0.00361,4751
0.343,1942
0.0847,2679
-0.112,8564
-0.237,9901
-0.0945,8045
-0.0838,7404
0.144,1645
0.0877,2702
0.159,2260
0.0239,4466
0.0575,3125
0.259,399
0.0123,4726
-0.165,7811
-0.258,8691
-0.1,8338
-0.12,10373
-0.056,5315
-0.00352,5121
-0.0292,6282
0.0377,3246
0.187,182
0.367,47
-0.156,9485
-0.0399,6036
-0.234,8759
-0.0536,9209
0.0284,3647
-0.0316,6417
-0.0852,6859
0.00261,4921
-0.313,10351
-0.0559,6320
0.128,414
-0.173,9828
-0.118,8151
0.359,439
-0.265,9804
-0.166,9963
0.0638,1928
-0.0435,7270
0.15,1819
-0.0574,6757
0.0528,3782
0.198,1996
-0.279,9901
0.0218,4005
-0.265,9054
0.148,1375
-0.127,6769
-0.0642,7826
0.0976,1356
-0.0307,6404
0.0529,3908
-0.43,10166
-0.0649,6688
0.0235,4184
0.0896,858
-0.0316,6134
-0.0806,7085
-0.119,6756
0.562,438
0.0682,3564
0.179,543
0.108,1462
0.11,3212
-0.011,5236
0.0821,3222
0.0932,3037
-0.0317,6640
-0.00229,5111
-0.204,9666
0.0424,3676
-0.222,9257
-0.0294,6413
-0.195,4967
-0.0254,6071
0.167,2673
0.139,1801
-0.0134,5251
-0.25,9588
-0.0118,5873
0.08,3021
-0.418,7556
-0.0526,5841
0.0131,4666
-0.171,7472
0.0881,1674
0.197,88
-0.475,7625
0.603,1622
0.119,3465
0.0543,3868
0.23,2469
-0.312,9072
0.461,638
-0.239,8513
0.0744,2791
-0.0556,7036
0.191,2849
-0.0104,3304
-0.00186,4967
-0.0374,7128
-0.0934,8835
-0.938,10043
-0.31,8851
-0.285,8563
-0.145,7575
-0.0186,5532
-0.576,7682
-0.0372,5265
0.0158,4411
-0.212,9303
0.0602,3308
-0.0195,5465
0.0913,3468
0.235,824
-0.261,9181
0.095,2931
0.0753,3088
-0.11,5006
0.314,1673
-0.0337,5994
0.106,3630
0.0616,3953
-0.00694,5278
-0.264,8173
-0.0341,5695
0.24,1382
-0.318,6578
-0.0652,7563
0.00184,4779
0.0257,4283
0.164,412
-0.0314,5423
0.0356,4235
-0.115,9199
-0.167,10133
-0.148,8205
-0.0431,5926
0.0421,3907
0.268,621
-0.0852,7787
-0.0215,5160
-0.133,8950
0.0582,2885
-0.0252,6826
0.041,4034
-0.0915,8040
-0.0598,7013
-0.0264,6222
0.0584,2101
0.226,330
0.586,1951
-0.356,6856
-0.273,7614
0.478,1197
-0.424,9375
0.113,1964
-0.145,8468
0.053,3869
-0.137,9018
-0.213,10178
-0.0819,9280
-0.00316,5109
-0.0464,6070
-0.0344,6624
-0.111,7389
-0.151,9844
-0.0474,6650
-0.324,7936
0.109,1832
0.0299,4087
0.124,2626
0.0181,4401
0.0904,895
-0.0451,6585
0.0339,3974
-0.0147,5718
0.0279,4079
-0.0243,6031
0.29,448
-0.0319,7069
0.2,1425
0.265,218
-0.0181,5521
-0.00215,5270
0.0156,4280
0.104,2806
0.151,752
0.451,415
0.178,1546
-0.0481,7577
-0.00443,5693
0.157,1584
0.107,2856
0.156,391
0.0606,2988
0.449,59
-0.152,9418
0.106,2483
-0.291,8853
-0.323,9868
-0.139,8964
-0.0812,7798
-0.187,8860
0.0612,3013
0.255,1490
0.175,1691
-0.183,8177
0.124,366
-0.00141,5282
0.105,2198
-0.0939,7707
-0.194,8792
0.0255,4683
-0.215,10003
-0.155,9737
0.0864,1285
0.254,565
-0.102,7616
0.145,909
-0.104,7592
0.249,419
-0.015,5463
-0.189,8730
-0.0923,6313
0.0645,3852
-0.0682,8260
-0.00327,5394
-0.12,9528
0.0225,4266
-0.202,7239
0.0441,3029
-0.0122,5833
0.00542,5006
0.38,283
0.114,2755
0.0529,3750
-0.102,7900
0.125,1864
0.0526,2796
-0.131,9259
-0.196,9781
-0.259,8205
-0.149,6210
-0.0364,6558
0.056,2322
-0.148,7046
0.376,352
-0.239,7742
-0.572,10109
-0.17,8518
-0.111,7018
0.712,535
0.176,1589
0.109,3631
0.197,1601
0.332,924
-0.0598,5651
0.175,873
-0.0497,7371
0.266,1356
0.368,511
0.00631,4735
-0.235,9636
-0.0891,9095
0.117,1548
0.012,4338
-0.13,8338
0.0191,4188
-0.0617,7473
-0.173,8995
0.369,159
-0.123,7823
-0.0232,5731
-0.106,8625
0.0189,3909
-0.0825,7080
0.323,528
0.0654,3830
0.16,1328
0.0853,1407
0.24,673
0.167,1053
-0.0167,5853
0.0617,3865
-0.118,6382
0.0331,3510
-0.0401,7379
-0.0538,6316
-0.14,8519
-0.0218,6420
-0.154,8688
-0.0471,7589
-0.00447,5404
-0.354,9663
-0.0514,6077
0.428,303
-0.201,9325
0.104,2530
0.0646,1356
-0.163,9308
-0.0346,6473
0.0375,3867
0.199,1235
0.107,1971
0.128,1062
0.0788,2637
-0.0531,7285
-0.169,9065
0.136,2653
-0.008,5391
-0.169,9531
0.316,283
-0.0964,6168
0.122,2681
-0.182,9906
-0.0355,6146
0.297,855
-0.0754,6990
0.0655,2153
-0.0409,6252
0.317,1448
-0.175,7938
-0.0862,7977
-0.0573,6262
-0.141,8896
-0.0371,5672
-0.0232,5616
0.291,615
-0.0566,6785
0.072,3465
0.0196,4580
-0.146,7253
-0.075,6833
-0.0896,9281
-0.0972,7669
-0.0664,6652
0.0243,4285
-0.43,6198
0.0321,3503
-0.123,9095
-0.227,10298
-0.0574,6242
-0.444,8509
-0.128,7581
-0.219,8328
0.0142,4583
-0.167,8522
-0.121,6801
0.0148,4487
-0.0445,7210
0.14,1214
-0.188,9358
-0.0541,7466
-0.0146,5705
0.0716,2610
-0.141,8015
0.0891,3099
-0.0809,8781
-0.183,8509
0.00628,4866
0.0214,4457
0.0144,4728
-0.135,6262
-0.0387,5896
-0.0164,6482
0.0526,3517
0.0588,3341
-0.0673,7558
0.141,1856
-0.125,7555
0.033,2951
-0.399,5508
-0.444,6391
-1.28,10158
-0.501,8638
-0.00833,4264
-0.222,5193
-0.552,8082
-0.0539,6077
0.0712,3003
0.0475,3662
0.173,333
-0.13,9111
0.116,2497
0.324,290
-0.157,8773
0.0389,4048
0.0578,1914
-0.137,8096
0.0931,3172
-0.184,8017
0.161,1475
0.00511,4622
0.0468,4115
0.0543,3397
-0.134,9563
-0.106,8401
0.123,2813
0.0248,3599
-0.00165,5196
0.105,1734
0.0725,1696
0.0292,4067
0.298,1579
-0.112,9660
0.21,733
-0.0661,6558
0.0347,3943
-0.129,7835
-0.191,7701
0.141,1733
0.0594,2367
-0.189,8728
0.0689,3557
-0.13,8570
0.0929,2298
0.0367,3866
0.107,3204
0.123,2062
0.134,3130
0.0254,4146
0.0251,4073
-0.0785,8267
-0.105,6926
-0.124,6470
-0.37,9983
-0.117,6857
0.031,3934
0.0621,3590
0.0995,2310
0.0334,4154
-0.0642,6435
0.0311,3727
-0.108,8284
-0.127,7693
-0.073,7094
-0.0931,7990
-0.0111,5283
-0.108,8677
0.0236,3972
-0.0239,5653
-0.00167,5184
0.0287,4450
0.305,714
0.123,2265
0.0477,2599
-0.0109,5472
-0.0284,6409
0.0736,3187
0.0886,2877
-0.0163,5836
-0.0311,5829
0.0398,3805
-0.035,6260
-0.0187,5732
0.224,1083
-0.045,7095
0.024,3979
0.292,128
-0.119,8348
0.293,912
-0.0345,6349
0.00258,4979
0.00882,4613
-0.0323,6348
-0.187,8419
0.0706,3376
0.00959,4854
0.134,836
-0.00392,5353
-0.0737,6935
0.0197,4567
-0.2,9056
0.219,1127
0.0885,1482
0.0186,4149
-0.152,7689
-0.282,10167
-0.0327,6189
0.061,3120
-0.153,9266
0.0775,2765
-0.032,5907
-0.0591,6500
0.162,1910
-0.0985,9749
0.05,3803
0.167,928
0.178,2841
0.0288,4240
-0.171,6891
-0.0752,7769
-0.0787,8308
0.25,1306
0.372,1111
-0.258,9247
-0.248,8581
0.173,975
0.0278,4008
-0.0504,7088
-0.147,8442
0.261,806
-0.155,7616
-0.0542,8004
0.0507,2436
0.79,1299
-0.244,9073
-0.182,8995
0.0574,3776
0.0155,4436
-0.0119,5552
-0.207,9445
-0.306,9188
0.151,973
0.0976,3028
-0.128,9578
0.158,597
0.202,100
0.0569,3332
0.014,4810
0.154,1682
0.00799,4823
0.0957,1061
0.23,166
-0.00318,5242
0.0601,3675
0.0104,4481
-0.26,9948
0.31,637
-0.0203,5486
0.298,244
-0.401,10430
0.271,1625
0.173,949
-0.0271,6941
0.0818,1495
0.0338,3494
-0.339,10167
-0.0687,7516
-0.169,9355
-0.0516,7547
-0.0585,7914
-0.155,8695
0.027,4235
-0.125,8072
-0.0331,6178
-0.0716,8394
0.0583,4183
0.562,1063
0.323,527
0.0338,4074
-0.229,9874
0.091,1875
-0.0883,7208
0.215,1439
-0.416,9991
0.324,1769
-0.00672,5248
-0.0817,7749
0.0468,2668
0.273,942
0.0391,3879
0.0801,3278
0.0311,3357
0.244,15
-0.322,10231
-0.236,10020
0.171,2627
-0.402,10120
-0.15,9220
-0.338,7160
-0.0672,6555
0.0768,3490
-0.219,9155
0.056,2789
0.185,374
0.232,1920
-0.226,10135
-0.0978,8097
0.0884,3601
-0.235,10085
0.412,40
0.11,2538
0.015,4501
0.441,1993
-0.0844,6967
0.0515,3188
-0.0136,5488
0.00593,4643
-0.42,9460
-0.0524,7102
-0.126,8425
0.117,1227
0.0191,4478
0.000349,4916
0.05,3484
0.144,405
-0.262,9404
-0.0203,5373
0.0861,1658
-0.0437,8736
-0.433,10193
-0.208,10159
0.000375,5199
0.311,358
0.0556,3199
-0.0769,8014
-0.0606,7465
0.0422,4238
0.0236,4427
0.171,1205
-0.0992,9097
-0.108,8888
-0.055,6491
-0.256,9224
0.0873,1959
0.0919,2561
0.283,591
-0.115,9113
0.0486,4261
-0.0565,6126
0.331,159
-0.383,8285
-0.107,7850
0.136,47
0.0126,4474
0.0167,4519
0.105,2404
0.242,518
0.169,557
-0.0237,5809
0.026,4239
-0.197,7665
0.03,4434
0.0781,2505
-0.0883,9182
-0.0827,7798
0.0814,2003
0.00837,4661
-0.0663,5325
-0.144,6996
-0.0178,6196
-0.164,9985
-0.279,9619
0.228,345
-0.274,9549
-0.0721,7217
0.00304,4686
-0.0756,7142
-0.0791,7387
0.38,1150
-0.124,7566
0.041,3419
0.0412,3684
-0.00757,5656
-0.146,8946
-0.0489,6653
-0.0341,5861
-0.000309,4799
-0.079,7764
0.125,1902
0.143,1516
0.0174,4229
-0.0361,6154
-0.143,9819
-0.0266,6445
0.383,49
-0.117,9331
0.0958,2258
0.101,2576
-0.176,8907
-0.077,8341
0.00435,4888
-0.157,8872
0.056,2999
-0.00665,5043
-0.0652,6563
0.226,683
-0.125,9988
0.0949,2744
-0.0436,7729
-0.0811,8167
-0.105,10224
0.161,1326
-0.0702,8541
0.078,2668
0.00542,4974
-0.0647,5172
0.113,2970
-0.025,6082
-0.00175,4987
-0.0773,6731
0.172,727
0.505,846
-0.0945,8110
0.766,60
-0.0228,5650
-0.156,7797
-0.0659,6748
-0.332,10340
0.16,1764
-0.00584,5288
0.221,126
0.168,751
-0.23,7159
-0.133,8004
0.232,286
0.508,101
-0.0259,6820
-0.0555,6461
0.0656,3233
-0.0961,6682
-0.109,6508
-0.0869,8026
0.00187,4993
0.0555,3475
-0.149,7501
-0.144,8461
0.108,3061
-0.188,10235
-0.0196,5805
0.232,343
0.13,2106
0.467,112
0.103,2781
-0.0238,7593
-0.0573,7933
0.0815,2653
0.24,970
-0.256,10214
0.093,3116
-0.0934,7989
-0.016,5653
0.0489,3050
0.0281,3875
-0.105,7859
0.0209,4638
0.147,1870
-0.0751,7180
-0.205,8302
-0.165,9304
0.182,1740
-0.11,9438
-0.0398,6456
0.151,458
0.0468,2969
0.033,3556
-0.0574,7316
-0.151,8438
-0.177,9944
0.0884,2113
-0.0644,7728
0.201,253
-0.13,8168
-0.295,9630
-0.00988,5955
0.168,564
-0.165,8204
-0.0202,5621
-0.0107,5879
-0.212,9191
0.062,2820
-0.0466,7066
-0.213,9953
-0.125,8137
0.11,2793
-0.0431,6176
0.0154,4424
-0.0408,7490
-0.0189,5668
0.0546,4203
-0.235,10355
-0.112,7037
0.0832,3135
0.044,3217
-0.0295,7021
-0.134,9030
0.171,1246
-0.501,7246
0.0357,3223
0.165,2271
0.229,839
0.0871,3252
-0.218,9561
0.0742,3439
-0.185,10032
0.00459,4926
0.0792,2240
-0.218,8326
-0.237,10273
0.393,162
0.00259,5085
0.232,556
-0.239,8113
-0.133,7733
-0.0911,7420
-0.0166,6003
-0.35,10406
0.0143,4479
-0.0693,6986
0.134,1511
-0.294,8798
0.217,413
0.193,2304
0.257,2497
-0.0434,8066
0.0258,3801
-0.0397,6766
-0.27,9910
0.0374,3870
-0.428,9025
0.0689,2725
-0.201,10140
-0.00672,5469
0.0644,3262
0.0782,2725
0.29,1822
0.0646,2389
0.0734,2099
-0.184,8258
0.0789,2644
-0.0259,5669
-0.129,6598
-0.12,8337
-0.0203,6145
0.128,2492
-0.154,9183
-0.0433,6304
-0.214,9027
-0.00231,5544
0.135,1918
0.172,1041
-0.163,8276
-0.107,9226
-0.129,8884
0.0782,3082
-0.0476,7431
0.153,2461
-0.0134,5498
-0.0824,7291
0.272,1706
-0.173,9799
0.0039,5014
-0.00756,5404
0.228,2143
0.0534,3674
-0.0696,7460
-0.0495,6495
-0.069,7901
-0.111,7603
-0.183,7848
0.313,1716
0.128,551
0.127,2248
0.0205,4280
-0.0163,5568
-0.0651,6838
-0.156,9225
0.0453,4244
0.0115,4291
0.307,203
-0.0384,5813
0.254,348
0.0745,3370
-0.0189,5629
-0.0359,7003
-0.0155,5545
0.0409,4001
-0.13,7732
0.0349,4236
0.512,823
0.00128,4924
0.114,1083
0.0509,2933
-0.214,8051
0.439,23
0.17,440
-0.0728,8247
0.00947,4695
0.0125,4569
-0.155,7333
0.0573,3245
0.169,585
-0.0824,7616
-0.0332,5462
-0.101,8567
-0.0287,5663
0.294,967
-0.0515,6713
0.0511,2854
-0.0139,5569
0.37,610
-0.0197,5372
-0.304,9802
0.179,722
-0.0774,7550
0.308,266
0.236,1728
0.524,44
-0.00849,5381
1.54,679
-0.0192,5776
0.014,4419
0.0493,3682
-0.0356,5774
0.00643,4800
-0.0385,5885
0.0328,3724
-0.128,9464
0.174,1167
0.0735,1271
-0.0843,7523
0.0891,2467
-0.0434,8438
-0.0138,5717
0.0415,4244
-0.0835,8829
-0.332,9686
-0.113,9706
-0.0482,7372
0.109,1340
-0.0604,6695
0.0404,3198
0.255,519
0.0721,2171
0.144,662
-0.125,8861
0.0987,3184
-0.107,7914
-0.0763,7292
0.0486,4301
-0.25,9144
-0.264,9955
0.252,352
-0.0478,5734
0.00871,4747
0.206,907
0.148,2407
-0.145,8288
0.151,2043
-0.035,6173
-0.0735,7326
-0.0661,6477
-0.0468,6555
-0.0217,5833
-0.103,6216
-0.233,6729
-0.0499,5840
-0.0143,5395
-0.0409,7150
-0.0562,6211
-0.107,7444
0.00324,5086
-0.0103,5495
-0.0814,6812
0.0472,1997
-0.0671,7793
-0.0944,7450
-0.374,10469
0.0696,3077
0.18,2578
0.157,867
-0.254,10236
-0.15,7980
0.812,63
-0.246,8636
0.263,377
0.0714,2927
-0.055,7425
0.0132,4605
-0.00228,5236
-0.00189,3480
0.0885,2720
-0.0896,7768
0.0997,2750
0.15,851
0.0847,2641
0.066,2665
-0.0708,7436
-0.1,9277
-0.178,9423
-0.269,10005
-0.0335,5883
0.0886,2689
-0.0518,6337
0.104,2301
0.000603,4997
-0.158,9013
0.0334,3790
-0.132,6883
-0.0713,7303
-0.047,7912
0.0107,4873
-0.128,8700
0.129,1203
0.147,2492
-0.054,7248
-0.0508,6739
-0.0131,6386
-0.0281,6035
0.246,1126
0.2,2716
-0.0108,5336
-0.0304,6354
0.0496,3644
-0.112,9569
-0.0674,6905
-0.0784,8831
-0.276,10442
-0.0509,7525
-0.000564,5325
-0.261,8712
-0.34,6705
-0.836,8974
-0.31,9650
0.0285,4681
0.0577,3157
-0.0397,6634
0.104,2755
0.655,28
1.31,129
-0.122,7984
-0.0608,8436
0.00929,4700
-0.0171,5833
-0.0802,8927
-0.306,9510
-0.0431,7180
-0.0342,6853
0.362,1523
-0.0717,6519
-0.0683,6214
0.0041,4761
0.16,1120
-0.0937,8027
0.149,1880
-0.187,9743
0.105,2391
0.00438,5054
-0.0834,8404
0.0559,3482
0.146,1635
-0.0257,6101
-0.105,8766
-0.262,4739
0.0115,4849
-0.163,9692
0.279,31
0.00593,4816
0.169,1474
0.289,193
0.294,294
-0.206,9519
0.0281,4254
-0.101,8676
0.176,1475
-0.0463,7037
0.00744,4793
0.00431,4838
-0.072,7633
0.127,2899
0.249,92
-0.0259,5502
0.0408,3426
-0.0213,6082
0.0779,3554
0.0415,3077
0.124,898
0.157,2200
-0.0591,9193
0.0418,3132
-0.0624,7516
-0.213,6940
0.0559,3944
-0.0893,6824
-0.0329,6738
0.0722,3209
-0.0622,6481
0.0805,3913
0.0954,3397
0.146,2000
0.118,1681
-0.118,8836
-0.0192,4751
0.0857,2349
0.26,973
0.0364,4040
0.0814,2071
-0.079,7213
0.327,453
-0.0475,6128
-0.0614,6338
-0.278,9871
0.225,405
0.0224,4444
-0.193,9334
-0.114,8965
0.566,83
-0.0347,6095
0.0575,3030
-0.118,9630
-0.0906,8339
-0.00224,5029
0.211,754
0.0472,3198
0.157,793
-0.00405,5312
0.063,3313
-0.14,8069
-0.0489,4222
0.111,2854
0.0177,4337
-0.00124,5049
0.118,2296
0.0592,2955
-0.317,8187
-0.0923,9530
-0.0794,8833
-0.000629,5212
-0.114,8408
0.313,184
-0.515,10335
0.787,74
0.0778,1729
-0.0587,6166
-0.0982,6411
0.0141,4636
-0.297,9419
-0.276,10332
0.0626,3549
0.0748,1900
0.00768,4789
0.687,101
0.0254,3936
-0.245,9864
0.114,1548
-0.112,8934
0.375,1116
0.103,3255
0.252,2152
-0.228,10218
-0.018,5590
-0.0139,5498
-0.054,6405
0.423,206
0.269,1718
-0.000711,5137
0.0584,2387
-0.0297,5592
0.126,1145
-0.24,9953
0.326,616
0.129,1562
0.0979,2916
-0.0264,6717
0.161,1120
0.342,113
-0.356,9716
0.241,1678
0.161,1098
-0.103,8118
0.0923,2264
0.335,298
0.121,1493
0.108,2357
0.0373,3653
0.00528,4947
-0.127,8105
0.407,64
-0.132,8380
-0.32,10048
-0.113,9040
-0.068,8270
-0.0174,5583
0.0391,3229
0.204,2676
0.416,1173
0.0177,4822
-0.0726,7463
0.0197,1150
-0.277,9972
-0.177,9270
0.0202,4251
-0.177,4985
-0.0806,7881
-0.0769,7757
-0.0828,7317
-0.0504,6055
0.0857,3236
-0.199,8279
-0.137,9744
-0.0269,6313
-0.154,9726
0.161,2842
-0.112,8283
-0.104,6036
-0.106,8490
-0.0952,8399
0.0968,2674
0.0908,2359
-0.0607,7183
-0.105,7509
-0.032,6592
0.133,1492
0.153,2459
-0.00928,5282
-0.219,8700
-0.014,4687
0.118,1394
0.204,564
-0.0508,6792
-0.0295,5738
-0.599,10165
0.387,16
-0.047,6840
0.0134,4620
-0.146,7918
0.0262,4190
0.0223,4210
0.0969,1795
0.143,2672
-0.0326,6447
0.0396,3869
-0.161,8949
0.0694,3139
0.051,3840
0.0733,1890
-0.0116,5431
-0.117,8905
-0.137,9382
-0.602,10213
0.235,529
-0.192,10189
0.152,438
0.118,2017
0.493,2305
0.0861,3767
0.189,2314
0.232,224
0.324,826
-0.0448,6051
-0.117,9119
0.0388,4037
-0.0695,6485
-0.00965,5316
-0.193,9730
0.0955,2982
0.0546,3860
-0.0767,7471
-0.154,8663
-0.235,9135
-0.098,9160
0.189,1277
-0.101,7884
-0.13,7927
0.259,1130
0.00997,4895
-0.0367,6708
-0.142,8625
0.0981,3710
-0.0757,8707
0.215,2081
-0.051,7007
-0.0433,8649
-0.0339,6735
0.292,2100
0.332,1407
-0.0263,6281
-0.182,10019
-0.0645,8086
-0.0435,5935
0.332,424
-0.159,7369
-0.129,7264
-0.139,9710
-0.222,9385
0.000977,4818
-0.366,10387
-0.201,9618
0.0385,4532
-0.154,9833
0.164,1307
-0.11,7511
0.00177,5098
0.189,1599
-0.274,9706
-0.0711,7520
-0.115,8971
0.295,185
0.0449,3372
0.0337,3513
-0.0453,6533
0.0952,2747
-0.114,8645
0.0655,2798
-0.0673,7892
0.018,4341
0.0305,4499
-0.0941,9245
-0.0292,7456
0.097,2797
0.304,241
-0.102,6022
-0.0712,7431
0.0686,2797
-0.143,8879
0.0967,2863
0.0355,4107
-0.0333,6318
0.0657,935
-0.129,8980
0.168,1328
-0.0458,7213
-0.0959,8248
-0.0583,6401
-0.103,7731
0.0331,3817
0.0717,2858
0.185,1211
0.00995,4688
0.0115,4804
-0.131,7508
0.0353,3478
0.171,1298
-0.193,8472
-0.0759,8543
0.126,3075
-0.166,10217
-0.0783,6720
0.0844,2504
-0.0631,7381
0.0954,2699
0.281,1270
-0.262,7349
0.0598,3523
0.329,528
0.316,905
-0.0549,7518
-0.252,8346
-0.148,7798
-0.0389,7591
0.12,1278
-0.0284,6297
0.0294,4000
-0.0262,6440
-0.118,7944
-0.113,8695
0.0035,5140
0.208,1040
0.113,2935
0.116,2920
-0.16,8573
-0.00734,5422
0.181,368
-0.102,7414
-0.0776,6531
-0.345,9304
-0.292,10260
-0.0128,5639
-0.275,8895
0.144,3097
-0.391,8542
0.917,795
0.392,799
0.0518,3516
-0.012,5514
-0.194,8594
0.197,2254
-0.0278,5976
-0.0601,7830
-0.0469,6695
-0.381,9713
-0.216,9360
0.0688,3196
0.0364,3818
0.152,977
0.0158,4437
-0.206,8909
0.125,1725
0.231,1165
0.373,865
-0.0521,6977
0.021,4300
0.185,216
-0.0366,5810
-0.0894,6852
0.0102,4342
0.0601,2892
0.024,3416
0.455,525
-0.316,10163
0.261,1773
0.117,1365
0.0641,2504
-0.0259,5705
0.114,1066
-0.0216,5625
-0.134,8716
-0.181,8885
-0.0307,7168
-0.116,9596
-0.00348,5007
-0.0481,6185
0.235,212
0.172,2022
0.0227,4218
-0.0413,6891
0.119,1363
-0.0542,6392
-0.198,9203
-0.135,8010
-0.106,9018
-0.0691,8481
0.11,2078
-0.191,8135
-0.0175,4989
-0.0601,5783
0.0475,2766
-0.0433,7176
-0.148,9443
-0.139,8410
-0.0549,6257
-0.319,10301
-0.139,9598
0.0311,3999
0.121,1894
-0.153,9189
0.00696,4940
0.0779,2889
-0.073,8122
0.0784,1912
-0.172,8432
-0.386,10248
-0.411,10193
-0.103,7935
-0.0844,8252
-0.0487,8529
0.0144,4812
0.0693,3322
0.42,108
0.292,460
-0.169,10400
-0.0338,6002
-0.0166,5702
-0.136,7762
0.0473,2647
0.092,2710
-0.144,9894
-0.2,10170
-0.075,7341
0.149,750
0.129,1998
0.068,3867
0.121,775
-0.219,10382
0.0578,3445
-0.181,8965
-0.254,7950
0.124,3574
0.00288,5124
0.0147,4490
0.0561,3475
-0.0893,7868
-0.383,8087
0.0345,4272
-0.2,8703
0.302,21
0.0106,4839
0.22,880
-0.191,7884
0.00945,4799
0.441,17
0.942,46
-0.0813,7414
0.0177,4387
-0.256,8627
-0.115,6698
0.0389,3539
0.0374,3933
0.0814,2549
0.12,2058
0.138,1134
-0.123,8628
0.017,3748
-0.0133,5756
0.0374,3991
0.471,188
-0.0426,6279
-0.357,9735
-0.142,9881
-0.0261,5750
0.0247,3972
0.458,203
0.209,2055
0.043,3854
0.146,1461
-0.342,9824
0.4,684
0.0708,3150
-0.0798,7049
0.121,2200
0.0371,3764
0.0686,3383
-0.21,10211
0.0779,3126
-0.0916,6733
0.26,1768
-0.176,10066
-0.0879,7407
-0.0139,5175
0.17,2431
-0.223,8200
0.0803,1850
0.0237,4142
-0.0781,7240
0.146,1137
0.0871,2791
0.795,791
-0.0376,6649
0.0419,3538
0.109,2262
0.0447,4259
0.000421,5251
0.14,1117
-0.0856,8275
-0.198,9558
0.276,342
-0.131,9213
-0.0341,6763
-0.108,8017
-0.146,8541
-0.0227,5701
0.109,1293
0.409,182
0.00184,4862
-0.0819,7214
0.0285,4458
0.0713,1716
-0.0753,8158
-0.00399,5155
0.105,2544
-0.14,8365
-0.203,8416
-0.216,10091
0.0432,3456
-0.052,7446
-0.139,8345
0.173,1689
-0.235,9778
-0.0412,7184
0.0519,2558
-0.0358,6295
0.0701,3355
0.224,390
0.03,4172
0.0578,2451
0.0143,4614
0.0874,2895
0.126,2985
-0.0957,6654
0.127,2777
-0.0661,8646
-0.0557,8217
0.146,2225
-0.0365,6345
0.364,1241
-0.0814,6849
-0.00451,4896
-0.0512,8221
0.0461,3326
0.0848,2441
-0.0338,7473
-0.0943,7737
-0.0571,7035
0.0301,4323
-0.091,7748
-0.0536,6089
0.015,4630
-0.0292,5626
-0.135,9525
0.154,835
0.0406,3902
-0.00371,5263
-0.0821,7310
-0.0521,6265
-0.264,10361
-0.00652,5347
-0.315,10104
-0.239,7968
0.658,1788
0.153,3179
0.0911,1324
0.0172,4624
0.0497,3833
-0.1,7224
-0.275,8871
-0.0835,5863
0.0728,1448
0.00993,4778
-0.00157,4820
0.237,790
0.0214,4362
0.0589,3866
0.227,274
0.364,2493
-0.138,8799
0.0136,4694
-0.0197,5869
0.261,1369
0.356,91
-0.0234,6099
0.0647,3200
-0.0113,5234
0.0588,3325
0.507,728
0.282,648
-0.0499,6393
0.176,1454
0.00411,4961
0.016,4880
-0.0697,7309
0.00734,4689
-0.0176,6695
0.086,3754
-0.101,8086
0.0865,2779
0.0422,2938
-0.165,8686
0.184,90
-0.0259,5586
-0.0204,5011
0.4,72
-0.235,9220
-0.177,8784
0.0873,3311
-0.25,8532
0.0198,4544
-0.161,7906
-0.205,8157
0.104,3311
0.0672,2104
-0.218,9682
0.183,580
0.352,199
-0.135,8310
0.022,4120
0.0463,1964
0.197,1124
0.00142,5046
0.743,279
-0.0196,5897
0.194,559
-0.123,7996
-0.0745,6866
-0.000734,4807
0.0306,4366
-0.288,7239
0.0341,3246
-0.00247,5275
-0.0339,6583
-0.309,8593
-0.243,9598
0.0299,4125
-0.0649,8698
0.0907,1746
-0.207,8616
0.124,2205
0.181,1051
-0.133,6909
-0.0733,8197
-0.0898,8349
0.0681,3728
0.0372,3918
0.751,84
-0.0664,6793
0.0631,3060
-0.00763,5259
0.226,565
-0.104,7672
0.298,930
-0.0924,8807
-0.104,8575
-0.121,8696
-0.0227,6343
0.0462,3716
0.426,90
0.333,780
-0.144,9827
-0.154,10201
-0.0222,5703
0.157,1177
-0.366,9840
-0.0283,6256
0.0385,3714
0.00295,4870
0.369,621
0.167,1002
0.0163,4580
0.184,1722
0.249,35
0.265,832
0.27,256
-0.128,7863
0.64,434
0.684,196
0.00328,4921
0.277,24
-0.0459,5817
0.093,1322
1.36,207
-0.116,6075
-0.0971,9027
0.00689,4801
-0.0851,7872
-0.104,7631
-0.381,9583
0.0589,3882
-0.0431,6469
-0.034,6538
0.224,1697
0.14,2509
-0.0711,6218
-0.266,8915
0.045,4110
0.0534,3107
0.277,675
0.0427,3927
-0.362,10171
0.0849,3401
0.0356,3223
-0.0462,6645
-0.0377,5390
0.0282,4291
-0.38,9974
0.0838,2577
0.0872,705
-0.0545,7618
-0.303,9702
0.183,1109
-0.176,8314
-0.038,5739
0.152,2058
-0.0336,6824
0.509,465
-0.0769,7485
-0.118,8722
0.195,555
-0.0188,5717
-0.0359,7746
-0.184,9850
-0.18,10122
0.00296,4990
-0.1,7754
-0.0195,6091
-0.117,7700
0.0662,814
-0.184,10199
-0.0772,7296
-0.259,9826
-0.0956,8258
0.0369,3572
-0.00748,5552
0.0414,4006
0.0292,4142
0.0291,4345
-0.209,9656
0.00949,4959
-0.0908,8197
0.00649,4738
-0.335,10430
0.271,1370
-0.096,6638
0.0583,1872
-0.0404,7902
-0.124,4867
0.199,2369
0.19,3403
0.014,4557
-0.0117,5543
-0.134,10186
-0.0733,6724
-0.128,9032
-0.138,8050
-0.253,9724
-0.148,10136
0.193,202
0.154,2640
0.0812,1894
0.377,206
-0.35,9431
0.0664,2997
-0.00524,5257
-0.00518,5205
0.00402,5154
-0.383,10294
0.00472,4784
-0.0182,5614
-0.0395,7026
0.0751,2264
0.192,1792
-0.167,7135
-0.0189,5742
0.113,1813
0.087,1712
-0.52,9082
-0.194,7648
0.0074,4932
0.115,894
0.101,3229
-0.0726,8168
-0.0738,7293
0.0657,3653
0.208,1371
-0.0398,7069
0.35,213
0.26,1789
0.116,1785
0.428,303
-0.055,6599
-0.099,7689
-0.0386,6822
0.019,4389
-0.105,7519
0.123,1323
0.249,1158
0.202,1221
0.129,1272
0.21,1263
-0.0564,7260
-0.292,10203
0.0803,2613
-0.073,8353
-0.0771,7448
-0.0598,6440
-0.13,7948
-0.0302,5704
-0.0106,5473
-0.0818,8215
-0.0616,7819
-0.0686,7022
0.285,319
0.206,1288
0.461,942
-0.049,6394
-0.108,9726
0.34,1234
-0.209,9781
0.0333,4075
0.38,675
-0.0905,8224
-0.046,6447
-0.264,9759
-0.0939,7333
-0.184,9172
0.0519,3144
0.249,372
-0.0862,6714
-0.269,6762
-0.0705,7158
0.00838,4576
0.142,3040
0.279,237
-0.024,6445
0.121,1195
-0.223,9759
0.0342,3957
-0.113,8772
0.0906,1770
0.0211,3770
-0.281,10092
0.16,901
0.0531,2744
0.0869,2811
-0.0867,9135
0.273,538
-0.0772,7208
-0.282,10137
-0.0583,7236
-0.00778,5374
0.111,1621
-0.103,8699
0.109,1887
0.382,43
-0.162,8495
0.0176,4244
-0.0881,9065
-0.111,7208
1.39,276
0.0542,3326
-0.144,6731
0.163,1524
0.0169,4206
0.0897,2710
-0.192,5785
0.225,1509
0.0727,2385
-0.2,9466
-0.0683,7716
0.0119,4247
-0.149,8640
-0.0604,7799
0.0158,4647
0.0266,4474
0.135,688
0.000439,5248
0.113,2977
0.142,1457
-0.0283,5865
0.0679,3592
0.00176,5011
-0.0874,7878
-0.178,10278
-0.155,6943
0.0242,4064
-0.0458,6287
-0.183,10364
-0.0315,6461
-0.0356,6351
-0.0354,6658
-0.111,7666
0.13,1724
-0.0898,7292
0.111,1242
-0.146,8776
-0.0489,6809
-0.111,8662
0.0864,2563
-0.204,9903
-0.129,8954
-0.204,9429
0.0503,3432
-0.0286,5810
-0.26,9192
0.0325,3794
-0.161,9310
-0.141,8989
0.0349,3742
-0.185,6977
0.0722,3536
0.125,1783
0.00194,4851
-0.0247,6079
0.174,730
-0.178,9043
0.165,1497
0.00799,4711
0.129,1940
-0.174,9276
0.113,3060
-0.216,9099
-0.0303,6525
0.143,675
0.0589,3619
0.00111,4747
-0.017,4782
0.00382,4957
0.0452,3573
0.289,240
-1.51,10336
2.1,1
-0.84,9840
0.299,523
-0.528,8798
0.421,580
0.082,2975
-0.0932,6595
0.0817,2739
-0.0788,8609
0.0946,1915
-0.0677,6453
-0.0319,6229
-0.116,8173
-0.0574,5848
-0.132,8986
0.0214,3945
0.0511,3851
-0.0275,5777
0.156,2743
0.35,807
0.0217,4451
0.113,1740
0.0648,3205
0.259,339
-0.0778,6860
-0.0784,6739
0.00706,4937
0.0716,2972
0.0987,2034
-0.0738,7453
0.0353,3820
-0.0335,5610
0.0673,3085
-0.0326,6392
-0.0396,6144
-0.0242,6185
0.167,1240
-0.05,6277
0.295,381
0.0188,4266
0.394,2282
-0.182,8276
-0.0556,6224
0.0813,3085
0.173,406
-0.0267,5795
0.00887,4754
0.276,431
0.388,271
0.328,799
-0.0706,7464
-0.0387,8757
-0.142,8900
-0.397,7714
0.0734,2647
-0.00835,5263
0.0351,3690
-0.0966,8996
0.0938,3102
0.114,601
-0.1,9691
-0.124,7626
-0.0651,7009
-0.023,6494
0.224,219
-0.46,9491
-0.167,8833
0.0343,4353
-0.133,7414
-0.0219,5708
-0.0338,5820
-0.0442,5628
0.175,1988
0.222,715
-0.182,8243
-0.0877,8611
-0.198,5848
-0.674,9309
-0.27,10015
-0.151,8571
-0.326,10090
-0.0721,9541
-0.189,10226
0.0842,1068
0.0502,3724
-0.241,9860
0.0956,3254
-0.117,7641
0.198,1723
0.175,855
-0.677,9611
0.233,1359
-0.0469,6182
0.257,744
-0.0444,6473
0.116,2786
0.0252,4005
-0.0569,6716
-0.0491,5952
0.0711,3182
0.0636,2103
-0.0376,6120
0.23,852
-0.0702,7331
0.13,3180
-0.0907,6422
0.091,1109
0.112,1443
-0.192,9467
0.0357,3882
0.163,2228
-0.12,7972
-0.0431,7435
0.0398,3576
-0.131,8358
0.0359,4044
-0.23,9435
-0.00676,5111
0.23,160
-0.0627,7524
-0.107,8187
0.178,1438
-0.474,10013
0.00189,5198
0.145,1361
0.0932,1482
-0.111,8333
-0.156,8685
-0.166,8163
-0.181,9276
-0.157,9762
0.0247,4329
0.0147,4528
0.0504,3815
-0.296,8767
-0.0404,6396
0.0079,4838
-0.128,8837
0.243,779
0.237,549
0.0514,2747
-0.152,9169
0.0312,3700
0.0644,1425
-0.318,10305
-0.206,9756
0.0728,3445
-0.0996,6603
-0.16,8989
-0.0918,8135
-0.176,9184
0.0243,4111
0.124,2547
0.508,774
-0.211,7871
-0.11,7526
-0.125,6697
-0.286,7125
0.0113,4719
-0.165,8512
-0.168,8310
-0.159,8880
-0.0378,5942
-0.027,5142
-0.132,8715
0.124,1174
0.173,931
0.25,1582
0.0776,2207
-0.033,6049
-0.121,7696
0.0307,4215
-0.0562,8096
-0.0252,5569
-0.122,9065
1.76,57
0.495,48
-0.0997,8518
0.176,586
0.129,2418
-0.219,8061
-0.0908,8998
0.0501,3509
0.0518,3109
-0.0788,6327
-0.121,10368
0.0429,3670
0.0796,4140
0.339,1005
0.0879,2625
-0.00354,5125
-0.15,8688
-0.0391,6295
0.0141,4403
-0.13,9443
0.168,630
-0.0199,6003
0.0705,2382
-0.193,10032
-0.138,8380
0.234,1637
-0.219,6263
0.0429,3521
0.341,279
-0.0306,6490
0.255,861
-0.205,9269
-0.162,8650
-0.11,8755
1.11,0
0.114,1166
-0.129,8108
-0.39,10345
0.0595,2344
-0.0835,8575
-0.0117,5415
-0.0289,5828
0.117,2589
0.172,1780
-0.0593,8256
-0.219,10016
-0.412,6414
-0.671,8404
0.312,2678
-0.28,10024
-0.406,9132
0.0398,4405
-0.0462,6081
0.0175,4488
0.373,232
0.0645,3646
-0.0524,7082
0.39,96
0.0753,3431
-0.281,7257
-0.236,9309
-0.401,6813
-0.224,5220
-0.445,9928
0.0169,4895
-0.0146,5646
-0.0296,5308
-0.211,9164
-0.0999,9449
-0.076,8132
0.131,2833
-0.0717,7604
0.058,3157
0.32,1949
-0.0272,7021
0.0271,3971
0.0697,3233
-0.0776,6292
0.143,2174
-0.0853,6899
-0.102,7947
-0.0996,8194
0.167,2635
-0.206,7442
-0.0298,5218
-0.107,8051
-0.0293,6026
0.0606,2795
0.64,17
-0.199,9882
0.0968,2381
0.1,2704
0.0762,1586
0.0278,3764
-0.195,4096
-0.195,9781
0.157,2353
0.0522,3572
0.059,3215
0.0375,3364
0.0592,2718
-0.0483,6902
-0.33,8704
0.0166,4137
0.00726,4771
0.00667,4818
0.096,1589
-0.0682,5846
0.742,313
-0.139,8962
0.104,2919
-0.164,9473
-0.096,8413
-0.0767,6549
0.154,1355
-0.156,8857
0.108,1130
0.101,1312
-0.112,8304
0.234,1293
-0.0669,6833
0.0118,4582
-0.155,9067
0.00155,5035
-0.102,8465
-0.111,6871
0.19,1799
0.318,1240
0.0104,4857
0.14,1417
0.0451,3859
0.14,2291
0.0818,3616
-0.247,7637
-0.0452,6696
-0.0129,5750
-0.0454,6186
-0.149,8463
-0.09,9783
0.431,603
-0.0387,7430
-0.199,9821
-0.0617,6403
0.0219,4634
-0.207,8978
0.0305,4370
0.248,913
-0.0246,5969
0.0852,2677
-0.0108,5822
0.204,2622
-0.1,8016
-0.0146,5692
0.0625,2276
-0.087,7504
-0.003,5137
0.135,3404
-0.227,9111
0.0356,3681
-0.0203,6161
-0.0444,6887
0.0764,3544
-0.516,8854
0.345,31
0.355,555
0.12,556
0.118,3190
4.59,6
0.477,1411
-0.0957,8223
1.28,57
-0.118,7412
-0.0626,6867
-0.271,8561
-0.107,8319
0.0484,3123
0.112,1559
-0.273,9111
-0.142,8084
-0.102,7011
0.137,1607
-0.0868,8108
-0.0493,7586
-0.00769,5540
0.00369,4999
0.0256,4042
-0.142,9046
0.119,1757
-0.0733,7007
0.0295,4343
0.144,1389
-0.101,5021
-0.0431,5548
0.207,928
-0.313,10357
0.0281,4229
-0.0791,7771
0.109,2079
-0.0553,6407
0.238,526
-0.009,5142
-0.154,8654
0.0726,2739
0.423,494
0.012,4908
0.733,131
-0.145,8254
0.664,415
0.203,2399
2.76,430
-0.0493,6778
-0.0302,5969
-0.0142,5671
0.303,92
0.263,1000
-0.182,8377
0.411,308
-0.0418,6113
-0.0558,7141
0.0616,4261
0.0985,1561
0.0983,2452
0.443,23
0.197,278
-0.0663,6771
-0.0439,6980
0.21,637
0.278,1172
0.199,824
-0.0321,6469
0.0775,2043
-0.0181,5701
-0.0371,5644
-0.0157,5474
-0.0222,5421
0.0559,1571
0.000441,4811
-0.0206,5512
-0.0984,7250
0.186,1427
-0.0805,7271
0.0346,4032
0.0323,3694
-0.0752,6038
0.00457,5047
0.274,1237
0.142,2158
0.114,1165
0.0024,5091
0.0533,3935
-0.279,9960
0.306,1275
-0.209,8405
-0.406,9403
-0.0415,6852
0.0659,3256
0.0335,4092
-0.495,9134
-0.4,8788
-0.0722,8693
0.0845,1989
-0.161,9238
0.0719,2829
-0.0666,7475
0.539,88
-0.0927,8987
-0.173,10317
-0.00495,4973
-0.0688,6783
-0.0216,4455
0.108,2244
-0.0313,5657
0.0712,2675
-0.278,10398
-0.175,8526
0.0506,3969
0.0544,3416
-0.0422,7365
-0.0391,6783
0.172,3143
-0.096,6133
-0.103,7963
-0.0905,7651
-0.0952,8512
-0.0394,5514
0.0348,4205
-0.155,9626
-0.197,8537
-0.123,7685
-0.149,8538
0.0544,2041
-0.283,9136
0.172,1151
-0.169,9664
-0.148,7694
0.00578,4797
-0.204,9402
0.149,1493
-0.0506,6219
0.112,2037
-0.151,8982
-0.232,10156
-0.0988,7303
-0.334,10371
0.0174,4751
0.389,466
-0.0819,9283
-0.109,8343
-0.0724,8457
-0.0154,5449
0.519,39
-0.268,9236
-0.0819,7817
-0.164,10025
0.0464,3370
-0.252,9830
-0.295,9832
0.345,442
-0.11,8675
0.0725,2597
-0.158,9478
0.105,2789
-0.195,9850
-0.0171,5898
-0.0302,6059
0.197,681
-0.086,8422
-0.118,7511
-0.0825,6457
-0.0641,6035
0.265,551
-0.098,7838
0.077,1744
-0.0299,5481
-0.217,9003
-0.079,6784
-0.232,8689
-0.152,9836
0.111,1030
-0.283,10051
0.175,2096
0.39,380
-0.0376,5524
0.137,1382
-0.0464,6930
-0.197,9541
0.0762,3499
-0.0356,6530
-0.0821,7148
-0.0185,6003
0.0831,2381
0.113,2136
-0.0481,6307
0.169,2344
0.107,3412
-0.034,5663
0.0631,2764
-0.0056,5194
0.252,1183
0.118,2679
-0.114,8965
0.00286,4966
0.146,468
0.000694,4911
0.106,3194
-0.0703,7632
0.0151,4554
0.111,1613
0.017,4274
-0.119,7825
-0.0296,6000
0.0161,4673
-0.161,9112
-0.0438,6557
0.0112,4397
0.206,824
0.166,840
-0.288,9378
-0.0272,6102
-0.0566,7384
0.0338,3092
0.127,2063
0.067,2494
0.342,271
-0.4,7792
0.0761,2299
-0.0953,8297
0.00723,4661
0.14,1772
-0.153,7873
0.16,1215
0.0639,2631
-0.0437,6247
-0.129,8507
0.198,2630
-0.253,9357
0.0412,3966
-0.0238,6069
0.0309,4261
0.0844,3431
0.152,2537
0.225,280
0.163,3332
-0.0197,5744
-0.114,9148
0.226,1297
-0.0852,7559
0.0297,4118
-0.141,8597
-0.0121,5799
0.179,815
-0.093,7328
-0.0237,6347
-0.047,6112
-0.142,7153
0.0532,3100
0.129,938
-0.302,9346
-0.155,8957
-0.141,8343
0.098,3658
0.192,559
0.0849,1257
-0.249,9597
-0.414,10250
-0.187,9214
0.208,552
-0.0434,6524
0.231,334
-0.0232,5697
0.00374,5013
0.267,688
0.0149,4694
0.0482,3037
0.0364,4108
-0.127,9612
0.197,1320
0.496,1650
0.0833,700
-0.0778,7658
0.0772,2328
-0.157,9018
-0.0632,7476
-0.114,7588
0.0752,2688
-0.0656,7590
0.196,1756
-0.119,7065
-0.0672,6582
0.00155,4961
0.0507,3516
-0.29,10343
0.0731,3491
-0.109,8427
-0.385,10454
0.0399,3970
-0.0284,6804
-0.0487,7784
0.196,1839
0.0822,2712
0.00319,5034
-0.364,9490
0.14,574
-0.0546,8009
-0.172,9010
-0.17,9874
0.0229,4391
0.326,1154
-0.0434,7596
0.0166,4277
0.126,648
-0.144,8049
-0.278,10129
-0.0747,8282
-0.0194,5959
-0.0539,6848
0.382,184
0.107,1142
-0.054,5218
-0.163,8883
0.00197,4995
0.101,1429
0.0513,3653
-0.091,8257
-0.00599,4935
0.0642,3541
0.179,296
0.126,2439
-0.033,5431
-0.0705,6763
-0.245,8305
-0.246,7310
-0.0098,5325
-0.256,10275
-0.455,9711
0.014,4736
0.405,373
0.267,651
0.0608,2993
-0.167,9811
-0.0823,7428
-0.0803,8756
-0.0264,7015
-0.114,8459
0.0149,4450
-0.181,10203
-0.202,4585
-0.818,8936
2.56,19
-0.0596,4925
-0.0426,4984
0.00919,4641
0.153,2978
0.4,149
0.202,613
0.0164,4870
-0.0202,5825
-0.0369,6452
-0.0293,6073
-0.00621,5229
-0.218,9482
-0.374,6445
0.0459,3600
-0.0381,6862
-0.0425,6533
-0.255,10244
-0.0321,5808
-0.214,9203
-0.0122,5489
0.00428,4589
0.0561,3969
-0.14,8222
-0.331,8725
-0.299,10172
0.031,3776
0.0404,2597
-0.395,10139
-0.123,9020
0.0686,2679
0.171,917
0.0295,3606
0.0203,2014
-0.00871,5436
-0.0684,7885
0.00189,4655
0.129,905
-0.0552,7721
-0.213,8969
-0.157,8143
-0.11,7333
-0.088,8525
-0.0483,6848
-0.132,9124
-0.0278,5403
-0.434,9283
-0.179,8235
-0.116,7096
-0.0137,5735
-0.15,9981
-0.115,9813
0.0646,3665
0.196,1416
0.0869,3650
-0.626,9594
0.00256,4966
-0.00682,5514
-0.058,6317
0.144,2968
0.0433,3922
-0.37,9076
-0.176,9255
0.0204,4216
-0.225,9897
-0.243,9069
0.127,1701
-0.0966,6937
0.142,1618
-0.0772,7324
0.0696,2269
0.0406,4190
0.0326,4035
0.0853,2894
-0.0819,8395
-0.147,9620
-0.295,10351
-0.0142,5428
-0.0515,6113
-0.081,5988
-0.051,8308
0.171,1409
0.0589,2972
0.165,967
-0.114,7497
0.222,1644
0.0366,3979
-0.407,10228
-0.218,9649
0.045,4247
0.0059,4692
0.0122,4470
-0.0432,6974
0.000573,4807
0.206,2474
-0.0515,8144
-0.0106,4907
0.0915,3445
0.0352,4259
-0.056,6184
-0.079,8252
0.0504,4006
0.0715,3911
0.121,1351
0.145,1728
-0.0236,6949
-0.244,10124
-0.0883,6877
-0.0772,6919
-0.103,7641
0.148,693
0.0728,3282
-0.077,6164
0.243,1294
0.0381,2939
-0.0477,6131
-0.125,9187
0.0493,2737
-0.269,10387
-0.281,10231
-0.00541,5065
-0.0182,5310
-0.245,9725
-0.0334,6970
-0.0887,4328
0.397,888
-0.0213,6187
-0.332,9046
-0.133,9173
-0.112,8234
0.0015,5012
-0.102,8679
0.535,135
-0.116,8861
0.117,2392
0.0459,3173
-0.0294,5899
-0.0605,8095
0.00385,4940
0.153,2044
-0.035,6540
0.00729,4812
0.931,0
0.0437,3494
0.288,467
0.0645,2470
0.0251,4275
0.162,976
-0.156,9867
0.00565,4910
0.0451,3969
0.317,639
0.0471,4054
0.102,2810
0.222,676
-0.509,10108
0.0266,4088
-0.294,9792
0.00503,4914
0.0876,2781
-0.0704,7446
0.125,2966
-0.698,8155
-0.198,9794
-0.0479,6734
-0.0398,6397
-0.248,5588
-0.527,9991
0.043,3907
-0.0324,2946
0.0891,3505
-0.092,7979
-0.168,7915
0.0944,2983
-0.226,10440
-0.0289,6665
-0.257,10324
0.132,2974
-0.167,8186
-0.154,9374
-0.0301,7123
-0.118,9923
0.165,1730
-0.0554,7644
0.0198,4326
0.0392,3958
0.00184,5108
-0.0856,8935
-0.18,6969
0.097,1977
-0.0675,8180
-0.15,7397
-0.0578,6596
0.0411,3064
0.56,435
0.027,4170
0.186,1428
-0.0816,7725
0.142,1524
0.1,2906
-0.0189,5285
-0.0754,7979
-0.197,10059
0.342,1112
0.00767,4508
-0.172,9917
-0.221,9260
-0.208,8705
0.178,2419
-0.082,6779
0.0181,4368
-0.12,8602
0.0191,4364
0.133,2610
0.0415,3976
-0.204,9566
0.095,1943
-0.0456,7537
-0.106,9399
-0.265,9775
-0.137,6651
0.025,4469
-0.321,10439
0.0119,4317
-0.0402,6305
-0.123,7347
-0.14,8073
0.071,3188
-0.177,10180
0.104,2082
-0.0263,5866
0.0198,4276
-0.0545,5988
-0.11,8611
0.142,751
-0.151,9600
0.397,575
0.00525,5125
-0.0787,6348
-0.0441,6171
-0.128,8597
-0.0674,7274
-0.125,8326
-0.0787,8653
0.0233,4490
0.112,545
-0.225,9787
0.0316,3829
-0.0509,6462
0.0434,3022
-0.105,8828
-0.255,9694
-0.0361,6797
0.115,2138
-0.0831,8355
-0.0624,7667
0.221,569
-0.00917,5110
-0.033,6149
-0.124,8448
0.0238,4411
-0.39,10432
-0.179,9440
-0.0972,7991
-0.00291,5065
0.0877,2884
0.0741,3482
0.0334,4266
0.31,782
0.116,4233
-0.0439,7332
-0.0404,6925
-0.0412,6785
-0.0348,5594
0.193,531
0.0596,3852
0.00659,4732
-0.2,10390
0.0531,3184
-0.0959,7673
0.262,2335
0.169,2158
-0.0374,6935
-0.0877,8496
0.0497,3657
0.0314,3879
-0.0992,6970
-0.0394,6019
-0.0692,6853
0.104,1126
-0.0555,6853
-0.101,7992
-0.0494,6201
-0.00689,5361
0.049,3878
0.101,2846
-0.0439,6104
1.05,1
-0.273,6941
0.513,661
-0.158,9735
-0.0357,7458
0.0303,4263
0.0852,3391
0.0921,1813
-0.0721,6015
-0.157,9051
0.0069,4738
0.237,999
0.124,1559
0.0732,2971
0.804,111
0.508,295
-0.0802,6915
0.121,2730
-0.047,5852
0.083,2247
-0.0849,7664
-0.049,8253
-0.0373,6793
0.124,2269
-0.123,8807
0.048,3807
0.0164,4380
-0.122,10252
0.0477,2484
0.00611,4979
0.0758,3341
-0.106,7046
0.189,758
0.0558,3163
0.0248,3843
-0.0432,6820
0.00782,4980
0.0735,1426
0.248,2696
0.106,1813
-0.202,10093
0.0138,4436
0.244,2015
0.113,1759
-0.233,9646
0.152,704
-0.00119,5130
0.238,1110
0.0973,1967
-0.0817,7298
0.154,1010
-0.0942,8024
0.277,327
0.0182,4105
-0.134,8579
0.0363,2833
0.0305,3941
0.0688,2613
0.0608,2792
-0.204,10208
-0.343,10252
0.228,1648
-0.235,4845
-0.0363,6820
0.042,3184
0.126,1432
-0.0948,8118
-0.25,9592
-0.124,8480
-0.106,8076
0.205,211
-0.0482,6479
-0.0746,7270
0.35,1144
-0.27,10126
-0.00613,5330
-0.019,5944
-0.133,8829
-0.198,10131
0.0221,4661
0.0506,3150
0.106,1443
0.225,777
0.132,1172
-0.0722,6572
-0.0748,7635
0.256,846
-0.242,10107
-0.0149,5492
0.24,1080
-0.109,7234
0.0921,2532
0.211,3021
-0.0813,8585
0.265,41
-0.233,9545
-0.383,7680
-0.11,8122
-0.136,6166
0.0062,4566
-0.00592,5429
0.293,1714
-0.0214,5738
0.129,3206
-0.204,9032
-0.0595,7428
0.2,811
0.076,3711
-0.516,10383
0.112,2947
0.0137,4541
-0.0745,8628
0.00269,5084
0.172,2158
-0.385,10109
-0.0102,5265
-0.173,9292
0.494,828
-0.059,8373
-0.0862,7149
-0.0573,6976
0.208,1692
-0.0624,7029
-0.345,9460
-0.0715,8223
-0.0681,7373
-0.102,6567
-0.192,6073
0.112,2103
0.13,1470
-0.0257,5826
-0.113,7538
-0.0975,7508
-0.086,6569
0.141,2828
-0.0634,7859
-0.0994,8528
-0.113,7782
-0.0179,5641
-0.075,6900
0.00713,4857
0.0612,3106
-0.0794,8215
-0.019,5631
-0.00262,5128
0.409,1938
0.0107,4969
0.0622,2691
-0.0166,5705
0.25,1366
-0.188,9825
-0.00936,5228
-0.0195,5850
-0.067,7823
-0.083,5770
-0.111,8194
0.533,245
0.131,2011
-0.236,9955
-0.148,8973
-0.192,9744
0.0761,3550
-0.0253,6869
-0.0333,5872
-0.124,9528
-0.096,7920
0.0502,2719
0.202,1353
0.0221,4078
-0.0845,7006
0.115,2517
-0.149,9745
0.0403,3134
0.1,2610
0.0622,3489
0.0107,4607
0.0322,4073
-0.124,7712
0.422,11
0.792,85
0.11,3222
0.0846,2708
-0.238,9364
0.0645,3314
-0.112,9593
0.2,1309
-0.0653,6024
-0.0498,6911
0.262,1723
0.0483,3561
0.0374,3513
0.0233,4050
-0.319,8062
-0.1,7136
-0.0968,6929
0.0121,4221
0.119,1749
-0.115,8025
0.269,456
0.383,241
-0.0254,5715
0.0354,3702
0.136,1533
0.0545,3453
-0.0134,5497
0.139,2217
-0.248,10002
-0.081,8225
0.0935,3079
0.508,277
0.2,3080
0.234,3082
-0.177,4433
-0.0774,7655
0.0665,2186
-0.0715,7130
0.386,312
0.0677,3028
-0.0203,5507
-0.014,5468
0.168,2770
0.018,4472
0.000536,5145
-0.13,9995
-0.0438,6428
-0.106,7865
0.122,822
-0.258,9814
0.174,1235
0.0225,4235
0.0706,3866
0.0229,4272
-0.109,7415
-0.828,9688
-0.147,7942
-0.119,8624
0.113,3035
-0.0859,7759
0.425,586
-0.0526,5278
-0.0823,7515
-0.0948,7015
-0.0184,5918
0.118,533
0.033,3622
0.399,55
0.0293,4461
-0.311,8001
0.00102,5237
-0.151,9522
0.0433,2588
-0.237,9398
-0.0818,6346
0.719,1657
-0.0165,5120
-0.0215,5957
-0.0146,5362
0.045,3844
-0.0615,7861
0.093,3277
-0.305,9786
0.217,835
-0.193,9496
-0.084,7501
-0.152,8452
-0.194,9311
-0.15,8233
-0.0248,6420
-0.136,10016
0.0383,3949
0.176,352
-0.111,8077
0.0513,3633
0.102,2133
-0.504,10457
-0.0278,5929
0.00573,4984
-0.0153,5511
0.0536,3654
-0.0107,5533
-0.234,9911
0.256,1382
0.124,2149
-0.259,9606
-0.155,6847
-0.00781,5251
-0.0273,6838
0.0057,4659
-0.046,7297
-0.135,8316
0.129,1222
0.0416,3409
-0.179,9768
0.0755,4043
-0.0215,5153
-0.0216,5824
-0.29,6394
0.0616,3564
-0.0604,9476
-0.0259,6166
-0.0848,8017
0.00588,4691
-0.0635,7688
-0.153,9410
-0.153,8800
-0.126,8116
-0.077,7816
0.341,238
-0.167,10239
-0.147,9298
-0.00654,5520
0.147,2196
-0.00387,4729
-0.213,9945
-0.0874,7650
-0.255,9368
0.0547,3565
0.135,1929
-0.374,9789
0.474,216
-0.256,9812
0.114,1038
0.293,156
0.0549,3160
0.699,231
-0.0057,5310
0.0255,4425
0.0317,3753
-0.0296,5854
-0.146,7965
0.0143,4601
-0.0706,8056
0.259,2121
-0.157,9970
0.00413,5074
-0.135,8340
0.0336,4437
-0.135,7588
5.67e-05,4922
-0.115,8732
-0.277,10003
-0.137,7520
0.024,4301
0.674,1877
-0.0669,6035
-0.0796,7401
-0.0725,7957
0.13,2313
-0.0511,6539
-0.0382,6286
-0.233,9090
0.0694,2424
-0.0288,6825
0.0261,4353
0.478,2
-0.0587,7217
0.0553,3949
-0.0524,7092
-0.119,8904
0.0501,3259
0.0305,4020
-0.0246,6156
-0.111,9126
-0.153,8927
-0.128,9301
-0.0338,5711
0.251,1092
0.0709,2463
0.277,1300
-0.144,10045
0.0918,2421
0.0421,4299
0.186,232
-0.149,6423
-0.0426,6177
0.0577,2907
-0.153,9971
-0.309,7015
-0.146,7514
0.038,4203
0.0272,3733
0.00635,4714
-0.148,9012
0.0466,3524
-0.0347,5950
0.147,2126
0.175,984
-0.0828,6794
-0.182,9960
-0.146,8162
-0.0229,5285
-0.144,8544
0.0216,4374
-0.13,8427
-0.374,7890
-0.158,7715
0.107,2976
-0.229,9134
-0.147,7247
-0.17,6998
-0.378,8664
0.0768,3606
-0.199,7244
-0.0796,7734
0.0696,1489
0.0381,3427
0.00137,5023
0.105,2174
-0.209,9235
-0.0971,7722
-0.0354,6449
-0.142,8693
-0.669,10457
0.0129,4671
-0.144,9087
-0.0217,5977
0.0512,3958
0.828,28
0.0293,4183
0.1,1549
-0.0773,6768
-0.0552,7258
-0.0347,6341
0.0225,2882
0.00457,4505
0.192,1614
0.184,1663
-0.275,10126
0.0927,1485
-0.201,10235
-0.138,8506
0.0467,3113
-0.0344,6015
-0.185,8764
-0.0324,6821
-0.181,9890
2.02,618
0.0386,3990
-0.0296,5766
-0.0472,6777
-0.0854,7431
-0.131,8933
-0.0361,6204
-0.159,8424
-0.301,9374
-0.0663,5776
0.055,2433
0.0764,2991
0.0439,3384
-0.242,9104
-0.211,8492
-0.331,10101
-0.0592,6346
0.0625,3138
-0.0836,7677
-0.0448,6135
0.0321,3817
-0.0772,6739
-0.152,9620
-0.181,8336
-0.172,9214
-0.106,7464
0.0722,3370
0.357,179
-0.202,9882
-0.0592,7574
-0.0734,7011
-0.191,8574
-0.00952,5148
0.113,2148
0.115,924
-0.0886,8160
-0.0685,7833
-0.158,7918
-0.18,7833
0.0225,4553
0.224,184
-0.0817,8744
-0.0997,7489
-0.192,8882
0.109,2354
-0.384,9933
-0.0336,5915
-0.00513,5167
-0.0901,8329
-0.149,8991
0.155,620
-0.00651,5422
-0.0271,6061
-0.18,8673
-0.0294,5495
0.0114,4771
0.112,2125
-0.476,10357
-0.123,8521
0.0664,3238
0.313,982
-0.222,10333
0.105,3012
0.231,2117
-0.135,9199
0.0193,4537
-0.164,9248
-0.0557,6975
-0.142,9493
-0.085,6271
0.0605,3115
-0.00858,5518
-0.359,5243
0.167,1509
-0.177,8881
0.268,616
0.116,1569
0.377,223
-0.154,8873
0.275,1330
0.0179,4338
0.0876,1167
-0.0235,6416
-0.0531,7891
-0.212,10325
-0.0602,7456
0.164,2163
-0.0513,5848
0.128,1067
0.0605,2901
0.16,1321
-0.165,8843
-0.00201,4942
0.0077,4726
0.0906,1845
-0.0364,6505
-0.387,9077
0.0405,2314
-0.0173,6110
-0.0199,6250
-0.0215,5754
-0.142,5934
-0.178,9127
-0.0104,6026
-0.00265,5492
2,102
0.598,2061
0.029,3825
-0.0827,8176
0.041,3983
-0.176,9442
0.239,1112
0.381,305
-0.0624,6977
0.0983,2217
0.0376,3894
-0.0514,6076
0.319,244
-0.151,9353
0.0518,3614
0.0129,4502
0.185,428
-0.318,10110
-0.194,7916
0.0244,4399
-0.199,9207
-0.0656,6175
-0.0569,8046
0.0503,3224
-0.131,8187
-0.279,8054
-0.337,10045
-0.129,9084
-0.081,7011
-0.0152,5669
-0.0258,6421
-0.227,9829
0.152,2128
0.113,2110
0.0752,2271
-0.102,8353
-0.145,8943
-0.217,10374
-0.0372,5222
0.0668,2137
0.337,19
0.204,929
-0.169,9584
-0.0157,4965
0.153,1194
0.118,970
-0.00894,5338
0.312,131
0.000297,5115
0.0363,3821
-0.287,10234
0.0191,4243
-0.00203,5555
-0.181,9794
0.0418,3887
0.143,2330
-0.0112,5641
-0.00312,5372
-0.164,10260
-0.217,10190
-0.645,10142
-0.0875,8579
0.334,498
0.0309,3830
-0.136,9841
-0.00441,5123
0.0667,3552
0.0605,3377
-0.128,8176
0.153,2675
-0.117,8872
-0.0738,6296
0.0876,1791
0.144,2638
-0.0826,5515
-0.0521,7252
-0.0184,5442
-0.119,9063
-0.122,8322
-0.0352,5972
0.149,1657
0.036,4020
-0.16,10362
-0.0931,8254
-0.0921,7561
-0.316,10416
-0.181,9612
-0.101,9830
0.0264,3941
0.201,800
-0.224,8715
-0.0552,6447
0.0614,2622
-0.0167,5498
-0.192,9921
0.0585,3317
0.113,3403
0.28,1085
-0.0567,6977
-0.27,10273
-0.15,5323
0.399,2283
0.258,706
-0.36,8425
0.101,1227
-0.0131,5177
0.08,3500
-0.115,8431
0.0366,3127
0.0466,3932
-0.187,9743
-0.244,8021
-0.0291,5939
0.0626,3727
0.0472,3519
0.0482,3201
-0.115,9181
0.0152,4452
0.076,3731
-0.0164,5998
0.115,1596
-0.0517,6792
-0.255,10274
-0.112,6473
0.0249,4434
-0.0542,6480
0.271,261
-0.165,9345
0.121,1565
-0.0776,7024
-0.0968,7347
0.129,2413
-0.0346,5778
0.21,698
0.0179,3544
-0.0322,6146
0.119,2925
0.0313,4164
-0.171,10248
0.139,1119
0.0575,2307
0.257,854
-0.0444,6050
0.046,3896
0.018,4614
-0.151,7986
0.0889,1537
0.183,1089
-0.391,9844
0.306,167
0.229,104
-0.129,9206
-0.0427,6318
0.0241,4594
0.285,1959
-0.166,6226
-0.202,9199
0.0229,3734
-0.0989,8052
0.384,2116
0.0522,3565
-0.0759,8196
0.324,10
0.429,140
-0.00344,5334
-0.00315,4928
0.929,626
0.131,1224
-0.132,9575
-0.194,9890
-0.0284,5991
-0.102,7397
0.18,2483
-0.137,10342
0.0539,3660
0.0635,3257
-0.0848,7975
0.131,3037
-0.149,9102
-0.104,9297
-0.000398,5021
0.0547,2864
-0.134,8656
-0.00366,5083
-0.225,8802
0.0621,3412
-0.075,7545
-0.0875,7502
0.0475,3242
0.117,2784
-0.258,9978
0.0774,2562
-0.00736,5499
-0.151,8135
0.13,1556
0.12,2032
0.118,2027
-0.0696,7664
-0.0525,7560
-0.156,7714
1.18,532
-0.141,6500
-0.0271,5142
0.0355,3689
-0.0293,6310
-0.118,8370
0.0489,3712
0.176,1031
-0.386,10114
-0.0251,6415
0.0118,4853
0.0524,3715
0.0126,4472
-0.155,8864
0.0125,4474
0.197,482
0.13,2086
0.0596,3598
-0.267,9294
0.202,1149
-0.0219,5555
-0.0761,8301
-0.08,9661
-0.102,6870
-0.127,8832
-0.122,7966
-0.174,7958
-0.0123,5320
0.0978,3305
0.0276,4038
0.0547,3008
-0.0813,6545
0.0633,2572
-0.0479,8101
0.203,2728
-0.0849,7935
0.286,1191
0.189,925
-0.0177,5898
0.0272,3549
-0.0666,7282
0.0745,2762
-0.0189,5734
0.107,3459
0.0528,2973
-0.0275,6289
0.128,977
-0.145,8182
-0.131,6014
-0.0089,5200
0.0433,4017
0.0944,1809
-0.173,8981
-0.0974,9127
0.0134,4517
0.0903,3111
-0.157,9335
-0.0248,6541
0.307,235
-0.0667,7037
-0.0602,7073
-0.0549,6836
0.0566,2637
0.146,771
0.053,4091
0.154,1633
-0.115,7531
-0.111,6968
-0.113,8026
0.0281,4410
-0.122,5250
0.391,1194
0.092,3868
0.376,1625
0.271,1038
-0.0804,7974
-0.0506,6524
0.0909,2210
0.06,3988
-0.215,7406
0.245,355
0.216,2418
0.0807,3666
-0.0649,6270
0.22,1021
0.00952,4721
-0.0574,7709
0.0476,3321
0.263,365
-0.27,5094
-0.27,10187
0.166,905
0.0377,3954
0.123,2306
-0.238,8835
-0.0762,6951
-0.333,8335
0.29,1157
-0.189,10164
-0.154,10255
-0.138,8832
0.0167,4418
0.414,1233
-0.00934,5204
0.0332,3736
-0.0945,7528
0.115,1909
0.0389,4165
-0.122,8408
-0.0757,7687
0.0232,4020
-0.143,9896
-0.172,9432
0.0492,3724
-0.0101,5577
-0.0657,7098
0.135,338
0.0262,4114
-0.0206,5284
0.129,1922
0.00381,4800
-0.128,8323
0.0587,2010
-0.00788,5359
0.152,782
0.132,1364
-0.403,9101
0.37,564
0.0132,4610
-0.077,8068
-0.0668,7201
0.21,1741
-0.0427,7202
0.137,3047
-0.0961,9721
0.134,136
0.0223,4393
-0.0274,5466
0.331,416
-0.00533,5109
-0.0923,7471
-0.112,9457
-0.102,8210
0.386,94
0.27,1264
-0.157,9751
-0.0636,8729
-0.226,9096
0.106,3407
-0.097,8153
0.147,2990
-0.156,6425
-0.0857,8183
0.125,1214
0.194,1801
-0.259,8390
-0.168,8305
-0.00595,5182
-0.0228,6841
0.0204,4370
-0.0819,7636
-0.206,7083
-0.0386,6244
0.183,1198
0.133,785
-0.508,10328
0.189,1581
0.0745,2415
-0.016,5473
0.051,2316
-0.0583,7429
-0.134,8028
0.203,569
0.379,330
0.0141,4585
-0.0199,6284
-0.0431,6212
-0.117,6396
-0.558,9082
0.115,2631
-0.638,8974
0.345,941
0.151,1771
-0.134,9399
-0.00915,5278
0.131,886
0.282,40
-0.218,10295
0.0771,2093
-0.179,8646
-0.0624,7035
-0.139,9638
0.141,1578
-0.304,10149
0.227,813
-0.0249,5594
-0.00799,5829
0.0363,3308
-0.0965,8671
-0.167,9039
-0.0381,5682
0.0816,2427
0.0803,2307
0.0553,3681
0.0269,4521
-0.449,10383
-0.0324,6097
0.103,2851
-0.169,10009
0.216,504
-0.0109,5367
-0.0166,5665
-0.101,7172
0.0552,2638
-0.265,10209
0.0257,4410
-0.252,10059
0.114,2202
-0.0741,6699
0.0556,4048
-0.167,9000
-0.0695,8889
0.0733,3532
-0.0262,6180
0.0197,4464
-0.115,6865
-0.111,8978
0.0898,1466
0.175,1282
-0.00066,4851
0.305,1613
-0.0237,5161
-0.151,9292
-0.0416,6643
-0.0333,7246
0.0748,3394
-0.231,8453
0.113,2703
-0.06,6973
-0.0527,7385
0.0899,1994
0.0523,2804
0.171,1086
-0.0401,6955
-0.026,5814
-0.185,9892
-0.163,9570
-0.0341,6281
0.098,2286
-0.176,10103
0.102,670
0.194,497
0.11,2162
0.404,100
-0.151,8744
0.00927,4822
0.395,287
-0.0996,8712
-0.206,10032
-0.00328,5429
-0.0959,6270
0.0507,3761
-0.15,8023
0.113,1672
0.0847,2258
-0.227,8699
-0.373,10057
0.0564,2248
-0.022,5727
-0.0808,7438
-0.126,8958
0.0224,4499
-0.0294,6313
0.0326,4448
-0.651,10229
0.385,248
-0.0663,5913
-0.114,7330
0.211,568
-0.228,10071
0.0656,2523
-0.184,9609
0.143,1772
-0.0679,6634
-0.152,8629
-0.091,7380
-0.136,9016
0.145,1097
-0.123,8948
-0.036,6259
-0.0503,6575
0.278,93
-0.0719,8272
-0.0945,6345
0.0463,4142
0.0164,4494
0.0156,4673
-0.08,9090
0.00242,4815
-0.297,10416
0.0898,2411
0.0508,3417
-0.0531,6495
-0.0631,6502
0.00839,4813
0.0197,4020
-0.132,8671
-0.124,8329
0.244,819
-0.184,8957
-0.159,9261
0.148,2151
-0.0165,5530
-0.268,9410
-0.176,6485
0.174,363
-0.0682,8955
-0.0977,7968
-0.179,9620
0.106,1632
-0.2,7137
0.00877,4695
0.0865,1889
-0.101,7642
0.0449,4241
-0.0807,6047
-0.0975,7789
0.177,1107
0.0242,4355
-0.364,10409
-0.073,6983
0.0906,2422
-0.355,8644
-0.241,9948
0.117,1654
-0.366,10366
-0.141,7722
0.121,2285
0.217,2195
-0.031,6957
0.0367,3724
0.171,795
0.0164,4424
-0.0623,6928
0.0247,4402
-0.0835,8011
-0.0876,6918
0.686,843
0.122,1561
0.115,2043
0.00218,5033
0.0484,2965
-0.054,7913
-0.153,8656
-0.073,8129
0.107,2453
0.372,76
0.108,927
-0.143,10322
-0.105,8627
-0.0899,7699
0.0199,4486
-0.0138,5466
0.09,2898
-0.00852,5500
-0.0549,6295
-0.029,5462
-0.0837,7318
0.123,1833
0.0148,4469
0.048,3353
-0.184,8774
0.229,672
-0.161,8352
-0.00678,5046
-0.086,10060
-0.0328,6482
0.0342,4050
-0.165,8749
-0.0896,5898
0.131,2389
0.283,73
-0.0836,9300
0.00279,5091
-0.0483,6412
-0.333,8313
-0.18,9007
-0.0318,6557
0.0386,2868
-0.411,9670
-0.0935,8531
0.116,1971
0.0903,3330
0.0475,3310
-0.15,9607
-0.214,9264
-0.478,10402
0.233,619
0.103,3138
-0.199,10189
0.0929,2221
-0.142,9207
-0.155,8830
-0.0623,7663
-0.284,7591
0.05,2909
0.0503,1284
0.128,2657
-0.0029,5240
-0.566,10048
-0.179,9601
0.162,280
0.307,36
0.424,484
-0.222,8848
-0.169,7904
-0.0813,6098
-0.0168,5725
0.194,1565
-0.103,8428
0.069,2640
0.0898,2082
0.144,2568
0.0621,1921
-0.0683,7351
0.172,1351
-0.0263,6244
-0.294,6087
0.443,966
0.0453,3810
-0.235,10213
0.0602,2802
0.23,1857
-0.095,7712
-0.199,7926
0.00343,5032
-0.0728,7464
-0.0409,5778
1.12,275
0.565,27
0.294,1689
0.0635,1712
0.0581,3400
0.188,1154
0.107,2468
-0.00044,5203
-0.0929,6321
0.063,2847
-0.0857,6668
-0.102,7307
0.00817,4733
0.0436,3916
-0.132,7414
0.0134,4717
-0.0124,5348
0.175,934
0.0446,3787
-0.012,5011
0.232,947
-0.0256,6444
-0.0143,5498
0.192,1256
-0.132,9133
-0.269,9247
0.202,1137
-0.137,9635
-0.25,10175
0.0128,4959
0.106,2788
0.00585,4746
0.105,3148
-0.161,10136
-0.032,7433
-0.0249,6258
-0.00263,5197
0.158,1170
0.0829,2759
0.00905,4926
0.00816,4858
0.0481,3326
0.18,2163
0.345,403
-0.0531,5481
0.34,1856
0.00406,4869
-0.0231,6212
0.293,897
-0.0893,8568
0.0227,4397
-0.0656,6785
-0.0612,7737
-0.0294,7420
-0.559,8518
0.091,3496
-0.425,6307
0.127,2947
-0.0885,6050
-0.0133,6057
-0.276,10174
0.252,873
-0.021,5875
0.0289,3266
0.073,2129
-0.188,9906
0.177,1555
0.28,769
-0.133,8872
-0.159,9145
-0.0172,5880
-0.268,10386
-0.364,10337
-0.0806,6758
-0.138,7738
0.00438,4811
0.171,2646
0.0128,4680
-0.0526,6625
0.0433,4063
0.0224,4699
-0.26,10055
-0.0178,5968
-0.101,8598
-1.09,10148
-0.368,8814
-0.147,6465
-0.00591,5179
-0.11,9203
0.0499,3590
0.839,1336
0.0475,4243
-1.04,9759
-0.477,7022
0.0822,2643
-0.263,5644
0.106,3581
4.46,1
0.366,31
-0.594,7405
0.118,1964
0.318,49
0.207,915
-0.227,9976
0.0592,3282
-0.0574,7429
-0.0175,5383
-0.0624,6548
-0.0707,8978
-0.95,10455
0.00614,4810
0.0673,3130
0.0987,1111
0.0121,4789
0.00104,5119
0.0242,4064
-0.178,8614
-0.206,9037
0.0843,1942
0.0862,2456
-0.0866,7881
-0.152,9202
0.025,3568
0.0632,2495
0.139,2467
0.164,2334
-0.0666,5426
0.0264,3972
0.187,2158
-0.023,6629
1.22,145
-0.48,9599
-0.131,7154
-0.201,9416
-0.145,9257
0.065,3382
-0.176,9567
-0.103,8237
-0.0921,7597
-0.141,9053
-0.0368,6972
-0.0128,5596
-0.171,8831
-0.264,9896
-0.0129,5305
0.16,2425
-0.0434,7642
-0.0291,6984
-0.146,6669
0.439,1604
0.904,1095
-0.0636,6591
-0.138,7426
-0.181,9301
-0.295,10094
0.153,1597
0.0793,2362
0.105,1261
0.0445,3339
-0.177,7408
0.191,817
0.226,2683
-0.185,8459
-0.0203,5991
0.107,1790
-0.0411,6098
0.137,1245
0.345,826
-0.162,7200
0.135,498
0.0799,3020
0.0565,3741
0.0429,3938
0.0709,3059
-0.0554,7081
-0.0723,8099
-0.0667,7203
0.595,286
0.0323,4373
-0.0532,6352
-0.021,5241
0.088,1600
-0.0311,5609
-0.254,8044
-0.0657,7206
0.338,1093
-0.0622,7851
-0.0785,6388
-0.171,8839
0.282,769
0.157,852
0.237,656
0.129,813
0.0238,4483
-0.0883,9645
-0.0572,6561
-0.104,7762
-0.0539,6456
-0.29,8226
-0.0594,6960
0.00487,4753
0.0422,4097
0.178,258
0.0998,3509
-0.233,8874
-0.215,10076
0.0319,2778
-0.235,5986
0.286,1694
0.419,1592
0.344,1566
-0.39,10006
0.613,820
-0.0374,5943
-0.0959,7563
-0.0659,7497
-0.236,10059
0.0634,1386
0.0202,4171
-0.0672,7323
0.0964,2455
0.475,308
0.0462,3618
0.099,3455
-0.0936,8170
-0.0838,7417
-0.0606,6296
-0.188,9870
0.194,1599
0.0388,3182
0.013,4873
-0.133,8717
0.157,2150
0.188,1530
-0.0672,6145
-0.115,8984
-0.0842,7455
0.21,1415
-0.0758,8096
-0.0643,5695
0.095,2087
0.108,2891
0.018,4220
-0.0121,5381
0.187,1116
-0.0943,6821
0.164,3372
0.034,3965
-0.0921,7621
-0.111,9393
-0.0436,6443
-0.13,8116
-0.0438,6572
-0.0895,8684
-0.0085,5482
-0.345,10014
-0.162,8782
-0.33,10039
0.151,2139
0.331,20
-0.0573,6651
0.537,92
0.0251,4392
-0.295,9736
0.0263,4488
-0.103,7714
0.183,436
-0.0705,5984
0.122,2211
0.178,1751
0.206,937
-0.183,9332
-0.171,10316
0.0894,2923
0.0939,3393
-0.114,6146
-0.105,8029
-0.00317,5152
0.0154,4535
-0.00461,5491
-0.238,9225
-0.0816,8648
0.0927,2574
-0.115,8440
-0.0176,5514
-0.183,8711
-0.0572,5697
0.325,625
0.00274,5014
0.151,889
0.144,3392
0.343,549
0.251,1843
0.106,1354
0.0538,3350
-0.0173,6092
0.0311,3299
0.393,209
0.817,100
0.138,1053
0.0887,1848
0.0931,2009
0.154,1666
0.124,1341
-0.339,10118
0.00624,4837
0.038,3820
0.0433,3175
0.0271,4597
-0.133,9906
0.183,1892
0.0401,4073
0.244,1790
-0.0648,6922
-0.0484,6987
-0.0797,7311
-0.165,9550
-0.213,8500
0.0105,4574
0.116,274
0.066,3117
0.303,478
0.0317,3708
-0.0103,5269
0.122,1087
0.0921,814
-0.0675,7645
-0.141,8539
-0.0275,5172
0.275,2029
-0.128,9242
0.135,474
-0.0225,5524
-0.245,10250
-0.046,6048
-0.45,9235
0.168,1530
-0.174,9533
-0.179,8439
-0.0853,7476
0.0963,3147
-0.0572,7294
-0.023,5597
0.107,2084
-0.212,9107
-0.1,7917
0.0774,3599
0.116,3603
0.107,1579
0.0153,3817
0.0211,4339
-0.241,8761
0.451,2
0.231,975
-0.0214,6105
0.0132,4427
0.161,2927
0.122,1331
-0.101,6408
0.0593,3643
0.196,623
-0.0664,8810
0.195,550
-0.241,10421
-0.141,8412
-0.00315,5279
0.000728,5273
-0.00671,5420
-0.0784,6534
0.0524,3833
0.422,16
-0.0125,5563
0.896,954
0.08,2002
-0.223,9898
0.00219,4967
0.0429,3951
0.0208,4236
0.0997,1960
0.0686,3481
-0.0235,5333
0.127,1937
0.0965,1915
-0.0706,6336
0.064,2922
-0.0456,6598
-0.113,9696
0.0259,4281
0.0592,2931
-0.351,6578
-0.0241,7351
-0.0175,5553
-0.00675,5472
-0.0186,5760
-0.256,9596
-0.0495,6609
-0.0803,7210
0.0128,4365
0.0865,2296
0.242,719
-0.245,10228
0.219,2454
-0.235,9720
-0.0995,8273
-0.288,7570
0.116,2007
0.0171,4806
-0.138,8823
-0.259,10447
-0.0373,6410
-0.147,9495
0.174,1398
-0.153,8461
-0.0305,5891
-0.317,9967
-0.0114,5278
0.0821,2264
0.0395,4056
-0.0284,6240
-0.0183,6310
0.0481,2955
-0.134,8309
-0.253,9925
0.13,2953
0.00872,4661
0.0023,4670
0.149,265
-0.0747,8161
-0.12,8719
0.03,4408
0.117,3756
-0.31,10040
-0.0541,8106
-0.102,7919
-0.0084,5074
-0.0517,6198
-0.336,7779
0.0363,3954
0.0357,3684
-0.0574,8126
-0.206,8033
-0.223,9427
0.19,3194
-0.0198,5347
-0.0975,7643
0.172,2379
-0.00596,5138
-0.0507,6228
0.0243,4138
0.00543,4778
-0.119,10149
0.013,4277
-0.0396,6231
-0.176,9330
0.0537,4239
0.00639,4563
-0.0485,6631
0.131,992
0.108,1220
0.0501,2703
0.169,1886
0.0293,4131
-0.0345,8426
-0.303,10216
0.556,272
0.707,65
-0.0728,7049
-0.081,7111
0.149,1756
-0.0261,8090
-0.0834,6421
-0.181,8646
0.238,1669
0.052,3040
-0.248,10469
0.122,2513
-0.312,9031
-0.118,8436
-0.0999,7422
-0.0578,7060
0.0812,2354
0.17,1393
0.117,1889
-0.0913,7511
-0.00932,5549
0.192,307
-0.0441,7665
0.104,308
-0.146,7555
-0.15,9684
-0.122,6332
0.00452,5186
0.0832,2031
-0.137,9547
0.0417,3410
-0.0623,6358
-0.137,9505
0.129,2620
0.0814,585
0.288,94
-0.00373,5092
0.0612,3514
-0.127,8295
-0.104,8105
-0.177,10311
0.0611,2650
0.302,435
0.16,1822
-0.106,9224
0.0523,3177
-0.0203,6292
0.0967,1865
-0.0393,5557
0.0381,3715
0.411,1415
-0.0212,5687
-0.154,9374
-0.0298,7274
-0.112,7539
-0.162,8922
0.103,2346
0.153,1624
-0.0955,7593
0.142,1402
0.0455,4041
0.0149,4573
0.18,1585
-0.0772,6797
-0.0663,7900
0.142,1315
-0.531,7850
-0.136,8692
-0.143,8915
-0.012,5280
-0.119,10317
-0.146,9832
-0.205,8998
0.0291,4356
0.0493,3311
0.0595,3304
-0.0548,8118
0.201,523
-0.00876,5297
0.0758,3288
0.136,2159
-0.0823,7606
0.049,2456
-0.0758,7801
-0.0854,7213
0.0843,3359
-0.0834,8043
-0.176,8196
0.112,1476
0.0792,2406
0.0892,3361
0.301,1358
-0.374,7180
0.0296,4371
0.104,1835
-0.0204,5790
-0.00199,5020
0.0119,4750
-0.0628,7705
0.0118,4598
0.0589,2708
0.125,1159
0.635,129
-0.328,9936
0.149,406
-0.268,9033
-0.182,9088
0.109,1746
0.0477,4150
-0.252,10352
-0.449,7164
0.562,562
-0.061,8104
-0.528,6799
0.175,1679
-0.197,7273
0.00823,4678
0.00978,5100
0.0129,4645
-0.22,7413
0.394,497
0.213,3176
0.0659,4085
-0.256,9194
0.08,3114
-0.0171,5362
0.0599,3753
-0.282,8171
-0.22,9757
-0.0717,8703
0.0556,3768
0.441,609
-0.163,5579
-0.197,7294
-0.165,9782
-0.147,8778
0.0135,4521
0.0206,4620
-0.0951,7553
-0.451,9596
-0.343,8961
0.00562,4833
-0.152,9379
-0.161,8352
-0.0356,6869
-0.326,7834
-0.123,8665
-0.114,9763
0.00934,4882
0.0264,3999
-0.017,5516
-0.041,4999
0.257,1112
-0.0644,7116
-0.0224,6319
0.00674,4682
0.0683,2688
0.102,3571
0.0504,3418
-0.0369,6067
-0.0392,6965
0.127,2908
0.0586,3683
-0.267,10188
0.107,2076
0.0109,4988
-0.00739,5514
0.0733,2803
-0.023,5495
-0.264,8895
-0.0563,5899
0.0161,3967
-0.0227,6044
-0.0218,5714
-0.345,7698
0.144,2269
0.028,4352
-0.188,10059
0.117,366
0.47,206
0.0102,4898
0.025,4375
-0.0672,6316
-0.391,10300
0.192,310
-7.58e-05,4881
-0.0123,5638
-0.274,10003
-0.389,10367
-0.0315,6265
-0.183,9629
0.0666,3474
-0.00633,5584
0.174,1802
0.153,1843
0.0939,1353
-0.175,8376
0.711,275
0.449,587
-0.038,5305
0.604,309
0.0421,3635
0.345,685
0.137,1782
-0.0515,6021
-0.0681,6869
-0.189,5791
-0.102,8347
0.239,1333
-0.164,8451
-0.352,9750
-0.0727,6808
0.0549,3203
0.121,1769
0.0593,2979
-0.0384,6867
0.0114,4676
-0.168,8511
-0.0354,5733
-0.0231,6045
-0.0488,7056
-0.205,9662
0.0322,3519
0.0982,3555
0.274,512
0.0114,4645
0.0306,3829
0.161,1135
0.17,1509
-0.327,9728
-0.131,8652
-0.0807,8334
0.0808,2631
-0.0199,5975
-0.113,8284
-0.0124,5211
-0.132,6990
0.0972,2200
-0.198,10425
-0.337,8636
-0.221,7924
-0.0667,7591
0.0317,4021
-0.12,8788
-0.0945,6769
-0.104,7747
-0.0877,9231
-0.249,10134
0.0571,2594
0.0339,3311
-0.00839,5603
0.0879,825
0.145,676
0.000315,4919
0.0854,1831
-0.173,8916
-0.0959,7797
-0.0312,6304
0.11,1942
0.211,663
-0.105,7955
-0.0577,6718
0.00638,4769
-0.256,7972
-0.00356,5108
-0.0581,7696
0.0583,3443
-0.469,9980
-0.101,7297
-0.0563,6447
-0.06,7086
-0.0238,5808
-0.138,5216
0.0838,2201
0.0464,4034
0.00969,4988
-0.023,6191
-0.262,7933
-0.155,9107
-0.0725,7146
-0.0101,5163
0.124,2223
0.0384,3662
-0.127,8149
-0.105,7616
0.317,198
0.0207,3762
0.182,1872
0.133,3204
-0.239,7746
0.081,3918
-0.0493,6802
0.0727,2581
-0.081,7360
-0.179,9959
0.108,3317
-0.0258,5034
0.244,217
-0.0589,6934
0.0331,3636
0.825,65
0.108,1840
-0.172,8678
0.0162,4132
0.00504,4689
0.411,633
0.129,1504
0.077,3073
-0.142,9378
0.066,2082
-0.031,5427
-0.212,8047
0.23,196
-0.127,7659
-0.0365,6569
0.0368,3514
-0.222,9514
0.0826,3092
-0.232,9528
-0.0815,6539
-0.342,8534
-0.102,9406
0.0124,4475
0.063,3030
-0.184,8552
0.353,634
0.283,1623
-0.0097,5425
-0.151,8960
0.0377,3945
-0.184,8502
0.00389,5196
0.0103,4653
-0.0905,8215
-0.131,8562
-0.074,7176
-0.0573,6945
0.743,62
-0.0623,5974
-0.214,10322
0.0572,2187
-0.134,9162
-0.185,8207
0.187,1316
-0.531,8964
0.018,4614
-0.151,9422
-0.106,7899
-0.251,8613
-0.234,8658
0.0393,4349
0.00812,4533
-0.0582,7228
0.101,2468
-0.0444,5962
0.0557,3266
0.028,3594
0.0147,4496
0.199,261
-0.377,10104
0.0265,4430
-0.245,8761
0.358,1167
0.0737,2549
0.121,968
-0.0425,5773
0.0914,2249
0.107,3027
-0.158,8328
-0.0383,6308
0.0486,3471
0.0884,2775
-0.0653,6526
0.0979,2809
0.138,981
0.0565,3389
-0.0458,6386
-0.299,9508
0.451,1493
-0.13,7268
0.0685,1530
-0.0767,7889
0.00697,4896
-0.165,8549
-0.351,9936
0.0937,2442
0.0446,3703
-0.0018,4966
-0.0442,5481
-0.265,9836
-0.193,8941
-0.023,5958
0.0201,4130
0.0434,3554
0.323,572
-0.0904,8077
0.205,416
-0.0409,4928
0.02,4171
-0.0237,6048
-0.00462,5282
-0.000524,5086
0.131,1854
-0.118,6312
-0.178,7895
0.0252,4149
0.134,3153
-0.0204,5809
-0.0842,6003
0.0356,4224
-0.158,10057
-0.0135,5059
0.145,1092
0.104,2852
0.348,1085
-0.342,7259
-0.152,9803
0.00911,4712
-0.19,9169
0.0681,4055
0.608,618
-0.0736,7302
0.0411,2987
-0.0575,7700
-0.0574,6916
-0.0228,5124
-0.262,4413
-0.0411,6601
-0.25,10202
-0.216,9750
-0.0282,6097
0.459,169
-0.166,9375
0.0584,3237
0.0223,4671
0.0904,2487
-0.0163,5023
0.105,1037
-0.00672,5426
0.141,1576
0.0842,2740
-0.299,10264
0.163,1626
-0.109,7839
0.61,269
0.289,1001
0.0212,4163
0.396,1602
0.263,590
0.116,1114
0.00294,4979
-0.12,8628
0.0157,4048
-0.0508,7571
0.472,535
0.182,1600
-0.00785,5112
-0.059,7629
0.149,1745
-0.0796,6991
-0.0146,5227
0.626,1026
-0.111,4989
-0.189,8217
0.0812,2974
-0.14,7726
-0.304,8362
-0.196,9522
0.132,2271
0.000566,5042
-0.0537,9022
-0.189,8428
-0.025,6126
-0.285,7825
-0.0495,6988
-0.126,8949
0.141,841
0.0844,3026
0.333,602
0.178,1551
0.045,3639
0.0285,3627
0.0816,2207
0.0321,4244
-0.0717,6490
0.0196,4377
0.762,342
0.0393,4102
0.218,81
-0.144,8420
0.0971,2873
-0.403,9077
0.154,1675
-0.0676,7916
0.0119,4783
0.114,1013
-0.0581,7226
0.0506,3286
-0.0713,6937
-0.0566,7478
-0.18,9653
0.39,120
-0.436,9968
-0.2,7018
0.0295,4027
0.138,1364
-0.099,8072
-0.052,6306
-0.122,7378
-0.0796,8452
0.48,443
-0.049,7038
0.0459,3293
0.00899,4707
-0.0619,8120
0.173,2282
-0.293,9113
0.0658,1887
-0.0553,8156
-0.0988,8093
-0.168,8814
0.38,310
0.0521,3804
-0.0581,8672
-0.0309,6886
0.0803,3147
0.358,350
-0.103,5595
0.219,1179
-0.0805,8416
0.0276,3773
-0.502,7313
-0.349,8790
0.15,1641
0.382,1761
0.308,239
0.0799,1764
0.0529,4082
0.258,243
0.147,2491
-0.0282,5993
-0.0166,5947
0.125,1837
0.142,2024
0.00571,4748
-0.153,6862
0.0777,3025
-0.0895,6986
0.0906,1340
0.152,1852
0.053,3625
0.158,1207
-0.00951,5041
0.125,1757
-0.108,8952
-0.00898,5458
-0.136,8291
-0.127,8161
-0.223,7753
0.165,758
-0.0828,7971
0.647,1538
-0.396,6382
-0.238,10323
-0.104,7293
-0.147,7649
0.0528,4163
0.19,2267
0.113,1620
0.0663,2612
-0.212,8283
-0.111,7272
0.189,2980
-0.14,6451
0.0992,1129
-0.00614,5400
0.197,1366
-0.231,10264
0.0457,3278
0.00426,4979
0.029,3531
0.0409,3672
-0.111,7429
0.346,1823
-0.213,8582
0.122,1828
-0.103,8534
-0.154,9862
-0.013,5428
-0.105,7759
0.328,309
0.296,462
-0.0935,7531
0.1,3152
-0.284,7018
-0.199,8232
-0.0786,7676
0.0518,3771
-0.0593,7724
-0.0187,5875
-0.156,4289
-0.297,9492
0.358,833
-0.00826,5887
-0.0085,5788
-0.0556,8227
-0.121,3558
-0.594,9714
-0.141,7013
-0.141,8140
-0.267,9724
-0.442,7265
0.587,904
1.78,694
-0.214,7279
0.0266,3384
0.139,1946
0.08,3734
-0.00702,5400
-0.0258,6563
-0.836,10102
0.726,535
-0.376,7529
-0.384,7982
-0.0318,5521
-0.0655,7794
-0.0271,5601
0.509,43
-0.22,9340
-0.0397,6300
0.196,876
-0.0531,6400
-0.0143,5526
-0.00242,5093
-0.0476,7881
-0.168,10411
0.032,4393
-0.0265,5881
-0.0406,6692
0.0153,4368
-0.051,6177
-0.0238,6239
0.011,4629
-0.00825,3313
-0.639,10293
0.228,2063
0.0941,3491
-0.0132,5387
0.0657,3576
-0.692,7600
-0.102,6960
-0.136,8296
0.234,1620
0.00232,5095
-0.154,7566
1.19,566
0.367,1317
-0.0339,7442
-0.0287,8561
-0.0886,7245
0.453,73
0.175,1850
-0.177,9736
0.0577,3013
-0.197,9234
0.0453,3752
-0.147,7612
-0.0187,5548
0.025,4228
0.156,1861
0.0311,3137
0.1,3508
-0.0667,6568
-0.382,9350
-0.138,9935
-0.0164,5721
-0.0207,5528
0.165,1152
0.269,235
-0.129,7134
0.0703,3584
0.113,3044
0.0207,3969
0.0723,3598
-0.422,10274
-0.0689,6995
0.0565,3151
0.179,129
-0.164,10001
-0.287,7109
-0.0559,5423
0.121,1244
0.092,3650
-0.0561,7753
0.124,2859
-0.228,8727
-0.0334,5740
-0.214,9102
0.00868,4688
0.0466,3476
0.151,3337
-0.137,7432
0.0299,4528
-0.0401,6137
0.0488,2042
-0.0472,7614
0.0371,4035
-0.317,7471
0.00797,4928
0.114,3129
-0.0646,8492
0.1,2034
0.0406,3611
0.326,26
-0.479,9713
-0.021,5617
0.107,2002
0.567,51
-0.0367,7451
0.21,247
-0.101,8788
0.241,1241
0.637,33
0.0315,3897
0.144,867
0.0248,4061
0.0775,2883
0.0135,4730
-0.0169,5403
0.0825,1706
-0.19,9892
-0.225,9537
-0.266,9899
0.241,880
-0.0502,6871
-0.158,9182
0.0176,3799
0.0523,3195
-0.0955,7909
-0.00958,5688
0.233,494
0.0342,3661
-0.269,9535
0.0114,4515
0.0908,1417
-0.372,8647
-0.122,9701
-0.32,10401
-0.164,9505
0.00501,4705
-0.379,10164
-0.43,10420
-0.148,9505
0.301,9
0.109,1937
-0.217,10172
0.298,268
-0.0974,7162
0.162,738
0.0456,3579
-0.3,8960
-0.214,10275
-0.17,8937
-0.089,8102
-0.0482,6280
-0.085,9115
-0.143,9235
-0.207,9784
-0.107,9127
-0.0827,6480
-0.146,9337
-0.112,9078
0.0276,4421
0.276,1556
0.251,2396
-0.0491,6989
-0.0522,5798
-0.0242,5787
-0.213,9335
-0.0769,6296
-0.255,8641
0.014,4304
-0.024,6220
0.0435,3397
0.0668,3305
0.161,773
-0.0795,8251
0.0739,2676
0.000423,4966
-0.0841,7302
-0.64,7649
-0.0378,6627
-0.0732,7043
-0.0274,6325
0.102,2519
0.142,2104
-0.134,8600
-0.18,10199
-0.0179,5479
0.0555,3477
0.118,424
-0.0112,5978
0.13,2062
0.0222,4356
-0.176,9347
-0.259,9009
-0.145,9545
0.00738,4668
0.242,1131
0.19,1917
-0.127,8902
0.117,2324
-0.145,9430
-0.169,9443
-0.46,10461
-0.217,9154
0.643,1095
-0.18,8425
-0.0637,6005
-0.13,9949
-0.269,9235
1.7,385
-0.14,8638
0.148,1423
0.0227,3535
-0.0155,6345
-0.0818,5787
0.055,2728
0.0948,2722
-0.123,9341
0.0165,4597
0.273,177
-0.182,9405
0.0462,4330
0.139,680
-0.251,9454
-0.0303,6359
-0.121,10080
-0.033,6002
0.192,1021
0.724,42
-0.0109,5645
-0.157,7695
-0.101,8384
-0.232,9794
-0.169,9469
-0.0304,5141
0.306,890
0.111,1668
-0.0439,6279
-0.301,10350
0.0421,4036
0.208,1858
-0.0309,5884
-0.122,9286
0.0239,3912
0.533,144
-0.116,7981
-0.0899,7885
0.0209,4343
0.0072,4516
0.0228,4370
-0.0825,8302
0.0917,2761
-0.272,10119
-0.0278,5480
-0.0299,6244
0.15,1263
0.124,1971
-0.0848,7889
-0.284,9039
0.325,1979
-0.191,10098
-0.0663,8066
-0.205,10040
-0.0821,7609
0.0135,4854
-0.118,8579
0.109,1857
0.0436,2244
0.02,4688
-0.189,9255
-0.0625,5718
-0.048,6740
0.154,983
0.0734,2616
-0.135,8339
-0.0913,7972
-0.134,7537
0.817,237
-0.113,8396
-0.129,9106
0.0282,4252
-0.157,9934
-0.076,7212
-0.0625,7053
0.0259,3832
-0.0512,7570
-0.173,9337
-0.0144,5648
-0.0859,7426
-0.00348,5309
-0.0245,6239
0.0222,4252
0.0105,4813
-0.0696,7758
-0.0134,5096
-0.0548,7348
-0.0243,5591
-0.168,8775
-0.0793,7957
-0.471,9908
0.22,1394
-0.0212,6704
-0.222,10365
0.248,102
0.336,235
-0.0428,5107
0.209,1016
0.0335,3224
0.148,586
0.3,337
-0.0403,7071
0.00446,5134
0.185,2591
-0.0845,8030
-0.36,10349
0.422,17
-0.33,10143
0.237,1503
1.16,71
0.0395,2835
0.0392,3537
-0.0108,5182
-0.132,8625
0.529,175
-0.0148,5792
0.104,1288
0.0628,2631
0.256,1090
-0.11,7741
-0.0236,5317
-0.0483,5126
0.023,4236
-0.17,8941
-0.043,5057
0.0254,4155
0.00504,5148
0.141,3157
0.16,2423
0.433,137
0.501,991
0.111,1903
0.0145,4802
0.154,2549
0.105,1997
-0.107,7211
-0.0849,7618
-0.0128,5178
0.274,657
0.171,1951
-0.175,8805
-0.221,9429
0.0283,4422
0.0197,4531
-0.101,6993
-0.225,8896
0.0619,2792
-0.025,6448
0.0443,3251
-0.107,7139
-0.102,9258
-0.102,7485
-0.0502,5677
-0.0461,6961
0.122,3420
-0.279,9924
-0.121,7944
0.0921,3265
-0.143,10340
0.086,1529
0.119,2147
0.284,151
-0.237,8070
0.0636,3881
1.85e-05,5137
0.0273,3788
-0.0549,7023
0.112,2927
-0.0271,5383
-0.194,8940
-0.151,9810
-0.0453,7942
0.0278,4155
-0.0772,7713
-0.0865,7004
0.239,232
-0.0293,5944
-0.047,6800
1.19,20
-0.189,6725
-0.572,10252
0.207,587
0.0363,3456
-0.0294,5404
0.398,605
0.127,2801
-0.273,6667
0.0465,2175
-0.0281,6308
0.208,2456
0.016,4458
0.082,3722
-0.0624,6531
0.000439,5176
0.0447,3165
-0.0805,7363
-0.148,8699
0.265,1145
-0.59,10465
-0.0163,5438
0.107,2554
-1.13,10092
-0.0974,8878
-0.0828,8059
-0.217,9635
-0.122,9944
-0.125,10162
-0.0301,5493
0.235,1654
-0.399,8956
-0.136,9576
-0.156,8338
-0.0809,7106
0.234,1153
-0.0453,6654
-0.0649,6897
-0.0783,6882
0.0681,2814
-0.0705,7663
-0.709,8680
-0.0109,5310
0.00502,4847
0.643,213
0.0024,5116
-0.00215,5567
-0.526,8222
0.0434,3586
-0.262,9027
-0.0667,6873
0.0421,3287
-0.0175,5719
-0.314,10212
-0.248,9675
-0.0193,6540
0.0513,2118
-0.0021,5098
0.0481,3883
-0.173,7324
0.181,1291
-0.107,6201
-0.00772,5203
0.0615,3145
0.156,389
-0.09,8724
0.176,1238
0.0715,2921
-0.0967,10351
-0.0499,7084
-0.33,9721
0.151,2214
0.116,3136
-0.251,9876
0.345,209
-0.0675,5774
-0.0556,6553
0.118,2915
0.243,1579
-0.11,6665
0.257,211
-0.0829,5564
-0.00945,5440
-0.172,8338
-0.0746,6783
-0.319,9203
-0.0483,6561
-0.262,10470
-0.0389,6511
0.153,1363
0.0806,2242
0.315,356
0.0341,4115
0.205,820
-0.16,9587
0.00983,4875
0.0557,3590
0.205,1685
-0.0621,4666
-0.00743,5179
-0.111,8161
0.195,910
-0.154,8737
0.0754,3608
-0.00271,5215
0.0193,4342
0.0319,753
-0.0668,6706
0.135,2754
0.238,1496
-0.154,9095
0.0229,4296
-0.0978,8535
-0.0129,5486
0.135,909
-0.119,7249
-0.00782,5109
0.0549,2384
0.226,733
0.0827,2361
0.112,1813
0.00817,4751
-0.0835,7105
0.0551,1261
0.0706,1820
0.0644,3176
-0.0701,8481
0.0613,3020
-0.19,9172
0.129,2016
-0.16,9549
-0.0161,5130
-0.0686,6786
-0.157,9976
-0.157,9071
0.0207,4544
0.35,248
0.136,2002
0.0249,4471
-0.188,9622
0.128,1346
-0.0356,5091
-0.508,8670
0.0707,3363
-0.207,10251
0.19,493
0.0335,3307
-0.0646,5340
-0.0119,5210
0.295,1819
0.00226,4807
0.0143,4346
0.14,1208
-0.0414,7313
-0.0715,7868
0.0574,3405
0.103,2791
0.182,386
-0.0863,9811
0.208,1735
0.183,1454
0.0927,2510
-0.194,7900
0.00501,4977
0.0905,2320
-0.117,7956
0.0775,3299
0.567,380
0.00181,4991
0.185,477
-0.0975,8082
0.0684,2666
0.117,2886
-0.107,8036
-0.0743,7950
-0.145,9297
-0.037,6395
0.01,4884
-0.246,9655
0.0543,3464
0.0888,1695
0.0405,3568
-0.00408,4904
-0.106,7858
0.459,831
0.0548,3238
-0.139,8068
-0.052,6571
0.127,657
-0.0911,9480
-0.126,8888
0.17,1476
0.185,203
-0.312,9639
0.00757,4792
-0.0319,6027
-0.203,9882
0.00543,4856
-0.0295,5988
-0.065,5818
-0.082,8332
-0.092,6234
-0.119,8489
0.0433,3804
0.0436,3115
0.0415,3179
-0.273,10108
0.0964,2473
0.227,615
0.00683,4701
0.0089,4864
-0.0399,7885
0.222,1236
-0.0476,6707
0.0563,3316
0.00335,5178
0.148,2153
0.182,1087
0.00446,4822
-0.117,8053
-0.453,8780
0.04,3939
0.0288,3632
0.312,481
-0.0203,5603
0.0205,4050
0.0339,4050
0.215,420
0.823,10
0.0741,2537
-0.106,8419
-0.245,8208
-0.196,7736
-0.0205,5741
0.045,3517
-0.0612,7010
-0.176,9399
-0.0532,6846
0.0787,3342
-0.221,9340
-0.155,9691
-0.072,8418
-0.362,9980
-0.0641,6162
-0.0082,5177
0.0517,3209
-0.0941,8306
-0.0931,7388
-0.0744,7739
-0.172,9086
-0.203,9405
0.298,532
-0.0165,6139
-0.194,9943
0.109,2860
-0.0614,7595
-0.201,8389
-0.262,9407
0.0988,2454
-0.072,7572
0.364,1890
0.176,2164
-0.249,9314
0.018,4281
-0.111,7678
-0.313,10454
-0.193,9465
-0.16,9373
-0.128,8598
-0.164,8233
-0.0677,8550
-0.0297,6495
0.0252,4118
-0.0422,5798
-0.176,7626
-0.204,9961
0.0552,3037
0.0976,2201
-0.0251,5975
-0.0961,7470
-0.0293,6175
0.109,2402
0.12,2251
0.136,633
-0.441,10203
0.107,3137
-0.00774,5207
-0.0257,5238
0.0415,3421
0.0266,3870
0.0148,4697
0.0155,4402
0.00613,4879
0.015,4621
-0.119,8996
-0.0413,6498
0.164,786
0.131,2424
0.16,2667
0.0242,3905
0.0774,3487
-0.139,9607
-0.0307,5927
0.433,200
0.00638,4772
-0.125,6752
-0.152,9049
-0.127,9329
-0.158,6420
-0.0098,5193
-0.00366,5189
0.108,1977
0.0679,1491
-0.00866,5671
-0.185,8896
-0.0816,6273
-0.141,8575
-0.15,8139
-0.00875,5527
-0.0609,7862
0.133,1508
0.0616,3273
0.077,3745
0.00509,5076
-0.0364,6015
-0.151,10109
-0.0111,5304
-0.236,10332
0.00331,4683
-0.198,8721
0.182,100
0.000351,5086
-0.121,9295
0.345,151
0.0408,3035
0.102,1863
-0.094,8428
-0.0456,6506
0.145,1568
-0.0606,5637
0.298,1459
0.0523,3299
0.152,193
-0.0786,7463
0.0511,2208
0.182,1661
-0.0272,5856
0.0303,3932
0.0188,4545
-0.0187,5966
-0.384,9135
0.789,9
0.00678,4907
-0.446,10144
0.171,1114
-0.0116,5114
0.174,2034
-0.139,10269
0.129,1638
-0.338,9681
-0.17,10451
0.0112,4273
-0.181,9249
-0.0953,5912
0.128,1630
-0.0662,7457
0.207,324
0.226,261
0.138,1386
-0.0353,5775
0.089,3833
-0.143,7547
0.217,1165
-0.0507,6439
0.107,2021
0.0521,3606
0.0138,4698
-0.0376,6502
0.0148,4473
-0.0703,9141
-0.122,6993
-0.138,8869
0.0589,3920
0.000345,4922
-0.0577,7765
0.164,839
-0.105,8080
-0.0562,6263
0.453,1083
-0.0348,5460
-0.072,7219
-0.0657,9692
0.25,459
0.174,498
0.377,77
-0.0736,6544
0.16,1627
-0.256,10388
-0.106,7022
-0.0889,6731
-0.214,9454
-0.0806,7934
0.0133,4438
0.021,4227
0.0142,4650
0.182,1405
-0.064,6793
-0.0829,6783
-0.0419,7037
-0.0112,5840
0.159,1890
-0.0229,5706
0.0607,3889
-0.0142,5404
-0.0267,6241
0.0704,2403
0.379,136
-0.121,8594
0.109,2230
0.3,1674
-0.0145,5536
0.0952,1749
0.0463,3312
-0.0703,7004
-0.0937,8646
0.00523,4636
0.0399,3023
0.187,267
0.00439,4781
0.0955,3553
-0.194,9463
-0.0214,6053
-0.302,10045
0.0346,4059
0.0339,4108
0.107,1675
-0.451,10432
0.19,2413
-0.00764,5351
-0.0103,6092
-0.0785,7192
0.132,2005
-0.218,8351
-0.148,9342
0.168,1813
-0.0212,6167
0.107,2962
-0.192,9219
0.0885,3604
0.00922,4691
0.107,1799
-0.0179,5903
-0.0807,6542
-0.312,9579
-0.0646,6854
0.0122,4478
0.105,3251
-0.0349,6412
-0.143,8964
-0.239,10257
-0.0385,6329
0.0447,4193
-0.229,9915
-0.285,10429
-0.139,9049
0.223,1277
0.162,1515
0.0395,3993
0.0325,3669
-0.184,8973
0.509,826
0.082,3089
-0.207,10118
-0.245,10061
-0.0069,5484
-0.133,9902
0.127,2144
0.166,2732
-0.0636,6470
-0.0225,5529
-0.0079,5675
0.00801,4730
0.1,3428
0.0722,3261
-0.15,8226
-0.0491,6419
0.172,1541
-0.035,7192
0.128,1502
-0.449,9753
-0.412,10320
0.46,89
-0.117,7928
0.122,1430
-0.186,9809
0.223,2021
0.152,2321
0.107,1736
-0.072,6985
0.0703,2586
0.115,1704
-0.146,8700
-0.112,7378
-0.0939,8268
0.0468,3204
-0.0638,8005
-0.0147,5482
-0.0904,7126
-0.174,8144
0.22,1292
0.0216,3960
0.0905,1700
0.00738,4825
0.33,639
0.16,2395
-0.142,7713
-0.00979,5396
-0.0348,5957
0.238,902
0.0495,3345
0.0534,4030
-0.103,9366
-0.0578,7626
0.167,920
-0.147,8412
-0.19,10252
0.241,1126
-0.129,8162
-0.0526,7152
0.0537,1817
0.0411,4131
-0.0273,5857
-0.0422,6209
0.397,668
0.182,173
-0.0444,7237
-0.0471,6932
0.259,473
-0.107,6906
-0.307,8894
-0.0859,6404
0.124,726
-0.246,9149
0.122,1548
0.223,1088
0.584,269
-0.00245,5266
-0.0236,6094
-0.204,8163
-0.203,9792
-0.0524,6475
-0.137,9055
0.0258,3660
-0.0339,6623
-0.000222,5069
-0.00318,5286
0.0814,3229
0.076,3161
-0.0113,6351
0.122,734
-0.12,7626
0.0912,2226
0.713,853
-0.482,10227
0.0564,3756
0.111,1994
-0.172,9532
0.135,2274
-0.109,9066
0.752,255
0.181,323
-0.0717,8169
-0.18,9716
-0.0897,6568
-0.0275,5587
-0.0465,5889
0.0772,2679
0.282,2677
0.0178,4584
-0.074,6987
-0.0587,6901
0.153,1342
-0.0588,7558
-0.00334,5280
-0.0476,6267
0.316,244
0.0165,4716
-0.0786,6968
0.309,469
0.268,111
0.0717,1998
0.0729,3820
-0.498,10180
-0.0286,5363
0.122,1097
-0.0451,8027
-0.205,9795
0.356,893
-0.0545,5866
-0.102,8861
-0.246,9442
0.109,3081
-0.0159,5635
-0.189,9335
0.102,933
0.0166,4532
0.13,513
-0.149,10186
-0.00868,5331
-0.131,6901
-0.211,8094
0.42,187
0.167,2595
0.367,1154
-0.134,7514
-0.042,5578
-0.0087,5574
-0.0797,7533
-0.289,9432
0.254,872
-0.258,8964
0.0314,4138
0.0796,2842
-0.275,10047
-0.0804,9262
-0.0759,8227
0.0054,4986
-0.104,8668
0.103,1465
0.165,665
-0.0762,5748
-0.0809,4870
0.0231,4303
-0.17,8496
0.13,1116
-0.0611,7169
0.157,2641
-0.198,8039
-0.156,7796
-0.125,7938
-0.0428,8144
-0.0186,6092
-0.249,9183
-0.0507,7521
1.14,502
-0.0106,5533
-0.0762,7614
-0.0214,5378
0.0806,3176
-0.0131,5949
0.177,2315
-0.399,9320
0.0496,2613
0.132,1212
-0.0138,5358
0.146,2719
-0.0763,7887
0.399,1720
-0.00507,5218
-0.116,9039
-0.211,9615
-0.108,8036
0.272,435
0.545,798
-0.0274,6262
-0.0115,5356
-0.0892,6808
0.045,3727
-0.0746,6852
-0.268,10059
-0.107,9347
-0.0559,7285
0.0592,3184
-0.0586,6407
0.0195,4599
0.0907,3794
-0.0136,5367
-0.0377,5736
0.208,1085
-0.0279,5485
-0.0972,7351
-0.0626,6465
0.00538,4517
-0.0715,5129
-0.266,8656
-0.00707,5590
0.237,866
0.0349,3480
0.12,765
-0.212,9665
0.0765,3385
-0.0733,6655
-0.322,10135
-0.0866,8704
-0.0185,5846
0.154,903
2.14,78
0.0228,4186
0.781,160
0.0265,4208
0.182,308
0.00881,4694
0.172,1726
0.0638,3387
-0.00915,5288
-0.324,10110
-0.085,8811
0.413,311
-0.109,7629
-0.122,7535
0.136,2781
0.0569,3417
-0.0934,9919
-0.00875,5227
-0.0942,7964
0.358,553
0.273,559
-0.035,6462
-0.299,10192
-0.0844,7547
-0.3,9920
-0.223,8716
0.0162,4569
-0.0086,5158
0.0326,3757
-0.0235,5703
0.0188,3984
0.0933,2864
-0.0589,7551
0.042,3483
0.0268,4195
0.0569,3574
-0.136,8715
-0.129,6636
0.0183,4727
-0.173,9923
-0.173,9481
0.0444,3417
0.154,1411
-0.207,8260
0.0304,3905
-0.0678,8701
0.139,1284
-0.0383,6694
0.0956,2363
-0.0448,7006
-0.0705,5991
0.123,546
-0.00233,5228
0.447,1263
-0.0698,6515
-0.08,6198
-0.299,8890
-0.0414,7262
0.0483,3784
-0.146,10137
-0.00741,4992
0.156,2318
0.0655,3543
-0.0747,6836
0.00984,4775
0.0915,2618
0.293,453
0.565,1301
-0.0204,6096
0.0306,3650
-0.121,9247
-0.0459,6374
0.168,2101
-0.148,7931
-0.401,9561
-0.0176,6190
0.0429,3936
0.357,484
-0.05,5617
0.066,2620
0.0528,3258
0.165,807
-0.0971,8647
0.0354,3851
0.0574,3011
-0.303,9204
0.0219,4438
-0.0961,6848
-0.161,8040
-0.476,8062
-0.0995,6999
-0.0807,8135
0.00502,4865
0.018,4580
0.471,807
-0.0639,9239
-0.0769,7239
0.234,366
0.0231,3465
0.259,845
0.0415,3554
-0.121,7277
-0.0495,6477
-0.0787,9292
0.0752,2668
-0.18,9447
0.224,2260
0.207,2118
0.0228,4335
0.286,137
0.0333,3789
-0.552,7328
0.124,2194
-0.169,7700
0.0285,4368
-0.13,9744
0.0631,2422
0.0358,3462
0.365,748
0.0962,2765
-0.27,10165
-0.0135,5930
0.0795,2019
0.00207,5080
0.0678,2869
0.0604,3154
0.0554,2489
-0.0164,5882
-0.0795,8114
-0.0905,6946
-0.15,9559
-0.0049,4848
0.163,2642
-0.244,10021
-0.0435,7940
-0.036,6128
0.0447,2510
-0.0262,5187
0.105,2951
-0.0308,6813
-0.0493,7766
-0.136,8933
0.0198,4502
-0.263,8847
0.307,179
-0.209,9772
-0.0469,7443
-0.0161,5698
0.112,2095
0.183,1031
0.0541,3440
-0.19,10075
0.155,1146
-0.181,9035
-0.0268,5861
-0.00838,5397
-0.0575,6132
0.0528,1991
-0.135,9065
-0.121,8526
0.214,348
-0.075,7233
-0.103,6580
-0.00199,5144
0.185,719
-0.049,6417
-0.0478,6866
-0.098,8021
0.0356,3753
-0.212,10043
0.0523,3041
0.124,3367
0.0436,3901
-0.13,8554
-0.0124,5043
-0.0565,6470
0.055,3004
-0.119,8530
-0.0967,8043
-0.399,9665
-0.064,7768
-0.154,9249
0.109,1977
0.16,2101
0.18,1532
-0.193,8849
-0.0465,6255
-0.117,9018
-0.0425,5767
0.313,426
0.0433,4203
0.111,1547
-0.0621,7205
-0.0448,7029
0.27,833
-0.113,7260
0.019,4611
-0.0695,5957
0.108,2617
0.129,2397
-0.0331,5344
-0.0503,6798
-0.0539,6345
0.0395,4287
0.00371,5055
0.115,2519
0.194,1666
-0.00784,4821
0.012,4888
0.134,1977
-0.018,5776
-0.0416,6888
0.0198,4559
-0.172,8741
0.131,1945
-0.155,9486
0.0763,2936
-0.0519,6104
0.0501,3819
-0.17,8284
-0.0671,6846
0.0182,4532
-0.243,9498
0.0769,2962
-0.0615,6622
0.00583,4933
0.133,2623
0.146,2014
-0.0341,6232
0.024,4347
0.05,3315
-0.114,8386
-0.0502,7569
-0.0116,5539
-0.163,10219
-0.0193,5706
-0.138,9699
0.303,191
-0.0507,7900
-0.226,9631
-0.0273,6445
-0.0546,7695
0.232,865
-0.229,8755
0.0626,4069
0.202,1303
0.231,631
-0.0584,9244
-0.101,7790
-0.115,7761
-0.144,9319
-0.216,8750
-0.0612,6146
0.0223,4272
-0.0651,7232
0.0902,2498
0.0924,3381
0.0206,4595
-0.0103,5448
0.567,6
0.192,1089
0.106,2707
0.0546,2702
-0.208,8529
-0.0108,5998
0.06,2047
-0.236,8735
0.0389,4239
0.124,2784
-0.18,7272
0.13,1408
-0.116,8212
0.11,2793
0.06,3317
0.204,1337
-0.355,10289
-0.0564,7920
-0.0814,8194
-0.214,10110
0.0172,4536
0.174,2249
-0.117,5659
-0.181,9241
-0.0505,7188
-0.0584,6812
-0.0807,7545
-0.116,7602
-0.0559,7710
-0.172,9640
0.048,3777
0.209,685
-0.129,9062
0.246,443
-0.43,8730
0.103,1392
-0.0719,7628
-0.648,9311
0.318,2054
-0.0173,5529
-0.0598,5906
-0.057,6493
0.296,84
-0.358,9900
-0.128,7703
0.151,937
0.162,1188
0.0146,4575
0.101,479
-0.186,9420
0.0858,3131
-0.00846,4994
-0.0928,7355
-0.175,10395
-0.0968,8396
-0.102,6421
0.0986,3185
-0.26,9886
-0.0361,6341
0.0337,3983
-0.27,9795
0.0895,3137
0.0821,2851
0.139,3277
0.0211,4449
-0.0435,5529
-0.218,10450
-0.144,9574
-0.0733,6615
0.137,1203
0.035,3982
0.0101,4608
-0.127,7180
-0.172,9711
-0.13,7801
-0.0766,6432
-0.125,7714
0.17,1019
-0.119,9025
-0.0422,5832
-0.0469,6231
0.0628,2734
-0.115,9064
0.0525,3051
-0.0309,5986
0.0671,2441
0.00603,4755
-0.0474,7601
-0.0684,7853
0.125,906
-0.11,9197
0.0585,2500
0.04,4159
0.094,747
-0.361,10399
0.0866,2622
-0.0409,5855
-0.04,6043
0.158,1684
-0.0331,6386
-0.175,9906
0.0668,2375
-0.0742,8774
-0.0788,6989
-0.00633,5476
-0.228,8803
-0.234,8071
-0.069,8736
0.0294,3421
-0.174,9413
-0.34,10348
0.11,1378
-0.00966,4939
0.0839,1847
-0.0711,7052
0.313,2155
1.01,211
0.0467,4123
-0.0935,6233
-0.163,8231
-0.0885,7859
0.0544,4173
-1.06,10120
-0.0119,4891
0.142,3660
0.186,1772
-0.269,9992
-0.0352,5613
-0.0275,5301
-0.0557,7594
-0.0669,7416
0.0437,3888
-0.0484,6351
-0.26,8031
-0.149,8351
0.0178,4301
0.0673,2989
-0.0825,7843
-0.118,8977
-0.0154,5204
-0.0878,7741
0.00357,5082
0.26,262
-0.0335,5805
0.673,128
-0.0286,6543
-0.0435,7874
0.0501,3883
-0.00153,5013
-0.0445,6393
0.455,479
-0.2,7794
-0.025,7673
-0.00294,5359
-0.163,8904
-0.0638,6669
0.265,224
0.144,2249
-0.147,8322
0.00926,4819
0.0574,3215
-0.21,9794
-0.138,9749
-0.121,7998
-0.194,10270
0.0543,2889
-0.0464,7336
-0.186,9820
0.00794,4842
-0.187,8842
-0.242,8890
-0.0755,7208
-0.0825,8905
-0.117,8257
0.404,705
0.287,125
-0.148,9346
0.045,3670
0.0897,1966
0.00413,5093
0.0719,3431
-0.067,7757
0.0199,4445
0.0626,3114
-0.00781,5620
0.108,1858
0.139,1074
0.0397,4446
0.183,2224
0.00469,4935
0.0202,4606
-0.103,8027
0.0298,4166
0.202,1011
-0.08,8878
0.273,1608
-0.139,8886
-0.191,9585
0.219,664
-0.363,9063
-0.0486,6273
-0.0846,8799
0.0599,2096
0.0152,4535
0.198,1227
-0.00578,5290
0.000343,5103
-0.104,8535
0.0423,3273
-0.0158,5671
-0.0924,7742
-0.0254,5542
-0.219,8526
0.237,772
-0.0241,5949
0.11,2569
-0.0996,8439
0.395,1193
-0.118,6796
-0.0861,8030
-0.0171,6093
0.139,1613
-0.0132,5619
0.205,936
0.0559,3563
0.386,674
0.0285,4006
-0.149,9237
0.0194,4554
0.0984,2524
1.04,0
-0.0699,7325
-0.136,8853
0.0854,2935
0.3,372
-0.265,9137
-0.073,6391
-0.0835,9726
-0.118,6284
0.264,690
-0.147,9360
0.0462,3940
0.454,840
-0.0554,8041
0.0252,3935
-0.307,10049
-0.168,7560
0.173,1803
0.177,2846
0.00581,4827
0.0889,1888
-0.0987,7594
0.135,1095
-0.248,9149
0.0195,4461
0.0319,4110
0.0494,3519
0.184,1493
0.193,1668
0.00113,5058
-0.0751,7941
-0.325,10362
-0.0414,6055
0.227,569
-0.229,8561
-0.0483,6270
-0.049,6268
0.0541,3927
0.0625,2131
-0.065,7952
-0.0406,7058
-0.145,7211
-0.159,7768
-0.118,9025
0.134,546
-0.16,6868
-0.105,9137
-0.107,7786
-0.0561,6560
0.183,2053
0.00256,4852
-0.135,9114
0.202,1724
-0.194,7762
0.0317,4136
-0.0253,6352
0.00647,4126
0.0716,2518
-0.00641,5085
-0.0425,6477
0.02,4177
0.0133,4513
0.01,4860
0.726,170
-0.104,8212
-0.152,8510
0.0727,3137
0.335,732
-0.047,7551
-0.0728,7236
-0.16,8678
0.0641,2856
0.13,2120
0.0632,3609
0.031,3914
-0.0881,7730
0.0807,2557
-0.27,8311
-0.192,9845
0.0441,2500
-0.0762,9453
0.265,1115
0.135,1940
0.0847,2166
-0.238,10321
-0.104,9578
0.0275,3964
-0.127,8171
0.044,3875
-0.0749,6998
0.00359,5026
-0.145,7093
0.0069,4679
0.0614,3211
-0.0313,5556
-0.107,6321
-0.113,7831
-0.189,9759
0.00401,4739
0.0564,3376
0.322,56
0.0606,3522
-0.152,8842
-0.0122,5593
-0.0269,6182
0.145,3540
-0.183,9162
-0.00639,5367
0.289,848
0.0211,4414
-0.0784,8304
-0.0173,5274
0.175,2098
-0.0687,6899
-0.209,10046
-0.0901,8787
-0.0175,5890
0.51,293
0.311,855
-0.122,8492
-0.213,4159
-0.0182,6526
0.212,415
0.468,1629
-0.149,9275
0.0721,3599
-0.361,8965
-0.132,8230
-0.0611,7028
-0.0381,6755
-0.161,9245
0.144,1937
-0.0902,9573
-0.134,8764
0.471,94
-0.355,10254
0.023,4341
-0.0689,6206
-0.299,10193
-0.0637,8018
-0.0465,6943
0.0259,4538
-0.0131,5874
-0.0725,6269
0.00803,4775
-0.0559,7049
-0.0393,5750
-0.27,10031
-0.392,10217
-0.284,10166
0.0916,944
-0.0287,7008
-0.0532,7644
-0.0319,6148
-0.185,8244
0.0157,4433
0.0548,4059
0.00369,4936
0.19,1147
0.0196,4242
-0.174,8011
-0.126,9491
0.169,1207
0.137,2684
0.215,1131
-0.0241,6011
0.623,782
-0.0498,6576
-0.0462,4243
-0.0963,8737
0.0265,3651
0.0231,4643
0.251,473
-0.125,7515
0.192,2771
0.0888,898
-0.291,7694
0.069,2887
0.172,613
-0.65,7771
0.392,1130
-0.0167,6021
0.303,196
-0.00932,5416
0.0396,3552
-0.109,9299
-0.121,8112
-0.176,9755
-0.0033,5112
-0.201,9525
-0.251,9500
-0.0781,4966
-0.325,9496
-0.0704,8431
0.0102,4644
-0.386,9698
0.33,1095
-0.0317,6026
0.0141,4657
-0.149,9787
-0.0934,8731
0.139,1292
0.0172,4516
-0.32,8288
-0.00602,4983
0.0675,1938
-0.059,7534
-0.0367,5453
-0.031,5323
-0.245,10114
-0.254,9861
0.098,1591
0.156,1319
-0.167,9039
-0.0174,5671
-0.0501,7348
0.0675,2959
-0.109,9132
-0.246,9993
-0.142,7605
0.0806,1962
-0.0371,6401
-0.0655,6844
-0.186,9447
0.447,266
-0.04,5951
0.0562,2929
0.0567,2301
0.0294,4269
0.0872,2274
-0.0625,6902
0.109,2524
-0.164,7022
-0.0258,5903
-0.0766,6864
0.226,332
0.456,179
0.161,1952
0.00888,4653
0.00212,4997
0.0928,3347
-0.0123,5549
-0.163,9551
0.102,3363
-0.106,9225
-0.104,8397
-0.297,6329
0.041,3937
0.0702,3651
0.203,740
-0.0519,8289
-0.0805,8285
-0.0757,6539
0.209,982
0.119,1450
0.722,8
-0.0115,5456
-0.263,10157
0.137,2395
0.0383,4155
-0.0625,8005
-0.0797,7904
-0.275,10227
-0.0235,6570
-0.138,9121
0.0306,4210
-0.35,10354
0.138,594
0.0481,3994
0.0648,2120
0.342,2579
-0.326,9273
0.0205,4716
0.0758,3204
-0.0344,6631
0.152,589
-0.00335,5427
-0.028,6062
-0.147,8345
0.08,2351
-0.0528,8491
-0.165,8322
-0.0937,7208
-0.159,7607
0.0224,4677
-0.368,10380
-0.00886,5084
-0.00589,5185
-0.0602,6920
-0.0774,7836
0.0858,1828
0.0442,3357
-0.258,10328
-0.0896,7557
-0.134,7818
-0.111,7100
-0.19,10115
0.0287,4106
0.00316,5107
0.254,648
-0.289,10182
-0.0996,7287
0.225,2271
-0.0745,8456
0.00214,4934
-0.0917,7739
0.505,139
-0.0035,5238
-0.0408,8021
0.413,601
0.177,519
-0.129,9637
-0.027,5876
0.159,1805
0.123,385
0.538,3
0.0125,4816
-0.00826,5132
-0.183,9211
0.558,452
0.189,449
-0.292,9827
-0.162,9294
-0.00325,5174
0.333,425
-0.299,9514
0.0682,1963
-0.0956,7259
-0.183,8828
0.0964,3220
-0.042,5340
-0.102,7111
0.0882,2327
-0.0315,5768
0.121,2870
-0.195,9804
0.0911,3365
-0.161,7962
-0.197,9232
0.0182,4348
-0.0912,9172
-0.336,10444
-0.18,9606
-0.235,8709
-0.0815,8278
0.0215,4147
-0.0886,7509
-0.193,8951
-0.33,8505
-0.0791,6511
0.00104,5110
0.195,469
0.225,1770
-0.153,9114
0.0125,4802
-0.0865,9513
0.172,398
-0.0194,5754
0.246,1827
-0.0658,7714
0.0884,2713
0.0233,4220
0.015,4854
0.0778,2894
-0.0211,6281
-0.146,7963
-0.193,7550
-0.397,9943
0.0668,2296
0.00162,5094
0.0464,3423
0.0283,4371
-0.308,10110
0.171,3020
-0.0817,8565
0.0138,4148
-0.132,7057
0.327,862
-0.124,8452
0.0977,1967
-0.25,9829
-0.183,10196
-0.219,9933
0.329,590
0.254,608
0.064,3211
-0.177,8003
0.0931,2455
0.0267,4048
0.00624,4724
-0.088,7250
-0.294,9785
-0.132,9872
-0.0374,6647
0.119,1918
-0.0954,7226
-0.212,10276
0.0415,4247
0.0436,3620
0.134,1211
0.192,884
0.0965,1789
-0.0876,6449
0.0182,4444
0.0603,2974
-0.0104,5433
1.28,987
0.0728,3548
0.248,817
0.159,2400
0.125,2610
-0.0115,5564
0.12,2580
-0.441,7564
-0.204,10187
0.0224,3911
-0.0121,5989
0.164,1148
0.000211,4973
-0.163,8295
-0.465,10245
0.0757,2744
-0.013,5521
0.0397,3815
-0.377,9360
0.481,268
-0.175,7818
0.0727,2429
-0.0387,7258
0.119,2122
-0.15,8360
-0.389,10145
-0.0475,6009
-0.106,8139
-0.0175,6373
0.69,34
0.0266,4208
-0.0112,5634
0.383,820
-0.11,7893
0.119,861
0.129,2010
0.178,1875
-0.073,6809
-0.331,5041
-0.0474,6880
0.0367,3341
0.00219,5174
0.0911,2754
0.212,1194
0.032,3504
0.0185,4382
0.042,3257
0.37,19
-0.0767,6947
-0.124,7626
-0.147,8482
0.35,222
0.0466,2562
-0.0259,5818
0.097,3196
0.149,1585
-0.0253,5807
0.0226,4064
0.12,1777
0.0353,3723
0.177,1362
-0.18,9462
0.0126,4578
-0.0383,6830
-0.106,8702
0.12,1000
-0.0854,7746
-0.0686,7552
-0.191,7787
0.00822,4913
0.0636,1681
0.0076,4956
0.0145,4693
0.267,1160
-0.182,8951
0.222,767
-0.0915,8407
0.0159,4543
-0.127,7433
0.000687,4934
0.0656,3558
0.0543,4044
0.0427,3156
0.149,1599
0.223,1947
0.0034,5036
0.181,1594
-0.156,8881
0.28,1233
0.131,2471
0.202,780
-0.00251,5288
-0.0279,5801
0.161,1779
-0.126,8149
-0.247,9265
0.149,3248
0.591,116
0.106,944
0.0835,2032
-0.0133,5590
0.195,2262
-0.118,6523
0.0685,2591
-0.0775,8852
-0.00428,5102
0.287,164
0.179,3487
-0.26,8965
-0.125,7605
-0.164,9866
-0.1,8527
-0.00771,5120
-0.0936,7977
0.0199,4371
0.204,1383
-0.199,8771
-0.00114,5316
-0.0743,8149
0.356,729
0.287,628
-0.00654,5190
-0.0124,5523
-0.056,6666
0.107,1852
0.0541,2754
-0.0611,6662
-0.0715,8536
0.0661,3023
-0.0283,6235
-0.265,10083
-0.21,7731
0.0701,3073
-0.0353,6228
-0.0657,7132
0.055,3572
-0.0792,7480
-0.148,8956
0.0977,3384
0.0114,4677
-0.0465,6652
-0.0919,7389
0.0217,4325
0.13,1674
0.261,1078
0.0405,2498
-0.00329,5203
-0.295,8385
-0.477,9952
-0.0162,6169
0.312,76
-0.0296,6003
0.039,3154
0.218,250
-0.0359,6470
-0.0378,6159
-0.357,10036
0.13,1405
0.0291,3407
0.141,2426
-0.0661,6600
0.0207,4503
0.159,1804
0.0843,2631
0.00686,4839
0.444,427
-0.0998,7818
-0.571,10455
0.0296,4554
-0.0222,5208
0.0232,4171
-0.000649,4932
-0.016,5254
-0.456,9040
0.329,2073
-0.0388,6673
0.0464,4005
-0.00317,4363
0.325,2578
-0.163,7191
-0.168,8682
-0.145,8860
0.115,642
-0.18,10121
0.233,1256
0.146,1195
0.211,607
-0.0711,8358
0.00932,4447
0.0762,2299
-0.0938,8766
0.0122,4624
0.21,1931
0.0214,3531
0.111,337
0.0932,1890
0.104,3127
-0.129,8676
0.0658,3592
-0.215,10274
-0.0166,6109
-0.0365,5719
0.0734,1890
-0.00382,5418
0.154,2441
0.246,110
-0.104,9014
-0.0333,6331
0.115,2046
0.315,1179
0.0682,3444
-0.0904,8371
0.00504,4899
0.0689,3324
-0.106,8470
-0.115,6467
0.00578,4829
0.00586,4926
-0.203,9412
0.0396,3379
-0.0566,6315
-0.177,8991
-0.0472,7500
0.39,167
-0.134,8554
0.214,1395
-0.0237,5854
-0.0148,5415
-0.0317,5669
-0.175,10232
-0.142,9666
0.0183,4557
0.355,447
-0.0841,6620
-0.212,8838
0.049,2706
0.000653,5097
-0.379,9938
-0.00327,4793
0.117,2733
0.035,4204
0.413,81
-0.0549,5544
0.181,960
0.282,524
-0.132,9210
0.103,3164
0.303,897
0.117,1721
-0.324,10462
-0.0963,8143
0.189,1386
0.433,1273
-0.0594,7416
-0.214,9986
0.0215,3898
0.0921,2998
-0.081,5679
0.12,1315
0.296,486
-0.0472,7017
0.251,2379
0.1,3087
-0.0838,7783
0.618,9
-0.08,9224
-0.0848,8366
-0.0101,5488
-0.0815,8401
-0.193,7932
0.0492,3683
0.154,927
0.0497,3458
0.077,3455
0.115,2307
-0.056,6326
0.198,1263
0.0209,4401
0.134,2715
0.146,777
0.165,473
0.0334,4022
-0.0773,8688
0.0129,4343
0.0307,3285
-0.0778,7922
-0.219,9271
-0.254,9823
-0.226,9944
0.0151,3750
-0.0839,7702
-0.0802,9254
-0.184,8433
-0.0902,5928
-0.0489,6207
-0.138,7590
0.131,1591
-0.228,8532
-0.0628,7532
-0.0213,6195
0.0805,3588
0.0207,4339
-0.248,10328
0.017,4620
0.148,1877
0.258,1052
0.0744,2031
0.00539,4762
-0.127,9875
-0.0535,8047
-0.207,10058
0.0687,3837
-0.027,5554
0.0202,4123
0.142,1126
-0.209,9289
0.295,933
-0.13,8686
-0.0879,7935
0.124,1500
-0.127,8213
-0.0725,7523
0.184,1730
-0.0308,6567
-0.0477,7085
-0.102,8341
-0.108,7293
0.0859,2685
-0.139,8770
-0.0648,7639
0.134,1752
0.124,1950
-0.0949,7504
0.293,1970
0.0195,4572
-0.0375,6183
0.333,957
-0.192,8853
0.0193,4228
0.582,646
-0.144,7738
0.0212,4317
-0.0778,6505
0.184,528
-0.0136,5702
0.249,873
-0.0535,6201
-0.338,10380
-0.228,9132
-0.0109,5530
-0.000301,5046
-0.0907,7678
0.042,3693
-0.132,9924
0.712,25
0.139,1040
-0.0611,7986
-0.141,8621
-0.0222,5669
-0.0336,5933
0.318,467
-0.0518,7068
0.268,1212
-0.00225,4979
0.0316,4149
-0.287,7074
-0.0974,6910
-0.000303,4904
-0.177,8697
-0.0894,8264
-0.087,6686
0.116,2267
-0.121,8181
-0.0131,5438
-0.0179,5764
-0.0368,7279
0.046,3827
0.00317,5136
-0.242,10139
-0.0669,7029
0.0243,3644
-0.0575,6418
-0.0574,7884
0.0717,3434
0.581,29
0.0636,3827
-0.106,8171
0.111,2326
-0.149,8111
-0.134,7386
0.0494,3910
0.153,170
0.131,776
0.159,2117
0.134,2529
-0.103,8972
-0.05,6509
-0.0204,6613
-0.0368,7973
-0.0859,8601
0.119,2786
-0.0975,8105
-0.111,8543
0.0918,2051
0.0673,2458
-0.2,9684
-0.0211,5811
0.163,2754
-0.0754,5423
9.31e-05,5059
0.217,1698
-0.262,10071
0.0511,4008
-0.0645,6935
0.182,1265
0.0196,4467
0.0705,2486
0.682,1895
-0.161,8344
-0.131,7392
0.0607,4008
0.0325,3012
-0.186,9823
0.235,568
0.0852,2603
-0.0238,5769
0.382,425
0.0381,3242
-0.0794,8290
-0.000563,5266
0.0703,3836
0.168,1662
-0.562,10069
-0.0567,7999
-0.048,6464
0.0886,3145
-0.0201,5499
0.242,1541
-0.208,8392
-0.23,10383
0.0796,2774
-0.137,7807
0.189,354
0.281,305
0.564,93
-0.0032,5302
-0.0384,8858
-0.199,8104
0.249,1753
0.00133,4826
-0.135,8797
-0.103,9948
0.106,2545
-0.0994,8262
-0.0607,7629
-0.157,8867
-0.344,10461
-0.0854,7755
0.127,2120
-0.049,6292
-0.0195,5966
-0.215,9287
0.107,1461
-0.0126,5825
-0.06,8703
-0.211,7833
0.0388,3604
-0.502,8772
0.0474,2861
-0.0846,6719
-0.105,9225
0.0128,4422
-0.147,9839
0.501,725
-0.243,9212
0.141,679
-0.0928,8329
0.0238,4105
-0.266,9001
-0.185,8078
-0.00281,5136
0.021,4587
-0.115,9187
0.0318,3825
0.0455,3511
0.00488,5033
0.00456,4915
0.0248,3974
-0.107,9684
0.14,2326
0.0858,2632
0.257,894
-0.0726,7616
0.101,1161
-0.16,8417
-0.144,8703
0.0476,3982
-0.147,7964
-0.156,8053
0.0642,2995
-0.0459,7710
-0.145,7146
-0.244,9485
0.132,2313
0.124,2106
0.171,1369
0.126,976
-0.142,8348
0.204,1495
-0.0986,6777
-0.129,8074
-0.0833,7991
0.396,256
-0.0265,5371
0.281,454
-0.313,8357
0.197,1428
-0.0193,5775
-0.287,10403
0.0135,4791
-0.0861,7529
0.0104,4809
0.0184,4468
0.188,1010
0.0958,3121
0.0776,2540
-0.0481,6223
0.149,572
0.106,2358
0.0157,4513
-0.0167,5866
0.0586,4032
0.0929,3013
1.03,295
-0.234,7813
0.193,917
0.0302,4241
-0.222,9213
0.139,1667
0.205,433
0.0481,4061
-0.134,9880
-0.154,9632
0.251,493
0.143,2503
0.0242,3544
0.286,1080
0.219,1366
0.248,544
0.0342,4243
0.00263,4997
-0.106,8291
0.0453,4316
-0.0907,8157
-0.0321,6910
0.0781,2968
-0.0178,5903
0.111,2194
0.0372,3996
0.0217,3733
-0.111,9689
0.108,1992
-0.0214,6085
0.147,3216
-0.851,9993
0.0243,4279
-0.0241,5962
0.33,735
-0.137,6502
-0.213,6149
0.316,1257
0.619,313
-0.471,9471
-0.245,10360
0.0361,4097
-0.0216,5443
-0.0655,6133
0.142,1242
-0.0225,5813
0.0887,2787
0.0752,2121
-0.145,7611
0.221,1150
0.101,1257
-0.175,9121
0.229,660
0.048,2960
-0.0705,8347
0.0103,4839
-0.0306,6952
-0.0522,7659
0.187,1294
0.131,2636
0.174,815
0.0477,3881
-0.0742,7966
-0.138,9515
0.145,2971
0.261,1279
0.0759,3628
-0.0109,5691
-0.433,10027
0.149,1556
0.101,1469
0.0019,5006
-0.309,9480
-0.0763,7100
0.0716,2544
-0.124,8324
-0.0858,7979
0.056,3175
-0.0168,5568
-0.0679,8272
-0.172,10213
-0.18,8790
0.567,464
-0.0426,5169
0.115,1885
0.0138,4516
0.0535,2692
-0.0147,5784
-0.241,10249
-0.139,9246
0.453,207
0.347,480
-0.0461,6596
0.13,1987
0.692,91
0.234,938
0.0251,4448
-0.0142,4986
0.0477,3489
-0.222,10096
0.0237,3703
-0.0998,6739
0.0924,2648
0.111,3361
0.0603,2062
-0.0657,7134
-0.0602,7016
-0.135,7733
-0.0777,6686
0.122,2948
-0.00349,5108
-0.0386,6719
0.271,500
-0.0884,7443
0.104,2521
-0.109,7912
0.162,190
0.0825,3058
0.199,490
0.0788,2451
-0.344,10453
0.0339,4295
-0.115,7046
-0.0268,6653
0.201,1721
0.129,1923
-0.206,8184
0.062,3030
0.0945,1805
-0.00898,5232
-0.0998,7394
-0.0661,6232
0.0257,4400
-0.0388,5349
0.122,1758
0.146,438
-0.0321,6042
-0.0517,6359
-0.0422,6564
0.318,1511
-0.0596,6497
0.197,399
-0.0169,5210
0.0159,4554
-0.0103,5086
0.0715,3133
-0.0626,7803
0.0717,2406
-0.179,9977
-0.102,7291
-0.195,8805
-0.252,9863
0.0711,2954
-0.149,9663
0.0836,2922
-0.189,9078
-0.0919,8796
-0.121,8033
-0.0496,8058
0.028,3775
-0.0618,7889
0.0786,3193
0.155,921
-0.177,7293
0.154,638
-0.0814,8564
0.0767,2127
-0.07,6623
0.037,3941
0.18,1984
0.0223,4418
0.226,44
0.023,4097
-0.206,9414
-0.182,8570
-0.267,9456
0.0236,3510
-0.547,8543
-0.31,10047
0.0554,3830
0.232,896
-0.163,9728
-0.0983,9336
-0.0693,7261
-0.277,10057
-0.343,10079
0.0251,4372
-0.0116,5056
0.1,1373
0.172,1020
0.278,2423
-0.144,8170
-0.0334,5534
-0.0962,7675
-0.025,6180
-0.00761,5468
-0.0958,6737
-0.0964,8131
0.0106,4538
0.28,719
0.171,868
0.0292,3397
0.00379,4922
0.495,1000
0.0245,4007
-0.0855,6303
0.0143,4563
0.0461,3223
-0.00394,5044
-0.159,8802
-0.205,9936
-0.104,7098
0.077,1829
0.162,1221
-0.0636,5850
0.0828,2218
0.155,1989
-0.164,8957
-0.00837,5198
-0.176,9849
-0.0618,6567
0.154,649
0.0277,4320
-0.148,9165
0.131,1781
0.0113,4868
-0.342,9852
-0.329,9813
-0.0403,6383
-0.164,7706
0.0316,3972
0.0344,3235
0.326,170
0.151,455
-0.144,6919
0.122,2203
-0.43,9252
-0.0817,7421
0.0748,3540
-0.252,9883
0.621,197
-0.0895,7740
-0.0509,7445
-0.0882,8148
0.455,676
0.144,1789
-0.0625,7228
-0.214,9367
-0.1,8756
0.0772,1560
0.0372,4534
-0.239,9718
-0.23,10032
0.118,2305
0.101,2156
-0.0534,6831
-0.152,8908
-0.149,8004
0.387,250
0.0265,4157
0.141,615
-0.0683,9449
-0.0852,6829
-0.118,8017
0.105,3194
0.133,1412
0.0197,4261
-0.0721,7388
-0.0698,7994
0.054,2873
-0.154,9096
-0.299,10124
-0.0225,6064
0.375,47
-0.157,9724
-0.00422,5252
-0.0529,5352
0.156,2531
-0.0488,7735
0.102,1904
-0.0845,7371
-0.0274,5816
-0.25,9019
0.0118,4815
-0.00429,5322
-0.0808,8113
0.0976,2861
-0.0439,5791
0.458,25
-0.193,7737
-0.0318,7177
0.0467,3464
-0.275,10304
0.291,285
-0.278,9168
0.479,270
-0.239,9942
-0.14,7400
-0.133,8296
0.0625,3040
-0.0072,5290
0.0519,3655
0.296,948
-0.0751,8417
0.163,1789
-0.131,7889
-0.0929,6618
0.22,434
0.0159,4162
0.016,4433
0.0558,3422
0.324,1331
-0.666,9136
0.184,940
-0.0802,7507
-0.0757,8050
-0.276,10214
-0.0729,6968
-0.195,10011
-0.074,6241
-0.0413,7434
-0.0964,9343
0.077,1910
-0.157,8776
-0.133,7529
-0.256,8748
-0.0913,8781
-0.0532,7147
0.21,1381
-0.177,9497
-0.0626,6406
0.00623,4822
0.0169,4628
0.0518,2886
0.042,3057
0.11,2281
-0.122,7386
0.436,580
0.0453,3305
0.0522,3066
-0.012,5213
0.0162,4657
-0.12,8691
0.00893,4642
0.0902,1676
0.185,378
-0.0735,7314
-0.0623,6308
0.0907,3870
0.0834,3502
0.153,1364
0.00843,4909
0.0827,3421
-0.0721,6672
0.0877,2778
-0.027,5074
0.0882,2471
0.194,845
-0.217,10142
-0.106,8229
0.172,1157
0.424,751
-0.0508,8801
-0.0368,5644
-0.0375,5815
-0.298,10043
0.188,682
0.114,1999
0.17,1442
-0.128,9498
0.134,868
0.0873,3051
-0.281,8568
0.185,1755
-0.0134,5760
0.398,283
0.0673,3532
-0.0299,5956
0.0489,3816
0.0334,3055
-0.232,10331
-0.242,9693
0.105,1935
0.353,598
-0.0219,5550
-0.0577,6329
-0.00625,5496
0.279,212
0.0659,3675
0.13,2267
0.0273,4588
-0.00243,4942
0.245,448
0.146,2404
-0.128,9079
-0.00959,5462
-0.112,7245
-0.0122,5607
-0.123,9555
-0.0933,8050
0.309,1308
-0.079,7327
-0.236,8750
-0.0608,7516
-0.132,9589
-0.00783,5499
-0.0471,6934
0.151,1592
-0.0433,5998
0.0427,3047
0.111,620
-0.0489,7664
0.105,3545
-0.0577,6804
-0.0908,8919
-0.0677,7053
-0.0254,5837
0.0421,3339
-0.0642,6332
0.0313,4205
-0.00821,5274
0.17,1881
0.0337,3887
0.208,831
0.217,469
0.0813,3158
-0.0568,7687
-0.111,7049
0.0237,3939
-0.0428,6744
-0.102,7436
-0.119,8543
0.0635,2651
-0.103,8803
-0.00552,5173
-0.0235,5573
0.0661,3116
0.0894,1606
-0.0201,5551
-0.0956,6680
0.111,2404
-0.0368,6641
-0.158,7981
-0.204,9471
-0.254,10147
-0.121,9591
-0.05,7453
0.0295,4143
-0.134,8692
-0.147,7850
0.472,867
0.0776,3149
0.0903,2812
0.105,2907
0.192,1734
-0.0085,5335
0.17,1897
0.0771,3680
0.0392,3398
-0.0939,8419
-0.14,9703
0.274,260
0.0339,4358
0.122,168
0.0857,1471
-0.0711,7571
-0.0347,5947
0.00567,4893
-0.111,8146
0.0913,3432
0.00501,4659
0.0824,2199
-0.0791,8009
0.147,2083
-0.11,5929
0.234,1340
-0.107,9082
-0.106,7527
0.158,857
0.0463,3618
0.285,272
0.112,1932
-0.0547,7673
0.0565,3117
-0.0775,7465
-0.0807,7104
-0.0908,7450
0.0491,3929
0.34,320
0.106,2752
-0.238,8499
-0.0588,6438
-0.199,8157
0.215,800
0.205,176
0.12,2359
-0.236,9864
-0.118,7763
-0.0478,8092
0.152,2145
0.115,2435
0.0395,3119
0.059,2318
-0.232,9936
-0.00681,5325
0.0915,1513
-0.0069,5470
0.0729,1288
-0.0675,7527
0.0151,4274
0.0682,3525
0.0145,4463
0.0399,4041
-0.104,6639
-0.172,8793
-0.041,5728
-0.0383,6211
0.269,1239
-0.442,10333
-0.00416,5642
-0.0852,6640
-0.0271,5721
0.0346,4627
-0.101,9399
0.0194,4369
0.0407,3561
0.0233,4480
-0.375,10367
0.0548,3066
0.182,2324
-0.0278,6078
-0.0625,7103
-0.11,9412
-0.0141,5048
-0.0065,5345
0.0904,1928
0.0911,696
0.0477,2343
0.0185,4442
0.345,464
0.228,863
-0.199,9305
-0.084,7687
0.00759,4790
-0.336,9465
0.0273,4164
-0.137,8871
0.0495,4044
-0.0798,7980
-0.0647,7937
-0.334,10332
0.39,529
-0.0413,7333
-0.072,6102
-0.14,9579
-0.104,8378
0.138,1864
-0.0982,7826
-0.0173,5126
-0.101,8623
0.0627,2879
0.154,507
-0.122,7195
-0.316,9565
0.402,436
0.0592,3579
-0.134,7623
0.138,1260
-0.281,9895
0.0714,2745
0.00753,4893
-0.0947,8008
-0.0599,7778
0.203,752
-0.0667,7276
0.298,1725
0.125,2595
-0.0394,6792
-0.0496,6921
-0.0313,5945
-0.271,9569
0.0919,2310
-0.25,8997
-0.121,8875
-0.0376,7059
0.0843,2749
-0.0469,7249
-0.0314,6616
-0.012,5513
0.0558,3610
-0.00962,5402
-0.0144,5466
-0.238,9331
0.116,487
0.156,2017
0.156,841
-0.0572,9050
-0.148,9973
-0.0256,6185
0.0131,4787
0.229,899
-0.0837,6496
-0.0498,8536
0.022,4297
0.0655,3482
-0.0584,6608
0.0757,1833
-0.208,10354
0.0468,3719
-0.11,8762
0.195,741
-0.066,6258
0.0282,4459
-0.146,7246
0.0556,2760
0.0523,2933
0.193,516
-0.0557,6837
-0.176,9656
-0.0178,5529
0.0219,4224
0.0169,4525
0.0803,2443
0.294,1010
-0.125,7267
-0.138,7824
0.39,130
0.0415,3399
-0.0474,6176
0.175,2437
-0.0476,6596
-0.0913,7460
0.0907,2456
-0.123,8164
-0.00599,4973
-0.417,8194
-0.0095,5367
-0.0771,7232
-0.28,10269
-0.0931,9469
-0.0372,6316
0.393,66
-0.222,8686
0.0549,3816
0.0229,3853
0.0142,4086
-0.199,9486
0.0812,3079
0.0377,3349
-0.199,9580
0.0952,2180
-0.0715,8005
-0.127,9363
-0.133,8983
-0.0349,6533
-0.124,6743
0.0427,3661
0.112,278
-0.051,6637
-0.009,5513
-0.124,6866
-0.037,6060
-0.0144,6198
0.0173,4029
-0.0269,5826
-0.0454,6604
-0.04,5966
0.0562,2922
-0.22,9926
0.0731,1778
-0.0157,5922
-0.0958,7420
-0.359,8996
-0.116,7245
0.116,1399
0.0154,4339
-0.0789,8177
0.0835,2525
0.0536,2789
0.0174,4462
0.0377,2504
-0.053,7375
-0.126,8462
-0.36,9958
-0.00704,5516
-0.224,7096
-0.0341,5638
-0.00308,5163
0.0894,3504
-0.00764,5230
-0.0451,7291
-0.264,8534
0.302,237
-0.0805,8366
0.0941,2260
0.0852,3290
-0.08,7400
-0.161,9229
-0.0655,7207
0.116,1821
-0.135,8071
-0.0307,5712
-0.0682,6445
0.484,85
0.0638,3177
-0.201,9778
0.285,971
-0.171,10038
-0.00621,5375
-0.157,8816
-0.0491,6465
0.215,906
0.213,692
-0.0546,7238
0.0268,4143
0.14,2222
0.149,1875
-0.143,8458
-0.114,7246
0.133,3086
-0.0802,8178
0.372,223
-0.0218,5816
0.03,4040
-0.0403,6270
0.365,241
0.0433,4013
0.0895,3608
-0.167,10050
0.0246,4434
0.173,553
-0.0443,6835
0.235,1378
-0.194,8612
-0.0811,6905
-0.0581,7418
0.0064,4732
-0.0492,6506
-0.604,9706
0.0277,4443
-0.0272,5478
-0.107,8559
-0.0521,6289
0.122,772
-0.0141,5350
-0.0528,7088
-0.0532,7449
-0.209,9763
0.0494,3570
-0.106,8161
-0.283,7718
-0.17,9996
-0.000994,5088
-0.00932,5179
0.0233,4054
-0.0597,6104
0.00703,4842
0.321,40
0.0553,3546
-0.205,9159
0.435,299
0.217,1389
-0.178,8657
-0.175,9653
-0.00318,4983
-0.0208,5325
-0.0942,8766
0.0789,2638
-0.239,9664
-0.106,9517
-0.164,9913
-0.0115,5433
-0.103,8316
0.0806,2751
0.065,3807
0.137,891
0.147,652
0.249,2245
-0.139,8590
-0.189,8086
0.106,2119
0.0359,3537
-0.252,9435
0.0361,4339
0.093,2731
-0.071,7387
0.0517,3888
-0.191,9223
0.00668,4576
0.197,1239
0.228,722
-0.06,6793
-0.0534,6454
-0.0442,6859
0.0018,5112
-0.0865,7090
-0.183,9398
-0.0811,7377
0.0251,4080
0.277,247
-0.249,10355
-0.112,7470
-0.0418,6841
0.0152,4383
-0.0971,8486
-0.0628,7431
-0.216,9702
-0.285,9580
0.0227,4271
0.0372,4127
0.0256,4337
0.0471,2921
0.0489,3059
-0.103,9095
0.0458,3567
0.0998,2517
-0.0489,7725
0.0566,1712
-0.103,7979
-0.153,9534
-0.0549,6522
0.437,287
0.0723,3388
0.113,2659
0.0321,4171
0.145,1803
-0.189,9557
0.0397,4131
-0.0554,7582
-0.0514,6488
0.0821,2530
0.177,741
-0.112,7017
0.0442,4159
-0.165,9568
0.105,1801
0.206,773
-0.249,9947
-0.166,9183
-0.0737,6613
-0.0615,7481
-0.0471,6700
0.1,2036
0.196,1453
0.137,2687
0.392,120
0.0767,2784
-0.125,8845
-0.132,8104
0.128,2855
0.347,406
-0.0322,6151
-0.00566,5253
-0.0772,8118
-0.0123,5293
0.107,1964
0.0055,5088
-0.229,9652
-0.189,10253
0.234,949
0.148,1608
-0.0965,8762
0.258,161
0.0514,3381
-0.0655,8010
-0.359,8709
-0.229,9430
0.289,2757
0.0271,3784
0.0216,4167
0.225,1039
0.34,971
-0.194,8869
-0.0643,7170
-0.0538,6472
-0.04,6750
-0.0366,7670
0.287,347
-0.00533,5152
0.0136,4602
-0.148,8620
-0.0303,5747
-0.2,8589
-0.0261,5440
-0.0393,6086
0.0195,4417
0.0612,3950
-0.0592,6042
0.0414,2828
-0.0871,6169
0.0533,3867
0.273,973
0.11,2326
-0.00811,5552
-0.135,7746
-0.0989,7959
-0.0225,6429
-0.412,8764
-0.0928,8773
0.00745,4783
-0.0251,6330
0.0449,3286
-0.0118,5139
-0.0346,6080
0.261,1545
0.0218,3578
-0.156,9424
-0.039,5744
-0.0896,7835
0.546,512
0.276,615
-0.136,9602
-0.0656,6788
-0.17,8582
-0.0282,5793
0.404,1162
0.166,2369
0.0111,4689
-0.239,10045
0.00834,4618
-0.163,9408
0.0697,2000
-0.192,9258
-0.0395,6542
-0.0735,7130
-0.0883,7165
-0.0117,5326
0.074,3675
-0.0227,5484
-0.153,10055
0.0265,3786
-0.0752,8407
-0.01,5309
0.208,1064
0.154,1631
0.114,633
0.118,1015
-0.0901,6818
-0.201,9306
-0.164,9154
-0.0185,6086
-0.0383,5864
-0.089,8090
0.213,1271
-0.163,7472
-0.119,7191
0.0144,4622
0.0345,2074
0.175,648
-0.0508,6933
0.298,1258
0.0411,3415
-0.202,8247
0.00911,4714
-0.119,9812
-0.0137,5235
0.615,9
-0.0392,5440
-0.202,9796
-0.0896,8750
0.0532,3357
-0.208,10421
-0.00609,5312
0.0857,2815
-0.0818,7476
-0.251,9987
0.0708,2685
-0.0518,6455
-0.126,8734
-0.229,8819
-0.328,9797
-0.0296,6495
-0.0348,6564
0.0812,2766
-0.0189,5540
-0.0771,6842
-0.012,5739
0.156,1029
0.0848,3191
-0.00639,5631
0.0556,2376
0.178,2652
-0.0648,7072
-0.0555,7533
0.137,1321
-0.113,9183
-0.0814,7883
-0.138,8793
-0.085,7030
0.0965,1786
-0.235,10442
-0.0112,5181
-0.194,9735
-0.104,7687
-0.0153,5475
-0.0762,8528
0.013,4625
-0.0302,6011
-0.155,8335
0.496,1277
0.129,1772
0.00731,4788
0.0235,3825
0.0623,3679
-0.202,9577
0.108,3539
0.00579,4842
0.047,3238
0.2,1334
-0.0146,5758
0.0839,2986
0.363,763
-0.0451,6862
0.178,651
-0.0827,8345
-0.262,10355
-0.00947,5308
0.0165,4658
-0.0433,6909
0.102,2176
-0.0117,5726
-0.135,9431
-0.12,8141
-0.131,9636
0.153,490
-0.0295,6599
-0.226,8718
-0.197,10067
0.0256,3625
-0.00224,4723
0.163,1439
-0.0468,6845
0.0829,1928
-0.0831,7007
-0.0641,7767
-0.0255,5453
0.242,958
-0.0205,6516
0.000819,4931
1.27,18
0.0292,4292
-0.0783,7619
0.436,1149
-0.0265,5966
-0.00531,5392
0.137,1378
-0.383,10270
0.119,1143
0.19,1537
-0.153,8837
-0.0197,5562
0.277,427
0.0436,3649
0.0901,2427
-0.169,9387
-0.0827,9340
-0.25,9938
-0.104,7777
-0.0973,9375
0.0829,2799
0.0258,4297
-0.0652,8221
-0.0992,9479
0.0375,4142
0.203,815
0.0134,4680
0.184,2389
0.0818,1180
-0.0016,5466
-0.0127,5269
-0.154,7775
-0.00731,5499
0.357,389
-0.0832,8091
0.00762,4618
-0.0544,7279
0.0298,3953
0.0467,3917
-0.21,8592
0.0192,4250
-0.0293,6783
0.0989,2533
0.0458,3673
-0.0407,6201
0.13,2708
-0.15,9336
-0.175,9873
0.00564,4833
-0.089,7439
-0.0853,8390
0.106,2217
-0.0841,8675
0.11,1360
-0.0372,5787
0.0308,4305
-0.0753,7613
0.107,2321
0.229,763
0.0133,4741
-0.165,7836
0.198,1005
0.112,1090
0.425,196
0.0686,3447
0.0635,3348
0.000975,5051
0.134,1727
0.135,1078
-0.0687,7753
0.132,2902
-0.0917,7390
-0.104,7910
-0.129,8526
0.0632,2143
0.0884,1682
0.0161,4509
-0.15,8924
-0.0543,6352
-0.0191,6106
-0.026,6474
-0.252,9426
-0.301,10120
0.0533,3765
-0.0154,5850
0.0442,3323
0.0746,2705
-0.211,9325
-0.0489,6783
-0.0451,6097
0.0664,1826
-0.0163,5940
-0.0975,7946
-0.126,9303
-0.00357,5375
-0.00335,4816
0.0491,2690
0.0578,3087
-0.0828,9142
0.0598,3810
-0.0742,8337
0.0152,4811
-0.15,9173
0.0779,2556
-0.00522,5318
0.896,278
-0.434,9343
-0.0728,7500
-0.125,8818
-0.156,7522
-0.212,9735
0.0194,4678
-0.103,9200
-0.192,10220
0.0167,4399
0.0314,3219
-0.0585,7957
0.0918,2442
0.185,255
-0.00646,4956
0.256,1484
-0.0845,7572
0.0324,3746
-0.249,10326
-0.0132,5598
0.175,742
0.227,800
-0.0961,9639
0.152,1222
-0.0863,8175
0.203,367
0.102,3216
-0.0501,6803
0.0035,4809
0.0133,4380
-0.101,8334
0.0909,2239
-0.0452,6275
-0.512,10330
-0.0766,7239
0.0337,3092
-0.0387,5577
0.102,3597
-0.161,8869
0.133,2024
-0.0758,6686
0.361,398
0.176,464
0.107,1778
0.0588,3119
0.0446,3551
-0.126,9445
0.00081,5112
-0.000123,4108
-0.412,8304
-0.152,6823
-0.109,7325
-0.0322,6032
-0.0672,7858
-0.0784,7782
0.0907,2349
0.0158,4520
-0.107,7885
-0.1,8082
0.0586,3972
-0.0882,7423
0.185,790
0.112,1329
-0.126,8049
-0.319,9324
-0.2,9259
-0.182,8395
-0.0188,6193
0.0736,2296
-0.0228,5952
-0.025,5812
0.27,1189
-0.115,9355
0.0474,3350
0.242,94
-0.0869,7611
0.0139,4508
0.183,1058
-0.000549,5198
0.0371,3823
-0.0277,6430
0.0582,2642
0.249,481
0.0511,3557
-0.154,8676
0.0387,3650
0.00626,4863
0.125,1498
0.0931,2489
-0.567,9963
0.205,1511
-0.0467,6642
0.0961,2462
0.0625,3743
-0.0716,6727
0.402,600
-0.207,9528
0.183,454
-0.116,8691
-0.116,8141
-0.0681,5275
-0.0824,6782
0.0935,3209
0.0272,3929
0.0532,2048
0.0701,3376
0.0673,2575
-0.0439,6948
-0.0868,8059
0.0568,3272
0.168,552
-0.167,9192
-0.179,8233
-0.142,9326
0.133,2384
0.0628,2886
0.313,81
0.176,2282
-0.188,8998
-0.00516,5247
-0.148,7740
0.103,2812
-0.158,8499
0.0566,2889
-0.013,5864
0.0185,4561
-0.0214,5757
0.491,2
-0.156,9146
-0.163,9118
-0.183,10028
-0.16,7699
-0.581,10011
0.125,1337
-0.132,9026
-0.18,8777
0.0717,3524
0.0439,3724
-0.148,9425
-0.275,10392
0.166,442
0.126,1348
-0.0988,6963
0.176,2682
0.0178,4749
0.157,606
0.0711,3278
0.0516,2689
0.225,727
0.00326,4680
-0.0289,5465
0.0202,4317
0.146,1283
-0.0479,6231
-0.197,9817
-0.0404,6675
-0.077,6123
-0.079,7403
-0.12,8485
-0.0603,7591
-0.0534,6239
0.0314,3994
-0.0535,6451
0.0645,2799
-0.142,9144
0.218,1199
-0.0228,5821
0.0961,2731
0.0845,2379
0.0059,4920
-0.0084,5553
0.196,355
-0.72,9460
0.0603,4193
-0.294,9804
0.0144,4648
-0.0239,6050
-0.0697,7327
-0.187,7943
0.0335,3803
-0.0478,5570
-0.0356,7828
-0.0953,8060
0.0922,3715
-0.103,7948
-0.259,8296
-0.123,7144
0.0524,2326
0.0776,2866
0.0273,4432
0.104,3322
-0.1,6498
0.102,1499
0.0162,4125
0.0467,3419
-0.17,8898
0.302,186
0.000668,4795
-0.263,9814
-0.0447,6182
-0.125,9470
0.00373,4944
-0.157,7375
0.0942,2554
0.144,1458
-0.168,9996
-0.235,10206
-0.193,9134
0.139,2252
-0.402,8866
0.038,3722
0.0323,4439
-0.153,8614
-0.0852,8192
-0.157,9653
-0.235,6743
0.317,216
-0.0405,6380
-0.0189,6369
-0.121,8469
0.0311,4160
0.0239,4523
-0.212,9411
0.0659,2466
0.0326,3049
0.0332,4467
0.15,2327
-0.257,9381
-0.254,9410
0.0232,4011
-0.0624,7080
-0.0815,8459
-0.168,10221
0.618,3
0.22,1220
-0.107,8814
-0.0917,7392
-0.137,8960
0.00125,5208
-0.14,9147
0.151,2833
-0.0531,7083
-0.205,10008
-0.11,8836
0.0343,3905
0.0792,2958
-0.0375,6001
-0.0687,7910
0.237,1080
-0.145,6823
-0.00757,5117
0.0125,4556
-0.148,8411
-0.096,8787
-0.191,10430
-0.0275,6214
0.0486,3298
-0.0491,6285
1.07,114
0.065,2734
0.015,4253
0.00705,4754
0.237,364
0.16,1565
0.208,1034
0.141,1532
-0.0434,7321
-0.0642,6933
-0.0017,4907
-0.000139,5300
0.26,975
0.0696,2627
-0.00381,5574
-0.267,10222
-0.0642,5675
0.0421,3769
-0.0232,6017
-0.0614,7651
-0.174,8675
-0.0338,6511
-0.0182,5628
-0.133,8658
-0.174,7907
-0.0143,5456
-0.069,8375
-0.0597,6552
-0.186,10157
0.129,2444
-0.345,8623
-0.047,6749
-0.0136,5972
0.00197,5022
0.143,805
-0.137,6323
-0.13,9157
0.0669,2225
0.13,1317
0.157,967
-0.346,7763
0.0753,2961
-0.397,10226
-0.339,10448
0.142,2205
-0.28,9845
-0.0573,7244
0.0898,3438
-0.139,9051
-0.0504,7213
-0.119,8078
-0.0326,5915
-0.0403,7382
0.0588,3402
-0.477,8625
-0.123,8365
0.0305,3899
-0.14,9644
-0.173,10299
0.465,83
-0.0506,6898
-0.217,9466
-0.0267,6447
-0.126,8694
-0.167,9593
-0.176,7437
0.0332,4143
-0.201,10066
-0.165,9843
-0.141,8718
-0.102,9151
0.417,1305
0.0981,1681
0.0266,4261
-0.00734,4861
-0.143,8231
0.168,1299
-0.209,7700
-0.0374,6310
-0.0657,6160
-0.0214,5831
-0.239,8683
0.0343,3534
-0.0243,5095
-0.0354,7404
0.0177,4306
0.186,750
-0.0362,6402
0.0745,1753
0.074,3008
0.206,950
-0.0456,7127
-0.0832,8273
-0.124,7637
0.0278,3784
-0.106,6535
0.276,424
-0.225,8379
0.49,8
0.0333,3646
-0.014,5624
-0.035,5957
-0.14,7169
-0.0395,6439
-0.13,7325
0.0392,4150
0.00865,4483
-0.198,8878
0.125,1551
0.0451,2777
-0.117,9567
-0.291,9455
-0.0297,5616
0.0208,4624
-0.00478,5124
0.123,332
-0.0506,8035
-0.184,8281
0.106,2196
-0.108,8717
0.0247,4038
0.0139,4610
-0.111,9727
-0.231,9685
-0.0974,7014
-0.624,10179
0.0557,2773
-0.133,9098
0.113,551
0.023,4386
-0.0655,8023
-0.00336,4888
0.129,2785
0.03,4173
0.351,1194
-0.224,9749
-0.17,9062
-0.2,8808
-0.127,8058
-0.193,10170
0.044,3342
0.0333,3782
-0.0493,6407
0.12,2903
0.128,1605
-0.0463,7431
-0.0265,6143
0.106,1980
0.102,3393
-0.427,10217
-0.00115,5173
-0.0474,7183
-0.0621,7658
-0.196,9955
-0.226,9705
0.0902,2547
-0.00453,4982
0.06,2548
0.308,63
-0.286,10219
0.126,254
-0.186,7824
0.377,1443
-0.0359,6190
-0.0702,7286
0.115,2167
-0.0105,5455
-0.129,8494
-0.406,10454
0.0567,2995
0.0176,4515
-0.0885,7277
-0.00355,5258
0.532,497
-0.155,9380
-0.00459,5237
-0.0802,8330
0.16,2330
0.0937,1507
0.0487,4078
-0.184,7945
-0.0823,9139
-0.0287,6323
0.365,1184
0.0471,3610
0.194,1996
-0.136,8133
-0.0569,6302
-0.117,8541
0.122,1401
0.217,633
-0.0127,5179
-0.0478,5778
-0.341,9702
-0.0718,9557
-0.139,8199
-0.0157,5458
-0.00616,5119
0.102,1431
0.0912,2031
-0.0526,6437
0.09,3180
-0.192,8508
0.276,2721
-0.223,8388
-0.0299,6134
0.0588,2899
0.121,2308
0.0854,3280
-0.241,8021
-0.133,7763
-0.0159,5435
-0.228,10192
0.0953,2422
-0.0263,5162
-0.16,9030
-0.12,8603
-0.083,8091
-0.0845,9852
0.123,3591
0.448,509
-0.0375,7065
0.031,3279
-0.105,9065
-0.133,9877
-0.0333,5864
-0.0618,6284
-0.12,8140
0.123,2370
0.0212,4393
-0.125,9221
-0.144,9008
-0.272,9769
0.249,1693
0.0321,4438
-0.126,9501
0.045,3275
0.068,3456
0.0405,3774
0.0332,4462
0.0675,3608
0.0496,3251
0.0625,2947
0.264,1524
-0.297,8994
-0.383,10292
0.052,3388
-0.0147,5410
0.125,2209
0.546,494
-0.184,10188
-0.00572,5337
0.0507,4056
-0.281,10234
-0.194,8734
-0.165,8245
0.0407,4165
-0.0947,9276
-0.0608,7534
0.0709,2227
0.0215,4113
-0.226,10223
0.758,169
-0.0785,6911
0.225,2439
-0.0396,6802
0.0306,3813
0.17,997
0.471,173
-0.0183,6085
-0.0612,6780
0.0709,3276
-0.0733,6035
0.0156,4590
0.389,599
0.486,491
-0.171,8176
0.127,1177
0.0155,4398
-0.0475,7513
-0.521,10456
-0.365,9390
-0.143,8161
-0.048,6387
0.0389,3780
-0.0349,6313
0.0614,2816
-0.144,8681
-0.0706,6358
0.0538,2194
0.0283,3650
-0.0632,6855
0.104,1851
-0.0956,6321
0.117,2461
-0.16,10268
-0.134,8645
0.132,1651
-0.162,8669
-0.0512,6570
-0.186,8353
-0.166,8946
0.0151,4529
-0.159,8825
-0.052,6897
0.129,588
0.166,606
0.231,628
0.222,300
-0.0781,7299
-0.094,7952
-0.303,7960
0.0995,872
0.245,540
-0.02,5590
0.195,415
-0.0588,7074
0.138,1266
-0.146,7136
0.0946,1622
-0.173,10070
-0.139,8493
-0.111,8370
-0.215,10295
-0.22,8896
-0.0583,7580
-0.218,10214
-0.28,10321
0.0126,4806
0.29,1769
0.308,1093
0.0052,4804
-0.118,8116
-0.129,6338
-0.068,6918
0.0262,4177
-0.048,7415
-0.0514,6865
-0.0799,8102
-0.112,8054
-0.322,8898
-0.395,9433
0.153,915
-0.022,6515
-0.00983,5502
-0.182,9710
0.00188,5438
0.0938,1756
0.0735,3696
-0.196,9569
0.253,351
-0.057,6517
0.0768,2472
0.0739,2262
0.248,720
-0.079,9278
0.0394,3586
0.121,1658
0.177,3063
0.159,1651
0.0665,3087
-0.558,10290
0.0602,3184
0.0634,2831
-0.236,9228
-0.0272,5448
-0.276,10234
0.192,369
0.0941,1370
-0.146,7097
-0.217,9848
-0.24,10071
0.0925,1821
-0.0885,9083
0.0144,4376
0.0904,3211
0.0659,3057
0.507,1096
0.0584,2916
-0.223,10356
0.0722,2622
-0.0339,5385
0.0599,3246
0.399,24
-0.0718,7294
-0.0642,8172
-0.0826,7917
0.0682,3202
-0.136,5992
-0.226,8175
0.0847,3094
-0.0278,6709
-0.0563,7253
-0.0772,7219
-0.23,9670
-0.0337,5590
0.0904,3233
-0.00411,5132
-0.0726,8113
-0.24,9220
-0.169,6754
0.0253,3893
-0.0324,6961
0.147,1741
-0.286,9188
0.0242,3845
0.000214,5147
-0.00168,4825
0.0308,3243
-0.136,8071
0.0708,1675
6.78e-05,5116
-0.0483,6767
-0.149,8782
-0.149,9723
0.0552,3531
-0.202,9420
0.0438,3575
0.0814,3221
0.222,412
-0.356,9486
-0.00338,4525
-0.343,8655
-0.019,5275
0.00989,4603
0.209,2387
0.177,1293
-0.12,9110
0.016,4576
0.0896,2399
0.0772,1881
-0.0652,7367
-0.567,10047
-0.016,5872
0.321,127
-0.253,9417
-0.206,9230
0.302,1197
0.0986,3206
-0.0473,7409
-0.104,8259
-0.0384,6710
-0.21,10180
0.138,1576
0.125,2751
0.0358,3065
0.0265,4099
-0.284,9562
-0.0427,6400
0.321,455
-0.0922,8113
0.299,15
-0.157,9409
-0.0254,5777
-0.0455,6700
0.0736,3965
0.011,4587
0.107,974
0.0699,3016
0.122,1989
-0.0424,6298
-0.00172,5123
0.137,2090
-0.0374,6420
0.0258,3994
-0.0124,5431
-0.231,8805
-0.241,7603
0.104,1952
0.151,1753
0.377,101
0.222,1083
-0.144,8347
0.109,2044
0.402,1146
0.278,743
-0.0761,7856
-0.0799,7748
-0.194,9895
-0.101,8354
-0.157,8651
0.018,4532
-0.0585,6869
-0.233,10076
0.47,719
-0.181,10213
0.0563,2330
0.0297,4117
-0.0359,6660
-0.0936,7189
0.224,559
0.403,119
-0.113,8799
0.0516,3118
-0.117,7936
-0.0996,3899
0.0623,3662
3.05e-05,5228
0.237,1069
-0.0333,6882
-0.13,5895
0.234,1676
0.24,858
0.0362,2884
-0.869,10134
-0.421,9728
-0.199,8537
0.126,2770
0.0473,3039
0.128,1170
-0.224,10197
-0.164,9172
-0.332,9231
0.15,1100
0.249,21
0.00676,4672
-0.0436,6655
0.154,2080
0.171,490
-0.149,8095
-0.14,10034
-0.122,9880
-0.181,8544
0.0489,2982
-0.0259,5079
-0.148,8880
0.0463,3755
0.594,35
-0.336,10106
-0.0399,6168
0.0586,3419
-0.271,7656
-0.0685,7333
-0.14,8108
-0.0827,7250
-0.122,9151
-0.215,8314
0.0193,4576
0.0322,4051
0.00297,4909
0.0195,4286
-0.227,9177
-0.0622,6346
0.00118,4930
0.137,1106
-0.0351,6789
0.311,1667
-0.173,8655
0.126,2134
-0.225,9755
-0.215,9822
0.16,888
0.0455,3828
-0.163,8125
-0.19,8094
0.0215,4665
-0.0267,7384
0.245,131
0.258,317
0.049,3883
-0.157,8056
-0.0329,5583
0.213,1103
-0.256,10390
-0.0481,6372
-0.207,9399
-0.189,9314
-0.123,6377
-0.0693,7664
-0.233,8849
-0.2,9894
0.0841,2590
0.38,63
-0.0312,6074
-0.0138,5975
0.135,531
-0.0813,7912
-0.102,7413
-0.0223,5338
-0.114,6476
0.113,975
0.0804,2392
-0.105,6592
0.151,2252
-0.213,7983
0.00821,4777
0.00983,4509
-0.245,9293
-0.0308,6210
0.279,332
-0.123,7843
-0.0569,5856
-0.0746,7994
-0.0493,6945
0.246,2273
0.296,177
-0.254,9204
0.312,145
-0.031,6236
0.0776,2641
-0.0743,8785
0.0308,3630
0.0103,4697
0.0547,3288
-0.0159,6055
-0.107,8862
0.117,2508
0.0133,4836
0.0478,3952
-0.218,9425
-0.13,9300
0.113,1534
0.0444,2953
-0.0422,6116
-0.266,8913
-0.038,6637
-0.0718,8857
-0.088,7952
-0.041,6296
0.537,48
0.0989,3135
-0.161,7929
-0.126,8791
-0.00629,5153
0.575,357
0.0479,4170
-0.177,8207
0.0598,2797
0.229,395
-0.00267,5558
0.0592,3397
0.22,1230
-0.0588,7086
0.049,3553
0.171,405
-0.0285,6535
-0.00288,5045
0.308,1380
-0.208,8230
0.0401,3655
0.0647,1863
0.118,2716
-0.114,9580
0.0475,3721
0.0718,2919
-0.111,7285
0.0777,3048
0.0501,3503
0.159,1092
0.235,486
-0.174,8506
-0.224,9503
-0.199,7926
-0.0325,7141
-0.0441,6276
-0.405,10142
0.0355,4035
0.17,1216
-0.185,7198
0.144,474
0.0818,2213
-0.17,9545
-0.0122,5120
-0.107,8048
-0.0584,7016
0.0663,2259
-0.138,9074
-0.179,6549
-0.113,7753
0.495,759
-0.221,10357
0.00624,5097
0.082,2104
-0.147,9427
-0.0131,5681
-0.216,9634
0.441,310
0.04,4003
-0.241,9588
0.0132,4861
-0.131,7848
0.0836,3581
-0.0428,5602
-0.111,8350
-0.00835,5586
0.132,1050
-0.104,8099
-0.261,9607
-0.0191,5801
0.0109,4750
0.058,2999
-0.0746,7913
0.0378,3690
0.0436,3526
0.237,497
-0.00534,5495
0.365,162
-0.0493,7364
-0.0889,7094
0.0486,3371
-0.115,7922
0.0934,3078
-0.0649,8034
0.0157,4524
0.209,1994
-0.066,6595
-0.343,10185
0.151,2080
-0.00702,5195
-0.0082,5457
-0.15,8757
0.265,328
0.119,2535
0.281,380
-0.0167,5367
-0.0271,6154
-0.215,9840
0.0634,3770
-0.128,8650
0.234,1723
-0.0416,7134
0.133,988
-0.185,8717
-0.053,6858
-0.449,9508
-0.142,6391
0.114,1285
-0.0183,5719
0.173,1871
0.12,2153
-0.0805,7170
0.0375,4261
-0.0362,7017
0.195,1007
0.0444,3283
0.404,143
-0.016,5695
-0.685,8764
0.049,2570
0.0921,1761
0.294,533
0.00104,5003
0.0414,3368
-0.0778,6047
0.0188,4113
-0.0202,6372
-0.217,9421
0.0224,4082
-0.141,7743
0.11,2832
-0.0468,5895
-0.11,6726
-0.312,9755
-0.0601,6618
0.0968,3268
-0.0655,7131
-0.0574,7255
0.0618,2779
-0.259,8758
-0.0665,6874
-0.0149,5102
-0.111,8679
0.0381,3047
-0.188,10407
-0.17,9628
-0.15,8005
-0.498,8900
-0.162,7536
0.037,3712
-0.0856,7231
-0.109,6632
-0.288,10145
-0.0217,5148
0.198,1160
-0.18,9463
-0.019,7212
-0.0429,5910
-0.275,7924
0.123,1714
0.000485,5000
-0.0655,7911
0.0818,3375
-0.568,9380
-0.12,8197
-0.161,8749
0.0584,3789
-0.395,10121
0.0424,3119
-0.136,9001
-0.0798,9007
0.185,252
-0.115,8098
-0.0379,7571
0.232,279
-0.0531,5951
-0.272,9959
0.0356,4025
-0.328,9582
-0.0248,5244
0.0222,3885
-0.302,10361
0.248,421
0.133,1676
-0.133,8031
0.134,2181
-0.2,9093
-0.052,6063
-0.0666,7751
-0.257,10208
-0.0616,7331
-0.028,6204
0.197,211
0.441,225
0.118,2363
0.192,986
0.131,2688
-0.222,9854
-0.00889,5380
-0.123,8094
-0.00875,5202
0.122,3294
-0.0841,5949
-0.134,8466
0.0719,3431
0.0178,4336
0.026,4002
-0.057,6793
-0.301,9789
0.013,4451
0.0222,4442
-0.00327,5370
0.0693,3176
-0.0572,6289
0.158,1499
0.0782,2159
0.015,4657
0.101,3127
0.00304,4892
0.0159,4420
-0.0117,5120
0.0263,3113
0.126,2225
-0.222,9903
-0.0622,6874
-0.221,9706
-0.278,8355
0.0536,3631
-0.0786,9063
0.036,3967
0.0656,2398
0.0462,3886
-0.000977,4883
0.815,123
-0.12,8603
-0.0903,7845
0.0474,3467
0.429,617
0.0421,4007
-0.0586,6089
-0.068,6863
-0.138,8191
0.145,2449
0.0782,2841
0.179,946
-0.105,9155
-0.0953,8921
-0.188,9059
-0.163,8121
-0.188,8349
-0.0078,5084
-0.0244,5844
0.0199,3797
0.0216,4166
-0.0534,6543
0.566,276
0.154,1529
-0.0553,7539
0.0122,4618
0.328,497
-0.261,9867
-0.155,8562
0.111,1793
0.0615,2500
-0.0421,7699
0.0368,4078
0.353,210
0.182,1409
0.0243,4685
-0.121,7553
-0.0231,5896
-0.117,8890
-0.0901,6338
-0.0674,6587
-0.184,8762
-0.0699,8060
-0.0253,5709
-0.231,9545
-0.0415,6954
0.357,223
0.112,2176
-0.282,10467
0.0612,1811
-0.1,7878
-0.128,8086
0.99,19
0.0331,4263
-0.099,8635
0.12,2137
0.137,1097
-0.0877,7111
-0.132,10032
-0.283,9829
0.148,1353
-0.0655,6821
0.00694,4784
0.113,1568
0.108,1972
0.0953,3205
0.127,1981
0.153,2191
0.0313,4322
-0.126,8643
0.0821,2636
0.146,1880
-0.0434,6753
-0.0557,8416
0.156,611
-0.384,10296
0.134,2724
-0.0979,9813
-8.95e-06,5235
-0.086,7595
-0.188,9343
-0.0861,7891
0.00914,4923
0.361,560
-0.0666,7818
-0.0219,6276
-0.0179,5364
0.348,85
0.0807,3274
0.0946,1453
0.0197,3632
-0.0323,7445
0.343,2159
0.588,416
0.12,2169
0.183,1244
0.132,1023
0.0053,5113
0.282,1532
-0.271,9656
-0.0873,6988
-0.104,8023
-0.0905,9213
-0.00151,4883
0.0628,3157
-0.22,8482
-0.141,6878
-0.0768,7723
0.0788,2744
-0.0684,6940
-0.0159,6088
0.229,844
-0.134,8571
0.262,669
-0.047,7622
-0.0718,7361
-0.227,10365
-0.138,7942
0.393,1122
-0.0583,7816
-0.00406,5215
0.134,989
-0.0395,6361
-0.243,10254
0.109,2531
0.0436,3219
0.0983,3529
-0.221,9859
0.128,836
0.0304,4519
-0.201,6378
0.11,2078
-0.0873,8002
0.202,961
-0.215,9374
-0.157,9416
-0.088,8198
0.119,1694
-0.0551,7995
-0.0693,6391
0.239,678
-0.466,10340
0.0956,2476
0.011,4249
0.0174,4340
0.0793,2614
0.0312,3619
0.0272,4044
-0.0562,6438
-0.038,6297
0.142,1343
-0.0373,6114
-0.0944,7432
-0.162,8730
-0.0266,5870
-0.0999,7126
0.188,1548
-0.00613,5455
0.0361,4009
-0.212,9465
-0.246,9467
0.114,887
0.109,3070
0.012,4486
0.111,2396
0.0563,3629
-0.109,7223
0.139,1592
-0.0544,7719
0.00429,5116
0.315,1075
-0.162,6535
-0.213,7347
-0.0512,6734
0.0435,3669
0.0207,4473
0.0578,3492
0.00199,4880
-0.213,7705
0.0346,3321
-0.0846,7281
-0.0233,5566
-0.0774,8671
-0.212,8894
-0.0738,6953
-0.0878,8051
0.0996,1841
-0.324,10247
-0.145,9188
0.12,3492
-0.0159,5303
0.0788,1893
0.207,1114
-0.0747,7815
0.0688,3465
-0.0679,4803
-0.187,7007
-0.0888,9109
0.214,2062
0.157,768
-0.0245,5651
-0.286,9323
0.0704,4007
0.041,3539
-0.264,8553
-0.15,7085
0.111,1388
0.885,72
-0.0138,5334
0.0323,3742
0.292,182
0.131,1168
0.323,1188
-0.19,9885
0.329,101
0.125,357
0.154,722
0.621,57
-0.115,6956
0.0226,4552
0.165,2494
0.306,75
-0.0209,5821
-0.00581,5042
-0.0334,5754
0.0469,3666
-0.145,8382
-0.0729,8577
0.193,757
-0.0604,6988
0.0804,1807
-0.231,9057
0.104,2869
0.107,2021
0.0884,1911
0.216,392
-0.0429,6468
0.225,351
0.491,555
-0.023,6179
0.048,2886
-0.00142,5100
-0.223,9936
0.025,4366
0.0922,2814
-0.121,8223
-0.0693,7941
-0.127,7407
0.307,994
-0.0028,4974
-0.211,7834
-0.12,9191
0.0152,4263
-0.00548,5018
-0.127,7542
-0.503,10364
-0.0426,5836
-0.0467,7154
-0.0265,5759
-0.273,8748
-0.066,7276
0.267,422
-0.138,9531
0.0695,2705
0.067,2619
-0.0623,7443
-0.148,8082
-0.0964,6829
-0.16,7469
0.00321,4886
-0.163,10140
-0.015,6147
-0.0215,6375
-0.203,8466
0.0167,4327
-0.152,8334
-0.172,10104
-0.0435,7080
-0.127,7978
0.131,469
-0.113,8469
0.0518,3377
-0.0446,6529
0.138,2874
0.0322,3831
-0.151,7091
0.285,758
0.0143,4344
0.0209,4049
0.0438,3803
0.352,77
0.206,54
0.217,1486
0.0175,4487
-0.0431,6960
0.261,738
0.0424,4129
0.0369,3990
-0.0725,6706
-0.0276,6288
-0.00606,5376
-0.0303,6083
0.214,730
0.258,1223
0.0534,3356
0.0835,1985
0.00269,4838
-0.165,8476
0.0997,1998
0.0117,4810
-0.00728,5320
0.184,647
-0.00699,5752
0.0896,2860
0.0728,2107
-0.138,8406
0.0388,4083
-0.0357,6465
-0.0267,7040
-0.175,9830
-0.107,8566
0.216,613
-0.183,6845
0.00906,4695
-0.109,9492
-0.13,7442
0.0127,4375
-0.0645,7253
0.0228,4431
0.103,2853
0.0127,4538
-0.159,9123
0.0326,4115
0.181,1405
0.206,2630
-0.0899,6271
-0.13,8967
0.558,199
0.0594,3191
-0.054,5292
0.114,3078
0.0466,3389
-0.149,9734
0.397,283
0.185,2297
0.0357,4117
-0.00951,5561
-0.231,10455
-0.082,8625
0.00403,4994
0.343,776
-0.045,6279
0.121,3411
-0.224,9368
-0.00348,5141
0.272,1264
-0.104,7576
-0.00536,4999
-0.115,7048
0.166,1395
-0.0766,8700
0.0568,2681
-0.000706,5143
-0.0157,5389
0.658,65
-0.0122,5648
0.13,2706
0.0353,4361
0.0149,4701
0.171,1884
0.0195,4463
0.156,1413
-0.148,10295
0.0911,2610
-0.051,6591
-0.305,10156
-0.159,9044
-0.0554,7171
-0.00353,5257
0.33,123
-0.0988,5684
-0.216,9209
-0.311,10106
0.0141,4009
-0.014,5763
-0.000692,4926
0.0595,2836
-0.0285,5840
0.0567,3790
-0.0212,5560
0.0693,2865
0.206,472
0.0481,2692
-0.0514,6675
-0.0141,5622
0.183,524
-0.0452,6671
-0.131,7886
-0.454,9680
0.207,2130
0.0989,1346
-0.0303,6379
0.183,1468
-0.0637,6446
-0.26,9556
-0.352,6517
-0.215,8256
-0.0848,8156
0.11,1492
-0.181,9295
-0.0915,7166
-0.379,9675
0.0766,3177
0.0476,3619
0.24,394
0.00171,5167
-0.0456,6531
0.0641,4113
0.0603,2304
-0.00221,5315
0.206,250
0.102,2007
0.116,3168
0.102,2870
0.0676,3916
-0.0314,6212
0.0232,4344
-0.0326,5893
-0.0593,6933
-0.0143,5330
0.188,1449
-0.0493,6530
0.00858,4884
0.0626,2898
0.145,1589
-0.0476,6073
-0.181,8655
0.0608,1976
-0.106,9562
-0.0284,5857
0.0994,2190
-0.131,10258
-0.156,8125
0.221,267
-0.05,7445
0.183,1246
-0.0521,6061
-0.0166,5142
-0.00319,5334
-0.0146,5597
-0.0855,8030
0.0443,2989
-0.119,9100
-0.0417,6302
-0.573,10033
0.148,1344
-0.162,9688
0.00883,4852
0.0337,3645
-0.138,8855
-0.0058,5426
-0.00414,5612
-0.144,9489
-0.124,8598
0.0987,2295
0.228,1773
-0.304,8641
-0.0409,6225
0.419,1
-0.000785,4744
0.0442,4113
0.00133,4896
-0.38,9924
-0.148,8277
0.0314,3584
0.0843,2457
-0.00455,5093
0.0816,2692
-0.0235,5196
0.0124,4409
-0.0864,7715
-0.117,7399
-0.223,8822
-0.0737,6865
-0.272,9666
-0.15,7614
-0.0263,6032
-2.78e-16,9493
