coef,rank
0.53,1764
0.117,2787
-0.0654,6342
-0.115,6515
-0.593,10008
-0.023,5485
0.112,1234
0.332,318
0.047,3793
-0.0587,6411
0.0214,4435
0.058,2438
0.188,462
0.169,1685
0.149,2793
0.527,1676
0.106,579
0.0697,1268
0.15,1145
0.0494,3466
0.0457,4051
-0.25,7911
0.0356,3925
-0.00865,5326
-0.0233,5221
0.0458,4067
0.0468,3345
-0.484,8423
-0.188,8704
-0.232,10308
-0.209,9873
-0.23,8109
-0.237,9733
0.243,1807
-0.0857,8058
0.0431,2926
-0.138,9374
0.266,1168
-0.197,9640
-0.123,8158
0.107,1246
0.0474,2310
0.0307,4344
-0.11,8917
0.103,2624
-0.0498,6000
-0.103,9887
0.0136,4122
-0.00566,4950
-0.0913,8028
-0.0535,6324
0.0245,4319
-0.101,7897
0.0839,1386
0.167,1451
-0.224,9503
-0.444,9537
-0.202,9103
0.0456,2773
0.106,1357
0.0511,3819
-0.165,9170
0.0957,1588
-0.11,10019
0.118,1164
0.112,1148
0.122,1147
0.116,1392
0.306,215
-0.659,9996
0.122,889
0.0135,4391
-0.102,7777
0.0631,3429
-0.0413,6090
0.11,2035
-0.126,9344
-0.0932,8281
-0.0989,9063
0.0158,4670
0.418,1765
-0.522,10461
0.0754,1806
-0.0623,7557
-0.178,9701
-0.0494,5990
0.12,1703
0.164,2614
-0.0485,7591
0.0179,4089
-0.0269,5780
-0.0717,7019
-0.0782,6672
0.105,2959
0.00956,4967
-0.0911,8715
-0.126,7254
0.0894,1649
-0.0189,5802
0.0241,4258
-0.000774,5093
-0.0424,6655
0.0294,3990
0.18,1721
0.113,3205
0.325,557
-0.0503,5848
-0.186,9250
-0.176,9050
0.236,798
-0.274,8362
0.136,1902
0.0466,2832
-0.0244,6545
0.0123,4851
-0.245,10300
0.0441,3150
0.116,2250
0.107,2403
-0.134,10018
-0.0957,9298
-0.0751,8492
0.0133,4626
0.0051,4787
-0.113,9459
-0.0355,5715
-0.0115,5031
-0.0983,7639
0.259,555
-0.126,8480
0.0573,2649
-0.0528,7155
-0.069,6529
0.0899,2290
0.745,1787
0.135,2875
0.0288,3968
0.272,107
0.446,605
0.0976,1230
0.166,1798
0.0943,2635
0.096,2310
-0.155,9879
-0.112,7668
0.13,2339
0.122,948
-0.128,7680
0.00707,4775
-0.111,9387
-0.487,8787
-0.0221,5868
-0.224,8379
0.044,3681
0.182,1046
0.0889,2403
-0.101,6942
0.0828,2624
-0.143,8405
0.0133,4575
0.511,46
0.0797,1197
0.124,1950
-0.00912,5449
-0.0636,7821
0.055,2934
0.057,3623
-0.0152,5897
0.073,2969
-0.0311,5126
-0.0465,7125
0.0647,2594
0.0323,2965
-0.134,9143
0.0284,3726
-0.0635,6417
-0.618,10438
-0.123,10219
0.164,563
0.15,1844
0.0759,2280
-0.0421,7134
0.0351,3347
-0.00706,5868
-0.0579,7314
-0.13,9501
-0.189,9414
-0.0938,8638
-0.265,8198
0.173,570
0.162,992
-0.144,10432
-0.0548,7056
0.33,333
0.0672,3756
0.00366,4982
0.0092,4801
-0.0985,6963
-0.0459,7693
-0.174,8433
0.0579,3204
0.0095,4703
0.129,707
0.191,1296
0.139,2050
-0.105,7324
-0.29,10388
-0.0559,6329
0.012,4460
-0.0364,6838
-0.0433,7029
-0.154,8599
0.198,1110
-0.227,9799
-0.0127,5829
0.0295,3783
0.254,455
0.0426,3761
0.179,2280
-0.214,4673
0.106,2341
0.114,916
0.0353,3126
0.29,621
-0.301,9418
0.0565,3629
0.21,421
0.0124,4317
0.117,657
-0.212,8941
0.133,1586
0.205,1612
-0.164,8379
0.0293,3228
0.0791,2987
-0.143,8571
-0.51,9894
-0.19,9370
-0.256,9533
-0.223,7744
-0.0929,6468
0.0914,1938
-0.000359,5273
0.104,1912
-0.177,9888
-0.0412,5933
0.197,1573
-0.0734,7724
-0.0296,5732
-0.0804,8264
-0.0328,7068
-0.0405,5693
0.252,1617
0.39,447
-0.129,6608
-0.00601,5374
-0.0607,7321
-0.000252,5008
-0.179,9560
0.291,345
0.0653,3324
0.142,721
0.0441,3931
-0.36,10226
-0.0355,6309
-0.136,8446
-0.573,10292
-0.231,9603
0.00878,4552
-0.0414,6302
-0.131,8983
0.261,680
-0.0503,6846
0.163,998
-0.152,8490
-0.0282,6079
0.17,1080
0.177,1750
0.12,1677
-0.09,7824
0.00591,4733
0.191,1243
-0.302,10074
0.0611,3430
0.00256,4868
-0.148,10238
-0.136,8524
-0.269,9981
-0.191,9097
-0.0846,6631
-0.401,10189
-0.0398,7317
0.0715,2564
-0.248,8972
0.194,457
0.216,1291
-0.135,7563
0.217,467
0.0546,3034
0.0416,3849
0.0353,3947
0.236,849
0.0768,3843
0.0432,2845
-0.0139,5529
-0.0847,8300
-0.231,7910
-0.281,9845
-0.157,10004
0.0435,2906
-0.0988,8439
0.0114,4790
-0.137,7251
-0.204,8606
-0.122,8247
-0.166,7925
0.109,2807
-0.307,9741
-0.00176,5108
-0.0402,5897
0.368,1219
0.0353,3504
0.0124,4785
-0.0112,5697
0.00585,4822
0.0331,3182
-0.197,6625
-0.0559,7935
0.0373,3445
0.294,709
-0.176,8999
0.3,624
2.15,709
-0.0322,6637
0.0107,4703
-0.0736,7553
-0.0596,7623
0.079,2375
0.0985,3255
-0.0492,7537
0.665,1852
0.000705,5026
0.00971,4519
-0.0453,7594
-0.144,8274
-0.0713,8370
-0.326,10421
0.268,2894
-0.113,5527
0.0505,3098
-0.568,8092
-0.651,9384
-0.231,9434
-0.195,8641
-0.223,10087
-0.122,7815
0.0829,1425
-0.09,9592
0.154,3454
-0.117,7189
-0.345,10236
0.117,3412
0.00519,4794
0.0054,4757
-0.431,9965
0.00504,4813
0.0601,3196
-0.174,9809
0.0918,3079
0.0227,4156
-0.0367,6118
0.226,1352
-0.0591,6661
-0.0061,4870
-0.0875,7043
-0.0596,7449
-0.259,9694
-0.057,8447
0.0843,2944
0.0515,4158
-0.0107,5663
-0.0464,6540
0.177,1085
0.0904,2464
0.19,2004
0.172,1304
0.0445,3822
0.0409,3495
-0.0835,7576
0.0229,4588
0.0646,3088
-0.135,7384
0.0773,3339
0.0208,4453
-0.188,8069
0.118,1676
0.00784,5007
-0.0924,7716
-0.0594,7109
0.193,395
-0.0913,8157
-0.152,7965
-0.235,9523
-0.147,6242
-0.0698,10253
-0.0647,7773
-0.0159,5165
-0.26,9587
-0.0117,5364
0.1,2955
0.122,932
-0.0692,9183
-0.04,9830
-0.0665,7381
0.0708,3728
-0.00989,5279
0.0762,3431
-0.055,8102
-0.0517,6500
-0.105,7575
0.0401,4234
-0.236,9446
-0.212,8865
0.163,427
0.125,2010
-0.217,9286
0.0831,3171
-0.0676,7002
-0.0893,9023
0.102,1658
-0.045,6386
-0.0364,6259
-0.0371,6145
-0.262,10409
-0.0303,5567
0.0288,3996
-0.0359,7276
-0.323,7521
0.15,2286
0.292,711
0.104,3424
-0.0783,8410
-0.115,8231
-0.0537,6113
-0.14,6711
0.0651,3572
0.0989,3095
-0.0918,8586
-0.0467,5857
0.0311,4289
-0.0637,7142
0.167,1589
0.0564,3398
-0.0413,6758
0.00819,4471
-0.139,8323
0.0477,3820
0.0965,2878
0.0171,4901
0.0143,4373
-0.0444,6041
-0.0612,6525
-0.311,10022
0.0865,2866
0.0482,3631
-0.0144,5825
-0.0375,6613
0.0115,4474
0.061,3590
-0.0318,6442
-0.203,9967
0.139,1588
-0.0694,6713
-0.039,6755
0.304,1028
0.0875,2386
-0.112,8263
-0.0244,6122
-0.00717,5103
0.193,479
-0.109,7695
-0.339,10275
-0.0821,7864
-0.0723,7948
-0.0353,6869
-0.0554,7414
-0.0181,5777
-0.309,10454
-0.117,8347
-0.0184,7329
0.0417,3631
-0.102,8774
0.25,1879
-0.334,9448
-0.125,9348
0.12,1888
-0.131,9450
0.039,3861
-0.00697,5369
0.212,1615
0.118,1437
-0.137,10293
0.118,1288
0.102,3276
-0.081,7613
-0.55,10352
0.165,2360
-0.212,8967
-0.00408,5304
-0.561,10151
0.125,2863
-0.0394,5791
-0.501,10172
0.0436,2858
0.172,452
-0.0302,6200
0.0136,4444
-0.0249,5303
0.342,223
-0.157,10097
-0.154,9333
-0.143,7225
0.0217,4551
0.2,1571
0.236,2278
0.000197,5257
-0.104,8333
-0.152,9012
0.0101,4724
-0.116,8610
0.0318,4079
0.022,4381
0.0514,2242
0.259,2935
-0.31,5311
-0.285,7531
-0.0338,6153
-0.163,8480
-0.0648,7639
0.117,2382
0.0454,3893
0.111,2056
-0.0447,6849
0.209,1153
0.0918,2652
0.132,1582
0.765,571
0.114,3332
-0.145,9723
0.0225,4387
-0.171,9821
-0.155,8807
0.0741,3155
0.0606,3381
0.349,132
0.0419,3785
0.0725,2920
-0.237,10401
-0.131,8361
-0.0433,6362
0.0136,4454
-0.0973,8385
-0.0446,6704
0.0772,2607
0.0799,3139
-0.00927,5395
-0.0515,7267
0.333,334
-0.196,9653
0.0819,2556
-0.0713,7346
0.0459,3891
-0.272,10371
0.0981,1126
-0.314,9244
-0.203,10160
-0.0321,5699
-0.344,9327
0.1,1668
-0.148,9011
0.0806,3461
-0.0685,7821
-0.0446,7176
0.267,1091
0.0358,3646
0.0716,2609
-0.12,8576
0.125,1373
0.286,871
-0.185,7856
-0.0324,7178
-0.226,10075
-0.275,9976
0.0358,4118
-0.165,9388
-0.156,9521
0.0684,3235
0.0789,2261
-0.213,9538
0.0421,4056
0.236,517
0.111,2768
-0.133,9066
0.0481,2922
0.0797,3662
0.0744,2044
0.0411,4214
-0.0735,6170
-0.136,9157
-0.0244,5965
0.0555,3844
-0.0717,7647
-0.0316,5736
0.0232,4296
0.213,450
0.127,831
-0.0648,8221
0.0106,4740
0.0252,4403
0.113,1972
-0.000345,5121
0.111,2514
-0.064,7817
-0.511,8712
0.326,1874
0.115,1506
-0.161,10265
0.0198,3780
-0.12,9461
-0.157,7868
-0.0569,6734
0.104,1348
-0.0174,6474
0.232,122
0.085,3078
-0.104,6813
0.354,302
0.0436,3844
-0.232,9834
0.331,2712
-0.0877,7709
-0.19,8412
-0.107,7538
0.164,444
-0.00201,4747
-0.98,9074
-0.112,9133
-0.304,8855
0.00307,4916
-0.108,9706
0.229,1386
0.459,2076
-0.203,5541
-0.0208,5666
-0.0653,6144
-0.0532,7037
0.0669,3605
-0.25,10175
-0.0631,8898
-0.0869,7359
0.0225,4714
0.18,2790
0.179,338
0.0753,2681
0.0186,4188
0.127,2526
-0.0381,6548
0.0876,3773
0.0514,3068
-0.071,7292
-0.00735,5463
0.123,2425
-0.0724,6245
-0.212,9466
0.117,2583
-0.107,9376
0.109,1914
-0.0551,6234
0.142,631
0.000454,5352
-0.271,9418
-0.174,10070
-0.109,7421
0.146,2147
-0.65,10085
-0.0545,6821
0.135,2477
0.0239,3941
-0.041,6483
-0.118,7733
0.0417,4293
-0.0918,7326
-0.133,6856
0.122,2556
0.0175,4575
-0.0191,5767
0.545,1026
0.0434,3918
-0.0674,7092
0.175,690
0.156,1185
0.147,631
-0.0669,6640
-0.136,7094
-0.521,9047
-0.00759,5464
0.149,504
-0.146,9998
-0.152,8233
-0.0653,8460
-0.492,10244
0.136,1357
-0.215,10402
0.343,875
0.094,2978
-0.0268,5787
-0.176,9425
0.00634,4880
0.0674,2665
0.0829,3764
0.0146,4458
0.0805,4102
-0.218,8594
-0.0778,8783
0.0716,3174
-0.136,8053
-0.00496,5213
0.247,403
0.0598,3951
0.179,1108
-0.0483,6679
0.0493,3521
-0.123,9204
-0.27,8576
0.661,745
0.0653,2621
-0.0427,7441
-0.191,9974
0.0404,4024
0.545,41
-0.368,10392
0.0783,2235
0.0561,3483
-0.237,9892
-0.144,6881
-0.283,10372
0.00787,4731
0.00539,4866
0.123,1353
0.218,601
-0.183,8222
-0.199,10422
0.0623,3186
0.0876,3390
-0.096,9187
-0.045,6134
-0.213,9688
0.0246,4499
-0.208,8608
0.158,1292
-0.0791,7196
-0.0778,7190
-0.201,8183
0.0729,3518
0.149,2143
-0.0516,7744
0.0807,3499
-0.353,9290
-0.315,10310
0.176,1932
0.348,317
-0.128,9198
0.124,1657
0.01,4699
0.12,847
-0.0116,4949
-0.113,7131
-0.0417,6143
-0.0189,5991
-0.0497,6578
0.0785,3206
-0.202,9454
0.287,774
-0.0683,7963
-0.145,8705
0.0158,3181
0.00589,4514
0.0174,2879
-0.00821,7078
-0.0429,10389
0.794,1599
0.226,1311
0.537,2168
-0.101,8419
-0.178,9456
-0.357,9675
-0.239,9073
0.0388,4122
0.0689,2495
0.0815,3388
0.128,1748
-0.118,7115
-0.0659,9011
-0.197,9728
0.00872,4823
-0.0819,5490
-0.159,6328
-0.0107,4978
-0.168,6046
0.308,306
0.0797,3119
0.372,1883
-0.187,8864
-0.197,9158
-0.264,7965
-0.0748,7681
-0.179,9893
-0.0488,5707
-0.185,9531
-0.0302,6555
-0.0564,7619
-0.278,9024
0.0682,3291
0.0629,3090
-0.22,8617
0.314,424
0.022,4201
0.0697,1021
-0.169,9156
-0.0439,6439
-0.0164,5563
-0.0968,6751
-0.137,8173
0.0928,2552
0.242,1128
-0.0155,5732
0.00804,4873
-0.0511,6955
0.117,1173
-0.107,8176
-0.109,8352
-0.0555,7591
-0.00616,5137
-0.176,7409
-0.0417,6520
-0.0265,6202
0.0746,3820
0.158,918
-0.103,7393
-0.0686,6109
-0.0546,7147
0.15,1444
0.643,135
-0.0029,5370
-0.0998,7675
0.115,1746
0.127,1206
-0.00738,5490
0.0087,4645
0.165,1025
-0.109,7828
-0.377,10210
-0.0427,7368
-0.0182,6129
-0.406,9737
0.172,2153
-0.0987,8200
-0.0491,6415
0.0669,3456
0.000329,5210
-0.0392,6729
-0.48,9955
0.0898,2382
0.00549,5056
-0.459,9102
-0.0597,7319
-0.609,9883
0.0901,1201
0.081,2376
-0.113,9415
-0.703,8396
0.911,983
0.0285,4334
-0.228,8187
-0.121,8789
-0.214,7828
-0.0233,5845
-0.107,8627
0.0826,2758
0.126,1376
-0.177,9181
0.136,1848
0.127,1983
-0.104,8339
0.0578,3323
-0.0368,6249
-0.0104,5212
-0.111,8989
0.415,169
-0.204,9036
0.118,2277
0.0527,3783
0.000736,3946
0.894,1578
0.00677,4712
0.0776,3772
0.286,881
0.128,2449
0.026,4467
0.0168,4619
-0.155,8947
-0.0529,7574
0.0777,2703
0.0504,1879
0.00125,4939
0.033,4259
-0.0966,7452
-0.182,10349
0.183,1329
0.0347,3452
-0.241,8434
-0.0128,5470
-0.0115,5167
-0.116,8043
-0.0574,8131
-0.0527,6764
0.41,1305
0.137,1514
-0.181,9870
0.612,65
0.0877,1843
-0.139,8262
0.141,2611
0.0746,2836
-0.0132,5476
-0.0972,6968
-0.0523,8298
-0.0199,5929
-0.652,9255
0.834,1068
-0.168,8301
-0.0757,8371
-0.233,8771
0.0127,4608
-0.19,8129
-0.148,7859
-0.171,9515
-0.117,6967
-0.0112,5602
0.0123,4753
-0.706,9301
0.341,1821
0.904,469
-0.0671,7303
-0.201,9679
-0.0664,7046
0.0184,4377
-0.292,8666
1.02,263
0.0519,3082
-0.112,8690
-0.0543,5652
-0.142,8769
0.114,3472
0.0134,4547
-0.13,9828
0.00584,4813
-0.0616,9137
0.216,599
0.0471,3141
0.0954,1334
-0.112,9403
-0.072,7629
-0.025,5679
0.073,2222
0.0535,4079
0.428,814
-0.196,9660
-0.116,8153
-0.0393,6509
0.0838,3113
-0.0611,6606
0.0211,4359
-0.124,8220
0.0142,4635
-0.757,8242
-0.0874,6410
-0.407,9368
0.241,1531
-0.108,7569
-0.0113,5268
-0.0366,5823
0.313,272
-0.0589,6828
0.0219,4479
-0.0512,6798
-0.0129,6428
0.205,1400
1.64,363
-0.263,8347
0.1,2460
-0.00468,5219
-0.0522,6934
-0.0253,5453
-0.108,8353
-0.351,9521
0.00637,4796
-0.171,9282
-0.0916,9055
-0.232,9679
-0.0498,6025
0.393,1014
-0.0959,6932
-0.44,10366
0.0303,3750
-0.0294,6141
-0.0804,7895
0.0118,4720
-0.245,8188
-0.0742,7710
-0.0922,8331
-0.187,8341
0.0366,3591
0.252,604
0.211,2358
-0.00788,5152
-0.0318,6346
0.313,657
-0.128,8313
-0.0802,6448
0.307,1249
-0.0547,6817
-0.0425,6826
0.011,4583
-0.0115,5227
0.0462,3265
-0.454,9490
-0.0603,8371
-0.0163,5759
-0.256,9054
-0.102,7302
0.213,2269
0.0357,4253
0.119,2030
0.045,3987
-0.146,7713
0.497,39
0.0185,4047
0.12,1308
-0.0211,6206
0.235,206
0.0627,2768
-0.132,9334
-0.229,9669
0.154,2212
-0.123,9636
0.27,111
-0.128,9368
-0.255,9269
-0.145,9320
-0.0178,5019
0.11,2176
-0.0164,5968
0.358,991
-0.0294,5763
-0.105,7900
0.00932,4795
0.304,215
0.00144,5066
0.103,3138
-0.106,8332
-0.578,9385
0.115,1953
0.0828,2835
0.0144,4537
-0.0237,6205
0.113,2309
-0.628,7843
-0.0265,6143
-0.0149,5647
0.122,1230
0.14,2513
0.00388,4805
-0.215,10137
0.129,1370
0.0527,2532
-0.0192,5790
-0.161,8950
-0.164,8689
0.0183,4549
-0.261,10433
0.176,793
0.00839,4494
0.00272,5300
-0.0507,6217
0.433,175
-0.0546,7814
-0.118,9750
0.101,2523
-0.0346,6363
-0.394,9848
-0.173,8815
-0.175,9103
0.108,2513
-0.0165,5589
0.0778,3435
-0.16,7484
0.358,681
0.0493,3168
0.0148,4152
-0.0615,5788
0.0573,3277
0.259,241
-0.0684,6576
-0.108,8733
-0.0201,6295
-0.176,8321
0.243,646
0.186,1439
-0.364,7724
-0.231,9414
0.152,425
-0.19,10255
0.149,1881
0.135,652
0.259,1610
-0.0115,5825
-0.227,9865
-0.144,7437
-0.556,10160
0.377,1881
-0.0766,6582
-0.0289,5876
0.0615,2470
0.179,794
0.0469,3125
0.265,1710
-0.11,7611
-0.0167,6137
-0.005,5432
0.304,543
0.275,1215
-0.186,9320
0.104,2181
-0.000153,5218
0.2,772
0.0302,4297
-0.0803,7685
-0.184,9953
-0.155,7356
-0.173,9392
-0.253,9246
-0.0541,7164
-0.0575,6529
-0.00186,5347
-0.123,8002
-0.00908,5645
-0.15,8287
0.124,1382
0.0809,2106
0.039,4677
0.135,2017
-0.0461,8001
-0.111,8697
0.129,1798
0.0303,4010
0.0905,3173
0.134,2951
-0.00623,5402
0.00269,4959
-0.0224,5431
-0.253,9291
0.272,807
-0.129,8343
-0.0432,6477
-0.0488,7111
-0.47,8462
-0.223,9799
0.143,2959
-0.0819,7744
-0.0384,6443
0.229,2270
0.182,931
-0.263,9308
0.0549,3979
0.202,761
-0.0834,8658
0.289,183
0.208,571
0.0319,3811
-0.0333,6128
0.0803,2474
-0.0351,6808
-0.045,7066
0.0926,1262
-0.093,6184
0.0681,3540
0.0471,3700
-0.0282,5896
-0.0527,6893
-0.65,8478
-0.125,6509
0.054,3948
0.071,3503
0.0836,2315
0.211,1356
0.0674,2910
-0.0183,5653
0.00407,4856
-0.105,7906
0.00664,4994
0.00857,4802
-0.0879,8156
0.0301,3999
-0.166,7859
-0.15,7394
-0.0701,7303
-0.0204,6399
0.141,1539
-0.256,10366
-0.112,8545
0.0715,2509
0.00707,4824
-0.0259,6160
0.0888,2319
0.0594,3842
-0.584,9956
0.17,2571
0.109,2532
-0.0326,6251
0.0786,2958
0.0614,2651
0.346,346
-0.24,9334
-0.0796,7148
0.0974,2302
-0.0777,7202
0.281,2595
0.124,1818
-0.361,9826
-0.0141,5600
-0.0306,6349
0.0222,4286
0.255,1446
-0.0117,5768
0.359,320
0.0746,1207
-0.101,8562
0.0703,2838
-0.207,9963
0.0618,2944
-0.303,9931
-0.112,8080
0.242,1730
-0.0525,6352
-0.119,7983
-0.426,10266
-0.482,8665
-0.111,8394
-0.328,9739
0.138,1843
-0.114,8016
0.249,903
0.171,2902
-0.0971,8309
0.169,1139
0.153,1488
-0.186,7513
0.034,3579
0.0634,3210
0.0467,2918
-0.0721,7546
-0.126,6652
0.093,2056
-0.383,9322
0.137,1133
-0.0157,6046
0.264,1051
-0.197,9807
0.0755,3504
0.0228,4125
-0.000345,5157
0.121,1662
0.136,2157
0.131,856
-0.263,10462
0.0485,2831
0.0505,2876
0.138,910
0.112,2345
-0.362,10116
0.217,1528
-0.0485,6983
-0.178,9993
-0.175,9205
-0.177,9701
-0.0449,6321
-0.035,5462
0.264,843
-0.094,8446
0.0311,4074
-0.015,5342
-0.00936,5495
0.195,2497
0.0572,2423
0.161,481
-0.0155,5544
-0.0768,6584
-0.0285,6667
-0.311,9225
0.0454,3665
-0.0373,7283
0.0604,2364
0.0779,2823
0.0675,2910
-0.0239,5659
0.135,2850
-0.212,9744
0.0847,1868
0.0551,3610
0.0212,4197
0.00529,4814
-0.154,8159
-0.116,8385
0.0482,2762
0.00814,4691
0.138,1750
-0.141,8922
0.0519,3629
0.174,1346
-0.059,7573
0.273,656
0.177,966
0.03,4111
0.253,1151
0.0102,4752
0.0044,4800
0.127,2333
-0.0164,5963
-0.127,9083
-0.251,5675
-0.216,9294
-0.11,8348
0.00881,4804
-0.0135,5482
0.122,2483
-0.000973,5088
-0.0331,6255
0.0264,4172
-0.449,9426
0.0708,3173
0.459,2116
-0.233,9546
0.141,2453
0.0216,4533
-0.304,10286
0.372,112
0.0491,3880
-0.115,8386
0.035,3209
-0.0373,5779
-0.00941,5144
0.0268,4285
-0.18,8595
-0.126,9236
-0.0125,5647
0.277,392
0.0956,2517
-0.18,8307
-0.0578,8117
-0.169,8267
0.0567,2761
0.0533,4213
-0.0171,5827
0.24,874
-0.17,9559
0.0945,1251
0.0426,3572
0.081,2640
0.0457,3392
-0.117,6559
-0.375,8108
0.0231,4036
0.089,838
0.133,2523
-0.0446,6360
-0.828,10295
0.544,1419
-0.106,9058
-0.024,5796
-0.116,8081
0.159,492
-0.115,8619
0.0721,3024
0.0727,2819
-0.0131,5924
0.00749,4893
-0.00438,5432
-0.035,6639
-0.202,10154
-0.0606,9465
-0.0659,7479
0.0979,3288
0.128,749
-0.16,7571
0.101,2276
0.137,646
-0.161,9701
-0.0681,6368
0.29,1164
-0.0968,8822
0.221,1644
0.125,820
-0.00532,5345
0.0599,482
0.446,1139
-0.0121,7622
-0.296,10090
-0.105,7877
-0.33,8627
0.0164,4592
0.0152,4769
-0.074,6684
-0.0263,5037
-0.104,7645
0.0106,4735
0.109,2985
-0.0485,6791
0.232,1334
0.672,329
-0.154,8813
0.095,2835
0.184,1204
-0.109,8478
0.00593,4793
-0.669,10119
0.0691,4061
0.00249,4783
-0.0167,5809
-0.201,9887
-0.154,10031
-0.000702,5045
-0.00839,5308
0.119,3007
-0.043,5921
-0.0176,6213
-0.367,10434
0.0674,2704
0.0246,4130
0.0634,3597
0.594,63
0.118,687
0.0477,2568
0.0607,3000
0.068,3207
-0.0492,6904
0.326,1218
0.166,1564
0.0653,2843
0.0176,4550
-0.00492,5058
-0.0889,6658
0.19,2696
-0.0674,7940
0.101,1590
0.111,1683
0.157,2007
-0.00957,5503
0.00436,4968
0.159,789
-0.0816,7743
0.0437,3586
0.0789,2827
0.399,1203
-0.0447,6404
0.0207,4250
-0.0734,7093
-0.0246,5538
-0.0433,6352
0.032,4005
0.0823,3378
-0.197,9810
0.0589,1722
-0.115,7277
-0.22,9572
-0.27,9865
-0.162,7724
0.116,1567
0.157,953
0.108,2026
-0.0615,6376
-0.193,8245
-0.0963,6231
-0.00555,5313
0.0209,3612
-0.172,10015
0.0793,2510
0.941,150
0.0389,3341
0.149,537
0.147,2199
0.0121,4721
-0.297,9692
0.436,350
-0.0126,5273
-0.0321,6137
-0.144,9494
-0.165,9475
-0.0657,7537
0.232,1159
-0.114,8366
-0.0604,7111
0.0179,4371
-0.135,7925
0.0267,4654
0.227,1092
-0.00894,5331
0.0987,820
-0.158,10323
-0.0691,6061
-0.455,9744
-0.0798,6212
0.0781,3299
-0.399,10417
0.192,423
-0.00154,5299
-0.0298,6195
0.0614,3543
0.0933,2363
0.141,1437
-0.0211,5414
0.335,1135
0.0634,3606
-0.0931,6281
0.167,1588
-0.12,9702
0.158,2212
0.209,1137
-0.00295,5544
-0.366,9608
0.072,3686
0.00764,4626
-0.0776,7445
-0.094,8762
-0.567,7977
-0.258,7957
0.0975,3003
0.133,1071
0.0545,3106
0.052,3890
0.00398,4977
0.0116,4461
-0.128,9323
-0.338,10102
-0.155,9518
-0.0472,7952
-0.0119,5742
0.000757,5021
0.106,1908
-0.198,9822
-0.0644,7813
-0.132,8852
0.00413,4759
-0.0618,6458
0.11,3261
0.211,523
-0.0338,5954
0.0393,4077
0.0152,4433
0.0869,3315
-0.0475,6352
0.0496,2309
-0.0188,6160
-0.392,9125
-0.897,9955
-0.493,9497
0.0593,3789
-0.0875,9030
-0.111,9418
-0.264,10277
-0.0314,5891
0.0308,4136
0.0377,3789
0.0158,4346
0.144,2443
0.149,1895
-0.0847,7244
-0.0818,7994
0.154,1693
0.18,1094
-0.132,9258
0.08,2402
0.0293,4333
0.18,1281
0.165,1705
0.00925,4875
-0.0655,8259
-0.341,10442
-0.0797,6944
0.399,581
0.149,3375
-0.0335,5963
-0.14,9459
-0.251,8838
0.523,273
0.0575,3275
0.294,197
-0.0264,6035
-0.0812,8544
-0.14,10223
-0.217,8743
-0.125,8409
0.1,2453
-0.0846,8126
0.0306,4009
-0.0126,5344
-0.00498,5365
0.0612,2215
0.229,2324
-0.0918,9270
0.219,404
-0.0164,5418
0.344,1017
0.0947,2499
-0.178,8595
0.0928,1575
-0.0193,5535
-0.129,8887
0.0694,3368
0.0784,3736
-0.123,7991
0.169,614
0.0574,3160
-0.0373,6326
-0.137,8749
-0.182,8325
0.183,259
0.0123,4511
0.13,2703
-0.102,5905
0.272,208
-0.000538,5048
0.00471,4691
0.0987,2277
-0.000209,5012
0.282,800
-0.228,9461
0.104,1960
0.00184,5013
0.528,116
-0.124,7823
-0.333,10367
0.36,929
0.121,3065
-0.0856,8230
-0.0635,7239
-0.134,9280
0.109,1907
-0.174,8367
-0.131,7326
0.111,805
-0.0477,7039
0.0822,3710
0.0575,2461
0.188,1598
-0.102,7144
0.0493,3588
0.0181,4629
0.0337,3373
-0.0703,7410
0.196,380
0.00628,4862
0.113,1365
-0.0372,6715
0.0123,4717
-0.184,9434
-0.0222,5806
-0.234,7820
0.302,1341
0.0406,3429
0.149,1599
-0.00478,5196
0.236,475
0.344,738
-0.0263,5532
0.0602,2707
-0.159,7435
0.0777,2258
0.162,1278
-0.121,7936
-0.0588,7465
-0.0381,6359
-0.0746,8254
0.0545,4046
0.00374,4790
0.22,1655
-0.124,8959
-0.0819,7736
0.119,1004
0.0274,4478
0.229,871
0.0694,3412
-0.0922,7508
0.027,4234
-0.181,7492
0.23,1717
0.207,1403
-0.16,4518
0.0143,4774
-0.287,10041
-0.287,10299
-0.274,10332
-0.00864,5394
0.0295,3880
-0.0567,6032
0.19,1152
0.102,2631
-0.0333,7028
-0.0712,9148
-0.0675,8188
-0.467,10358
0.0712,3455
-0.082,6612
-0.245,10372
0.0067,4569
0.125,1091
0.0622,3387
0.173,2503
-0.0432,5732
-0.013,5217
-0.0998,8140
-0.0234,6278
-0.137,8714
-0.193,9336
-0.374,10465
0.162,881
-0.0398,6843
-0.288,9027
0.834,1970
0.00906,4894
-0.0474,6171
-0.247,10106
-0.411,10379
-0.159,9226
0.115,2492
-0.134,8470
0.108,1375
-0.0917,8833
0.0657,3154
-0.0912,7456
-0.0142,5481
0.265,1049
0.0569,3059
0.00263,5148
0.0419,4047
0.0687,3468
0.059,3870
-0.00718,5312
-0.0277,5459
0.0947,2976
-0.0634,6765
-0.0621,6808
0.00858,5083
0.0358,4203
1.46,1047
0.145,1734
-0.445,8135
0.0367,3309
0.00176,5080
-0.719,8816
1.47,950
0.0639,3746
0.181,1882
-0.138,6805
-0.109,8805
0.125,1317
0.285,1049
-0.433,10013
0.0275,4340
-0.187,10251
-0.0844,8107
0.251,914
-0.0709,7159
0.0456,4221
0.108,3425
0.00535,4836
0.0382,3976
0.133,1845
0.217,1937
-0.0473,6376
0.0454,3737
-0.0721,8669
-0.367,10272
0.00627,4813
0.0114,4867
-0.426,10123
0.0428,4055
0.0367,4178
0.0451,3450
-0.0557,6917
0.0955,2985
0.139,1363
-0.0292,5955
0.0155,3868
0.00282,4993
0.532,116
0.00429,4682
0.102,1297
0.125,2252
0.183,294
0.045,3290
-0.0684,5640
-0.00855,5072
0.0626,3980
-0.0814,6844
-0.309,10228
0.405,257
-0.266,10261
-0.0767,6358
-0.148,8056
-0.0858,7227
-0.11,8651
0.149,2136
0.147,2047
-0.259,8457
-0.0737,7062
0.142,1687
-0.205,10375
0.0675,3064
0.114,645
-0.0395,6729
0.0789,3152
-0.107,7704
-0.146,9358
0.167,761
0.0157,4442
0.133,1991
0.296,2017
-0.205,10448
0.0988,2386
-0.0244,6115
-0.0432,6143
-0.194,7572
0.0317,4042
0.453,490
0.0234,4259
-0.0218,5326
-0.0783,7485
-0.0927,8513
0.0965,1258
-0.0269,6168
0.121,1486
0.323,107
-0.463,10453
0.129,1340
-0.195,9601
-0.155,8621
0.0205,3954
-0.00295,5278
-0.0386,5855
-0.0108,5315
0.048,2957
-0.176,9964
-0.0429,6862
-0.0175,5607
0.00494,4673
-0.0264,5810
0.0797,3538
-0.136,7801
-0.14,8789
0.0991,1177
0.0626,3440
-0.0936,5200
0.042,4309
-0.151,8686
-0.277,9991
0.0914,2219
-0.143,8237
0.0324,4380
-0.1,9552
-0.152,9218
-0.124,8496
0.00194,4725
0.294,2780
-0.0311,5776
0.299,256
0.249,2485
-0.0456,6838
0.14,2511
-0.361,10472
0.094,2257
-0.0708,7505
0.197,1895
-0.0078,5756
0.00696,4838
0.272,910
-0.292,9938
-0.0182,5495
-0.0124,5689
-0.0217,6476
0.0575,1988
-0.137,9458
-0.00913,5187
-0.125,9367
0.0181,4646
-0.0277,6421
0.0234,4465
-0.0254,6081
-0.168,8573
0.0498,3988
0.215,203
-0.0767,7584
0.00684,5079
0.892,459
0.00621,4876
-0.143,6908
0.169,951
-0.0632,8826
0.165,2697
-0.261,9352
-0.0849,8225
-0.0968,8753
-0.289,10240
-0.0658,8167
0.162,1212
0.186,2290
-0.0613,6080
0.23,1862
0.177,2964
-0.118,8869
-0.057,7796
-0.00574,5339
-0.0419,5955
-0.0967,7193
-0.236,9934
0.00502,4866
-0.0526,6703
0.0575,3590
-0.14,9263
-0.209,8037
-0.109,6862
-0.00635,5184
-0.0209,6125
0.0374,4262
-0.208,10277
-0.0724,6254
-0.0705,5269
-0.0503,7489
-0.132,7863
-0.0887,7769
0.0103,4662
-0.0564,6701
-0.0894,6082
-0.254,9806
-0.00647,5261
-0.0302,6342
0.257,693
0.00319,4895
-0.0738,7679
0.0784,2377
-0.157,7943
-0.199,8286
0.00157,5053
0.325,1313
-0.15,7815
-0.0396,7685
-0.0673,7341
-0.162,9659
0.103,1471
0.114,2364
-0.00919,5386
0.117,2664
-0.0407,7002
0.0366,3940
0.477,185
0.227,1813
-0.174,9928
0.0912,2684
0.391,155
0.146,1784
0.0364,3822
-0.0479,6845
-0.0511,5569
-0.0728,8569
0.0229,3948
-0.0469,7517
0.0658,2498
0.0893,2109
0.0427,3812
-0.0552,5532
0.206,1478
-0.0578,7313
-0.175,8880
-0.0882,6466
0.0457,3983
-0.263,10000
-0.0239,7454
-0.166,9134
-0.0962,7920
0.0387,4263
0.194,2055
0.0683,3306
-0.0158,5465
0.12,1986
-0.0304,5746
-0.188,9837
-0.022,5843
0.156,752
-0.00154,5355
-0.0534,6349
0.102,1717
0.165,2687
0.0335,4297
0.00595,4785
0.0445,3233
-0.123,7515
-0.0162,5851
0.032,4126
-0.0329,7067
0.0983,2926
0.0505,2616
-0.0614,6653
-0.053,7089
-0.177,8439
0.824,159
0.152,2559
0.0516,3968
-0.0977,7531
0.438,220
-0.0818,4709
0.247,1011
0.0182,4263
0.072,2671
0.163,1550
0.0831,2270
0.0401,3493
-0.214,8659
0.13,338
-0.122,10405
0.115,2698
-0.0563,6001
0.097,883
-0.357,9101
-0.045,7575
-0.0484,7207
0.0548,3481
0.0411,4153
0.304,645
0.014,4735
0.272,536
-0.0757,7861
0.0216,4303
0.0742,2583
-0.0492,5943
0.131,1825
0.14,1794
-0.0179,6072
-0.0155,5394
-0.0167,5138
0.00919,4765
-0.259,9962
0.00269,4977
0.0587,2927
-0.0685,8005
-0.113,7097
-0.319,9678
-0.314,10135
-0.0044,5445
-0.0597,8609
0.21,1866
-0.0994,6390
-0.153,7090
0.163,2479
-0.0423,5621
0.277,568
0.0608,3406
-0.0895,7832
0.27,1820
0.222,951
-0.166,9982
-0.258,9658
0.0431,4103
0.136,1097
0.0579,4038
-0.00771,5037
-0.0734,8423
0.217,501
0.268,785
-0.0862,7151
0.13,2194
-0.0489,6288
0.0917,2419
-0.377,10440
-0.112,8520
0.204,1292
0.486,1593
0.119,2766
-0.13,8913
0.159,2028
-0.227,10075
-0.101,7915
-0.122,8396
0.0775,2554
0.136,1486
-0.0999,8194
-0.27,10233
-0.373,8620
-0.0113,5452
-0.0265,5630
-0.163,9447
-0.036,7317
0.0407,3955
-0.171,8520
0.0555,2954
0.25,1380
-0.0193,6279
-0.136,10198
0.43,347
0.0691,3052
0.0332,4078
0.051,3490
0.00472,4864
0.123,1494
-0.0349,6003
-0.113,6503
-0.0583,6474
-0.023,5265
-0.0772,6945
0.0449,3024
0.0499,3932
0.0912,2450
-0.142,9030
-0.293,8003
0.0304,3962
-0.00417,5203
0.00806,4714
-0.0317,6082
0.0906,2663
-0.0393,5935
0.094,2859
-0.0728,8136
-0.162,9336
-0.0231,5947
0.171,1988
-0.0419,6356
-0.0853,8548
0.063,2727
-0.49,10083
0.0301,4434
-0.128,7423
0.0832,2536
-0.155,10244
0.0473,2692
0.197,1132
-0.272,9067
-0.216,6720
-0.207,6033
0.142,1387
-0.0286,6760
-0.107,7983
0.0927,2297
0.0326,4094
0.0418,4190
-0.00466,5221
0.00859,4739
-0.158,9150
0.205,1115
0.0575,3304
0.335,890
0.0164,4022
-0.0131,5583
-0.0467,5734
0.133,1713
0.278,272
0.0824,3141
0.0403,3493
0.0157,4470
0.0583,3571
-0.131,8441
-0.152,7926
-0.232,10011
-0.145,10249
-0.205,7313
0.00283,5089
-0.0273,5629
-0.0594,6466
-0.0247,5382
-0.146,9404
0.0316,3527
-0.289,9600
0.214,1584
-0.00244,5204
-0.171,7336
0.223,1362
-0.0459,6203
0.123,2869
0.00828,4847
0.0258,4302
0.107,1812
0.0156,4520
-0.155,8378
-0.0181,5953
0.486,124
-0.153,8921
-0.159,6750
0.0628,2956
-0.458,8382
0.133,1949
-0.153,8361
-0.205,9830
0.144,1329
-0.073,8289
-0.0532,6083
-0.0472,6651
0.26,2197
-0.123,10088
-0.087,7752
-0.13,9614
0.102,2313
0.284,345
-0.184,9016
-0.193,9488
0.332,179
-0.403,10185
-0.258,9881
-0.0871,7137
0.084,3127
-0.242,10316
0.299,257
0.00798,4718
-0.111,6658
0.641,1034
-0.171,7540
0.0703,2928
0.132,2100
-0.12,9218
-0.24,9688
-0.0873,7120
-0.405,10167
-0.0902,8127
-0.178,9772
-0.0869,8423
0.0224,4408
-0.0276,5993
-0.0844,6238
0.0802,3671
0.169,958
-0.0264,6467
0.0557,2774
-0.00834,5466
-0.135,6888
-0.406,8942
-0.113,9663
0.0284,3727
0.462,166
0.0964,3294
0.0788,3967
-0.204,10089
0.0402,3839
-0.0577,7768
0.0185,4591
-0.104,7015
0.0687,2266
-0.0475,7619
0.0549,2262
-0.115,8918
0.0109,4745
-0.0216,6039
-0.0871,7660
-0.106,8344
-0.0811,7341
-0.288,10391
-0.141,8016
-0.0875,7549
-0.179,8170
0.0587,3810
-0.141,8722
-0.201,10013
-0.186,9480
-0.216,8795
-0.661,9541
-0.085,7150
0.131,1670
-0.16,8541
0.386,854
0.0281,3366
0.0198,4349
-0.00888,5299
0.0879,1406
-0.0722,8173
0.078,3859
0.0998,2517
0.0292,4208
0.266,605
-0.156,9085
0.017,4383
-0.107,8386
0.0782,3138
0.154,1586
-0.425,10399
0.2,1435
0.0534,3289
0.022,4337
-0.262,7197
0.0947,3287
-0.171,8536
-0.316,10021
-0.0285,6063
-0.0318,5767
0.0725,2586
-0.18,8274
-0.0121,5966
0.0298,3964
-0.125,10085
-0.0789,6662
-0.145,7026
0.0452,2939
-0.0411,6212
0.0174,4247
-0.0444,6283
-0.00802,5217
-0.0326,6029
0.0622,3962
-0.0539,5758
-0.095,8587
-0.187,10354
0.0112,4885
0.0391,3029
-0.137,10004
-0.229,10390
0.176,1972
-0.0556,7147
0.0609,3081
-0.163,9248
0.194,743
0.145,1449
0.194,2074
-0.024,5995
-0.0983,6109
0.61,203
-0.0421,7182
-0.219,10135
-0.0348,5848
-0.0717,7862
0.0646,2697
-0.183,9878
-0.172,9747
-0.329,10431
0.194,1172
-0.192,7783
-0.172,9798
0.124,1700
-0.0166,5829
-0.145,8037
0.139,1531
0.1,1313
-0.143,9166
-0.102,8222
0.13,2074
0.308,941
-0.159,8664
0.00982,4629
-0.0946,8908
-0.0407,6996
0.279,1592
-0.0628,6548
0.133,2245
-0.0608,7197
-0.184,9865
-0.124,7848
-0.0862,7639
0.0518,3353
-0.222,8684
-0.0152,6051
0.0468,3641
-0.0571,7978
-0.123,9588
-0.0402,5965
-0.156,7859
0.305,540
0.00655,4762
-0.0472,7390
-0.0595,6603
-0.154,9052
0.0174,4336
-0.22,8672
0.0329,3396
0.0464,3419
-0.302,8402
-0.243,7642
0.121,2884
-0.000751,5205
0.0177,3768
-0.0165,5845
-0.355,8832
0.619,460
-0.118,7403
0.424,128
-0.0464,6289
-0.0894,6854
-0.292,5331
-0.717,8856
-0.596,8815
-0.629,10415
-0.058,7420
0.242,945
0.294,311
0.955,1526
-0.0967,6907
-0.121,9219
0.0276,3256
-0.266,10056
0.269,700
-0.0714,7510
-0.22,8225
0.106,2220
0.0971,1704
-0.248,9077
-0.0647,7012
-0.101,6181
-0.112,8801
0.201,703
0.0209,4049
-0.244,9646
-0.0651,6005
-0.0744,6547
0.00702,4776
-0.145,7644
0.0606,2527
0.0482,3658
-0.232,9599
0.114,1962
0.0331,4056
0.0322,4025
0.156,1133
0.217,336
-0.0513,6200
-0.253,7890
-0.0594,7092
0.0181,3736
-0.0712,7566
0.00619,4793
0.082,2878
-0.155,7558
-0.00279,5274
0.0089,4672
-0.235,9319
0.352,774
-0.0806,7483
0.151,2920
0.29,926
-0.0583,7492
0.0518,3669
-0.281,9613
-0.0338,6327
0.385,1668
0.0566,2924
0.0901,2065
0.122,2062
0.0206,4552
-0.0135,5146
0.0117,4717
0.0279,4437
-0.197,8717
0.0942,2579
-0.19,9118
-0.214,8812
0.0246,4526
-0.0542,6355
0.0336,3933
-0.0846,7735
-0.0416,6416
-0.0837,7248
0.082,3344
-0.0341,6821
0.0348,2941
0.0629,3729
0.833,253
-0.458,9953
0.0162,4763
0.0406,3993
0.0645,2605
0.102,2265
0.0572,3832
-0.152,6628
-0.0888,7721
-0.19,8454
0.0857,3437
0.0278,4221
-0.17,7920
0.384,1212
0.0113,4627
-0.108,8590
0.0355,3715
-0.311,10284
-0.219,9925
-0.231,9991
-0.0996,8426
0.436,149
-0.0823,9139
-0.335,9930
0.0344,4360
-0.327,9656
-0.105,7190
0.0131,4470
-0.0683,8192
0.0364,4092
-0.207,9322
0.58,383
0.133,2858
0.00521,4978
0.242,119
0.0328,4161
-0.0216,5582
-0.159,7660
-0.0497,6275
0.058,1741
-0.0543,7575
0.125,2560
-0.00583,5061
0.126,1661
-0.0627,6475
0.0821,2624
0.0545,3207
0.00864,4653
0.0475,4357
-0.395,9432
0.0383,4020
-0.081,7728
-0.214,10089
-0.00795,5343
-0.00261,5245
0.0567,3228
0.113,2816
0.0422,3286
0.301,29
0.103,2426
0.0115,4412
-0.0214,5867
0.0627,3788
0.0405,2664
-0.0421,6138
-0.134,7351
-0.232,8876
0.542,445
-0.417,9615
0.0238,4171
-0.0351,6328
0.0244,4372
-0.0419,6428
0.0167,4519
0.377,247
0.0253,3803
0.318,10
-0.0748,7679
0.079,3484
-0.154,7815
-0.109,8049
0.104,477
0.157,1019
0.236,510
-0.0618,7229
0.191,515
0.111,2597
-0.0139,5366
0.0498,2422
-0.13,9202
0.0905,2608
-0.134,8719
-0.196,8153
-0.0703,8416
0.0314,3803
-0.0897,7976
-0.129,7755
0.0561,4044
-0.0717,5632
0.0356,3627
-0.0214,5798
-0.0654,7784
-0.106,8782
-0.0484,6468
0.339,249
0.117,885
0.000791,5226
0.0115,4828
0.364,229
0.133,3291
0.000991,4955
0.0543,3261
-0.0439,5897
-0.164,9359
0.00873,4966
0.0423,3857
-0.0767,5325
-0.078,7398
0.0522,3503
-0.161,9404
0.201,805
-0.419,9939
-0.02,5409
-0.0199,5744
-0.0169,6258
-0.189,9757
0.0548,3319
-0.232,9636
-0.00463,4883
0.151,1529
-0.169,9335
-0.529,10196
0.438,1465
-0.0452,6295
-0.179,9828
0.165,1493
0.0584,3494
-0.07,7056
-0.0987,7635
-0.0152,5264
0.282,977
-0.0241,6159
-0.00699,5452
0.0231,4382
0.0968,1842
-0.3,9546
0.168,2840
-0.151,9433
-0.0703,9569
-0.468,9774
0.141,1792
0.0452,3477
0.117,827
-0.0418,7121
-0.0468,6667
0.0316,3978
-0.0447,6180
0.263,1605
-0.0212,7051
-0.0519,7966
-0.182,10055
-0.0492,6162
-0.264,9360
0.111,2335
-0.276,9945
-0.0398,7295
0.0874,2283
0.16,1470
-0.00822,5192
0.0325,4295
-0.0598,7562
-0.0397,7461
-0.000774,5348
0.00556,4919
-0.0489,6527
-0.202,7910
0.0203,4667
-0.254,9682
0.0663,1916
-0.067,6147
-0.0764,7113
-0.309,9252
0.0999,1959
-0.0401,7486
0.163,752
-0.0635,6382
-0.273,9025
0.35,411
0.134,1029
-0.111,10183
-0.067,7424
-0.363,10442
0.102,3666
-0.156,6926
0.215,1495
-0.123,9196
-0.0782,8410
0.267,1775
0.00602,4934
0.0992,2845
0.0107,4528
-0.112,9525
0.0161,4545
-0.0913,7561
-0.214,9980
-0.0355,5534
0.134,1472
-0.748,8709
0.00942,5094
0.596,288
-0.173,9430
0.00564,4967
-0.128,7692
0.0904,585
-0.323,10359
1.44,519
0.00984,4828
-0.302,9363
0.252,1773
-0.0827,8773
-0.0185,6232
-0.352,6465
-0.561,9310
0.212,3115
-0.0929,7183
0.0718,4045
-0.353,9473
0.123,3058
0.322,1498
-0.00398,5375
-0.0265,6089
-0.0804,4036
1.17,1068
0.335,1495
0.0747,2016
-0.018,6108
-0.859,9865
-0.389,9599
0.268,1995
-0.27,9292
-0.0411,6189
-0.551,7486
0.862,72
0.0687,1902
0.0413,3945
0.12,1841
-0.28,9967
-0.147,4777
-0.167,8931
0.0938,3519
-0.0183,5411
0.0678,3240
-0.381,7259
-0.0151,5192
-0.0202,5597
-0.918,10386
0.114,2937
0.0247,4249
0.339,1616
-0.0168,5339
-0.226,9213
-0.0562,4019
-0.0769,7951
-0.049,6705
0.215,836
-0.0393,6849
-0.0798,6469
0.0479,3951
0.0505,2842
8.22e-05,5118
-0.145,8161
-0.116,7436
0.0974,2701
-0.168,9070
0.0813,2698
-0.163,7628
-0.00959,5420
0.0193,4499
-0.0186,6369
-0.0924,7265
0.21,440
-0.187,9723
-0.0292,6342
0.0675,1793
0.111,1829
0.086,4108
-0.13,4921
0.223,2835
0.307,2056
0.368,1804
0.0687,3053
-0.142,8400
-0.212,7839
-0.0794,7572
-0.116,8804
-0.112,9986
0.00791,4788
-0.115,7617
0.0212,3941
-0.228,9372
0.0355,3638
0.0132,4799
-0.0308,4851
-0.0468,6793
0.0264,4212
0.205,1587
0.0772,2145
-0.0288,6967
0.00821,4686
-0.168,9080
0.0928,1797
-0.0832,7761
0.0296,4335
0.244,755
0.0789,1461
-0.101,7185
0.141,1419
-0.2,9381
0.125,319
0.0649,2878
0.115,2621
-0.218,10357
-0.283,9199
-0.107,7654
-0.0952,9344
-0.00399,5648
0.0825,3030
0.134,2439
0.0163,4248
0.0132,4522
-0.176,8889
-0.0277,5935
0.0748,3111
-0.224,8006
-0.249,9191
0.107,1979
-0.215,10178
0.0261,4567
0.0159,4454
0.108,3184
-0.231,9531
0.15,2617
0.0584,2059
0.0393,3500
-0.0637,7128
-0.0174,5521
-0.135,7695
-0.201,8981
0.0595,3380
0.0648,2726
0.01,4715
0.132,1973
0.238,843
-0.0248,6244
0.00473,5024
0.0631,3367
-0.103,7681
0.197,1576
-0.277,8923
-0.736,10288
-0.0467,7312
-0.0535,7567
-0.0205,6052
0.0495,3474
0.017,4536
0.0331,3552
0.0125,4130
-0.0612,6942
0.32,516
-0.116,7261
-0.0371,6100
0.118,1916
-0.321,10410
0.0539,2747
0.102,1826
0.109,2219
0.055,4200
-0.289,7809
-0.115,9152
0.0674,1866
0.176,2465
0.219,1331
0.346,1776
0.0697,3817
0.243,1060
-0.144,7633
-0.519,9790
0.00922,4644
-0.433,8229
0.0567,3822
0.118,2973
0.223,2277
-0.129,8838
0.0744,2215
0.0488,4050
0.0143,4564
0.0874,575
0.303,625
0.0591,2311
0.117,1536
-0.152,7561
0.12,2089
0.0637,2141
0.197,349
0.147,1750
0.0517,3629
-0.153,8368
0.265,228
-0.168,9825
0.0445,2785
-0.0419,6094
-0.0919,6846
0.109,3199
0.0401,3758
-0.0957,9150
-0.176,9365
-0.192,9877
-0.0674,8009
-0.23,9155
0.0186,4524
0.156,280
-0.0859,9255
-0.226,9599
-0.0778,7141
0.0229,3513
0.00334,5194
0.0179,4085
0.123,1511
-0.0479,5570
-0.206,8886
0.0468,3971
0.0788,3154
0.135,1930
0.104,375
-0.0517,6637
-0.0475,6887
0.0469,3610
0.149,1876
-0.012,5523
0.156,622
-0.279,10291
0.12,1234
-0.0336,5962
0.668,38
-0.000346,5068
-0.0901,7823
-0.0262,5562
0.273,1411
0.0249,4264
0.0623,2797
-0.128,8888
0.033,4257
0.328,589
0.0404,3191
0.0448,3672
-0.385,9706
-0.478,10401
-0.00171,5097
0.0724,3339
-0.257,10256
-0.223,9071
0.0432,3788
-0.309,10167
-0.0343,6180
0.0438,4142
0.339,712
0.127,3502
0.0141,4667
0.0963,1115
0.0653,3585
-0.411,10456
-0.000843,4875
-0.454,6590
-0.0114,5794
-0.0168,5728
-0.0941,8378
-0.448,10370
0.0976,3825
0.345,745
0.798,73
0.049,3552
0.281,769
-0.126,6867
-0.116,9136
0.0794,1776
-0.0557,7431
0.0547,3747
0.0101,4684
0.043,3568
0.0439,3527
0.249,973
0.203,1215
-0.0083,5458
-0.0843,6786
0.0416,3943
-0.139,8141
-0.066,6334
0.484,860
-0.0694,6634
0.051,2094
-0.0389,6035
-0.0877,7726
-0.0954,8385
-0.272,10127
0.019,4607
0.0823,851
-0.435,5929
-0.0331,3672
-0.312,5064
0.187,3286
1.04,763
-0.417,7082
-0.372,6096
-0.0564,6120
-0.156,9120
0.067,3177
0.119,982
0.129,1165
0.166,1762
0.19,1244
-0.037,6069
0.218,855
-0.0559,8404
-0.12,7713
0.0568,3869
0.101,3495
0.0382,4042
-0.0943,7909
0.224,1487
0.024,4260
-0.013,5600
-0.0296,6047
-0.064,6080
-0.0938,9465
0.0856,1265
-0.0544,7446
0.0101,4563
-0.155,9081
0.0548,4167
-0.0256,6432
0.0704,3125
-0.292,10203
0.125,1726
6.26e-05,5018
0.0862,3892
-0.106,8226
0.0472,2817
0.0328,4256
0.0935,3055
-0.246,10148
0.0617,3110
-0.286,10443
0.161,2593
-0.196,9228
-0.0941,6581
-0.0466,6513
-0.0573,8152
-0.0275,6078
-0.309,9840
-0.00239,4808
1.14,2
-0.264,9045
-0.0316,6318
-0.219,9567
0.0984,2330
-0.236,10145
-0.00359,5152
-0.0919,8530
-0.0535,6793
-0.223,9337
0.236,548
0.00581,4863
0.0538,3643
-0.0483,6991
0.0674,2158
0.146,1447
0.033,4090
0.289,1084
-0.277,9667
-0.164,8941
-0.0112,5699
-0.0325,6262
0.0212,3818
0.171,1551
0.0211,4281
0.194,334
-0.104,7647
-0.119,8990
0.338,113
0.137,1187
0.0368,4158
0.307,43
-0.0403,6926
-0.098,7907
0.0356,3787
0.0735,3670
-0.0975,8591
-0.00434,5480
0.0716,2123
-0.0281,6169
0.102,3038
0.293,386
0.0138,4683
0.0273,3887
-0.0875,8965
0.0641,3626
0.477,34
0.0231,4651
-0.0254,5447
0.0754,1911
0.0641,2166
-0.319,9829
0.0321,4422
-0.102,8290
0.282,89
-0.077,7510
0.163,1029
-0.0862,7532
0.0569,3668
0.216,1289
0.0117,4218
-0.0857,7448
-0.312,10440
-0.129,6350
-0.259,8489
0.408,1460
0.00708,4746
0.108,1071
-0.259,9562
-0.239,8209
0.0946,3266
-0.61,10460
-0.118,8807
0.0634,2722
0.181,758
-0.0905,7273
-0.124,7968
0.0446,4210
0.00603,4819
-0.0361,7145
-0.598,8595
-0.0492,5759
0.281,539
0.214,1091
-0.0682,8909
0.0749,2248
0.0671,3427
-0.0416,5575
-0.143,9455
0.0133,4784
-0.00185,5169
0.0364,3710
0.107,1074
-0.136,9024
-0.0405,6686
0.0114,4838
-0.0916,9419
0.0742,1707
0.0553,3113
-0.195,9010
-0.0825,6895
-0.0809,6830
-0.0365,5820
0.193,1602
0.185,2207
-0.216,10045
0.443,133
0.569,259
-0.281,10368
0.0978,755
0.0715,1811
-0.0586,7960
0.0861,3229
0.0945,2268
-0.0417,6282
0.0615,2351
-0.0731,8477
-0.134,8292
0.113,1519
0.0392,3904
0.0744,2545
0.0146,4346
0.0744,3998
0.135,3492
-0.241,9487
-0.495,10427
0.421,47
0.0201,4430
0.12,2258
0.603,26
-0.402,9910
0.429,1166
0.116,1505
0.121,1532
0.0531,2377
-0.083,6775
-0.445,10456
0.248,1068
0.0591,2025
0.0133,4443
-0.112,7509
0.056,3465
0.109,3272
0.268,1459
0.0138,4566
0.244,2815
-0.0684,6588
-0.12,7213
-0.133,7793
-0.111,9528
-0.0885,8826
0.256,1718
0.0737,2891
-0.0464,6541
-0.484,10227
0.509,11
0.0233,4284
-0.368,10395
-0.132,9449
0.396,2209
-0.0847,6970
0.0546,3078
-0.215,10014
-0.0202,6568
-0.295,8241
0.0679,3259
-0.201,9678
-0.127,9255
0.0575,3275
-0.12,8017
0.0238,4298
0.0514,2647
0.374,474
0.287,293
-0.0162,5861
-0.0767,10012
-0.129,7224
0.0438,3492
-0.0342,6339
0.125,2284
0.189,802
0.137,1052
0.0589,2608
-0.167,8332
0.275,209
-0.263,10234
-0.108,9314
0.0362,3800
0.00929,4758
-0.056,5883
-0.00941,5536
-0.0543,6468
-0.0244,5450
-0.0444,6858
0.0202,4587
-0.208,9288
0.0597,3368
-0.225,6409
-0.0629,6706
-0.00447,5491
-0.0484,7938
-0.0615,7172
0.225,768
-0.125,8412
0.037,3477
-0.0466,6498
-0.0622,7165
-0.0464,5549
0.0444,4089
-0.17,9943
-0.138,10170
0.00699,4404
0.0906,1745
-0.0866,8560
0.0952,3810
-0.0488,5513
-0.0452,7804
-0.0511,7229
0.229,1370
0.0628,3081
-0.205,8736
-0.21,9962
0.0845,2507
0.0392,3751
-0.0401,6212
0.0503,4317
-0.174,8449
0.062,2709
0.139,1439
-0.0337,7148
-0.0453,6358
-0.0699,7292
0.0815,3135
-0.0351,5687
-0.102,8396
0.166,1256
0.135,1649
0.0595,2689
0.266,387
0.0683,2509
-0.186,10307
-0.105,8141
0.0751,2473
-0.199,9871
0.0639,3340
-0.0562,6337
0.167,385
0.0715,776
0.0592,3357
-0.0209,5821
0.0978,3153
0.246,1117
-0.0415,6317
-0.027,6536
0.16,1656
0.0177,4342
-0.017,5630
0.0348,2578
0.114,2144
-0.0143,5910
-0.133,9109
0.171,561
0.108,3481
-0.193,8821
-0.0989,8459
0.218,1032
-0.0246,5494
0.101,1855
0.183,2918
-0.0868,7876
-0.143,7255
0.0756,3215
-0.0512,5747
0.00668,4852
0.565,13
-0.0215,5785
0.127,1990
-0.0399,6980
-0.152,9683
-0.0343,5150
-0.271,10018
-0.122,9021
0.362,426
0.0403,2975
0.0456,3805
-0.154,9292
0.196,1924
0.315,1531
-0.0794,7806
-0.0448,7410
-0.159,8656
0.219,1736
-0.128,8132
-0.0324,5637
-0.112,9134
0.064,3117
0.228,378
-0.214,9264
-0.295,10002
0.265,888
0.0308,2466
-0.0395,7168
0.122,1758
0.0306,4386
0.291,254
0.132,2468
-0.0102,5428
0.179,1317
0.205,261
-0.0185,5748
-0.126,8327
-0.0975,7213
0.0704,3334
-0.0597,6782
-0.104,6659
0.00819,4749
-0.0949,7193
0.0626,2526
0.044,3670
0.0651,2286
0.176,286
0.0729,1976
0.00491,4922
-0.213,9368
-0.0972,8428
0.0753,2510
-0.0202,6055
0.0236,4055
-0.275,10144
0.055,3893
0.0362,2040
0.057,2958
0.0682,3766
0.00684,4852
0.00598,5096
-0.0569,6211
0.107,1631
-0.0585,7498
-0.0423,6523
-0.0689,6731
0.272,726
0.177,1324
0.115,1494
0.108,823
0.121,1746
0.257,1994
0.0215,4345
-0.124,7260
-0.052,6300
0.173,224
-0.0588,8502
0.136,1347
-0.024,5982
0.516,2208
-0.0243,6396
0.387,525
0.0924,2699
0.103,2994
-0.12,7784
-0.0648,5860
0.0759,2468
0.0256,3352
0.0588,2873
0.391,638
-0.111,8584
-0.173,9237
-0.327,10463
0.217,664
0.372,1291
-0.331,10124
-0.0776,7090
0.00528,5035
0.00821,4856
0.0365,3553
-0.0095,5390
0.0523,3465
-0.397,9794
0.0295,4099
-0.0111,4899
0.185,3033
0.054,1911
-0.0671,8486
-0.0295,6395
-0.0631,6268
0.227,366
-0.13,6062
-0.0756,7687
0.206,453
-0.108,9129
0.0376,3965
-0.0486,7003
-0.239,7765
-0.008,5495
0.0515,2877
-0.182,8233
-0.174,9743
-0.0641,6709
-0.248,8312
-0.0115,5442
0.0443,2567
0.115,2710
0.156,1236
-0.258,10255
-0.0763,6616
0.0339,1969
-0.108,8244
-0.00902,5245
0.194,1587
-0.157,10105
0.063,2946
-0.0131,5701
0.014,4312
0.237,1550
-0.0698,7753
0.334,222
0.134,3044
-0.0366,6283
-0.0881,8511
-0.00455,5294
-0.259,8323
0.261,593
-0.184,9935
-0.00992,5230
-0.0444,6915
-0.23,9516
0.00652,4722
0.0878,3787
0.0125,4544
-0.0999,7534
0.00371,4964
-0.152,8978
-0.22,9868
-0.0119,5488
0.092,3406
0.0181,3960
-0.0906,7876
0.199,1666
-0.203,9976
0.121,2490
0.0403,4000
-0.152,10256
0.0634,2658
-0.161,8356
0.0838,3104
-0.272,9281
0.164,3003
-0.0158,5566
-0.0105,5705
-0.123,9359
0.536,494
-0.154,9110
-0.0285,6441
0.0043,5025
0.0378,3811
-0.0342,5461
-0.302,9371
0.198,686
0.00155,5056
0.0103,4652
0.156,2308
-0.0234,6026
0.288,385
0.262,1223
-0.0875,7787
-0.0319,6920
-0.0423,6858
-0.048,5738
-0.0275,5578
0.0678,3828
-0.117,8799
0.147,1137
-0.00441,5271
-0.0834,6358
0.0687,3392
0.003,5074
-0.059,4291
-0.211,10111
-0.0589,8286
-0.115,8057
0.0696,3033
0.0333,3475
0.144,2505
-0.056,7840
0.106,1515
0.0953,2502
0.00766,4615
0.184,1162
-0.265,10250
0.0203,3620
0.109,1568
0.137,2567
0.0918,1461
-0.00486,5025
0.0337,3518
-0.075,8387
-0.101,9042
0.0092,4701
0.045,2988
0.0474,3820
-0.0627,8352
-0.0149,5432
0.204,445
-0.0944,6669
-0.00187,4960
0.0272,4372
-0.138,6814
0.092,3264
0.2,1185
-0.0268,6152
-0.257,9030
0.256,1555
0.0555,3623
-0.00854,5064
0.0461,3900
0.332,426
-0.159,9328
-0.0131,5271
0.101,2901
0.188,604
-0.182,9796
-0.0433,5468
-0.617,10120
0.567,155
0.14,2457
-0.0803,8535
0.127,2334
0.0892,2984
-0.00333,5447
-0.136,8951
0.157,1803
0.0286,3141
0.0109,4819
-0.136,8443
-0.146,9070
-0.0419,5971
-0.28,8913
-0.0535,7085
-0.0811,7481
-0.11,7199
-0.124,6961
-0.489,10321
0.0304,4264
0.0631,3184
-0.064,7746
0.051,3568
0.112,2297
-0.964,10311
-0.00898,5169
0.0845,2648
0.0215,4398
-0.0142,5596
-0.0327,6153
-0.0149,5889
-0.288,10438
0.128,767
0.137,1865
0.0928,2925
0.0788,3319
-0.1,7995
-0.0502,6297
-0.0494,6205
0.0392,3911
-0.181,9383
-0.0487,6696
0.0374,4272
-0.119,8617
-0.00452,5475
0.0937,1863
0.00878,4864
0.0955,1909
0.0316,4368
0.000569,4893
-0.186,9694
-0.038,8278
0.103,2642
0.0289,4407
-0.158,6880
0.188,1272
0.0784,1868
0.165,1205
-0.0518,7626
-0.255,10189
0.0101,4702
-0.0905,8190
-0.0207,6160
-0.147,8920
-0.195,7789
0.155,3200
-0.501,6878
-0.0773,6359
0.621,432
0.203,371
-0.0314,6330
-0.0556,6319
0.122,2670
-0.615,9926
-0.0336,5809
-0.0379,7359
-0.139,9891
0.0431,3718
-0.0259,6398
0.141,2881
-0.103,9240
0.161,188
-0.139,6220
0.164,1838
-0.104,6862
0.284,2259
-0.233,10250
-0.12,8651
-0.0289,6016
-0.222,10098
0.128,1968
0.131,1132
-0.112,9244
-0.191,9737
0.229,668
0.0698,2695
-0.0355,6394
-0.347,5413
-0.0249,5823
0.11,1658
0.021,4145
-0.05,7861
-0.0353,5828
-0.0105,5407
-0.25,10066
0.063,3436
-0.199,9507
0.0399,3667
0.28,546
-0.0214,5932
0.0363,3506
0.201,186
-0.0618,7319
-0.00186,4974
0.138,867
-0.0216,5395
0.0994,1403
-0.0901,8451
0.145,2488
-0.0102,5611
-0.0189,6129
0.0631,3675
0.0377,2417
0.026,3854
-0.119,9021
-0.317,8365
-0.23,9017
0.354,385
-0.0992,9218
-0.248,10216
-0.0453,6107
0.744,113
-0.426,10196
-0.0332,5843
0.106,1887
-0.0276,6006
1.06,160
-0.0435,6635
-0.114,7408
-0.143,7078
0.00196,5152
-0.118,8269
0.178,1725
-0.211,8880
0.107,3123
-0.092,7044
-0.00426,5474
-0.0234,6195
0.17,1279
-0.0655,7597
-0.112,7376
0.0143,4451
0.191,381
-0.0658,8075
0.103,1916
-0.0851,6831
-0.0186,5555
-0.159,9999
0.0171,4412
-0.0268,6306
0.237,653
-0.17,8661
0.142,3312
-0.115,7259
0.0454,3285
-0.032,6500
0.166,1459
0.211,386
-0.18,6632
0.168,138
-0.00693,5393
0.0609,2351
-0.301,10382
0.196,908
-0.196,7776
-0.104,6352
0.0791,1687
0.103,3430
0.264,2351
0.0837,2829
-0.231,8623
-0.149,9070
-0.288,10103
-0.117,9800
-0.0573,7230
0.704,90
-0.0743,8784
-0.0108,5287
-0.0975,8245
-0.13,9331
0.336,1352
0.186,2223
-0.0532,5320
0.0237,4328
-0.0428,6538
0.164,1431
-0.197,9313
-0.0117,5297
-0.208,7814
0.0101,4708
0.015,4294
-0.101,7359
-0.181,10102
-0.0122,5403
-0.0659,6427
0.0361,3873
-0.218,9222
0.0176,4633
-0.158,9098
0.00254,4940
-0.171,7651
-0.0336,5332
0.115,1859
0.0468,3738
0.0598,3198
-0.104,7800
-0.106,8729
-0.128,8300
-0.0342,6695
-0.00225,5324
-0.0978,7428
0.0722,3168
0.214,1106
0.145,2298
0.0554,3120
0.0669,1955
-0.193,9893
-0.0162,6176
0.0962,3752
0.033,4488
0.0291,4521
0.0414,3842
-0.0138,8381
0.0752,3388
-0.013,5415
-0.197,10218
-0.631,9314
-0.0829,7950
0.117,1451
-0.204,9509
0.0873,3040
-0.0445,6043
-0.346,9878
0.0652,2716
0.184,250
0.17,685
0.655,300
-0.176,9526
0.152,3100
0.263,247
0.00511,4819
0.177,1348
-0.154,9473
0.0307,3952
-0.244,9807
0.105,1767
-0.216,10179
-0.307,9752
-0.0874,7198
-0.0161,5274
-0.428,8559
0.00999,4506
-0.203,10071
-0.0557,6979
0.108,2687
-0.474,9594
-0.0331,6306
0.0684,2728
-0.219,10210
-0.15,7965
0.00429,5071
-0.234,9528
0.185,413
-0.189,8398
-0.0991,8709
-0.098,7510
0.118,2080
0.013,4772
-0.0603,6771
0.025,3968
0.0391,3099
-0.0341,6453
0.15,1147
-0.275,7935
-0.175,9582
0.00745,4661
0.0369,3395
-0.28,10364
-0.477,8026
-0.404,9190
0.188,2319
0.0627,2924
-0.119,7690
-0.0177,5564
0.0491,3302
0.0622,3538
-0.158,8147
0.0551,2933
0.0599,3213
-0.083,7431
-0.00773,5390
0.0223,4503
0.0326,4294
0.287,991
0.116,903
0.17,1553
-0.0361,6083
-0.144,8216
-0.144,7908
0.0747,2899
0.0487,3051
0.204,1016
0.322,1695
-0.132,10045
-0.0907,6444
-0.094,8416
0.00387,4889
-0.000159,5211
0.176,3043
-0.126,6604
-0.0231,6159
0.0444,3613
0.116,823
0.207,1304
0.25,932
0.197,2248
-0.262,9086
-0.0174,5744
-0.00881,5313
-0.0503,6235
0.0675,3577
-0.142,8698
-0.157,7048
0.146,1063
-0.091,7690
-0.243,9606
0.0897,2375
0.494,96
0.231,1371
-0.108,8544
0.0768,2421
-0.157,9284
-0.102,8662
-0.0732,8204
-0.0294,6048
0.221,949
-0.0665,7291
-0.198,10137
0.0371,3775
0.0045,4818
0.119,2806
-0.0263,6442
0.0651,1002
-0.0729,6748
0.0497,3768
0.0471,4203
0.0353,3942
-0.0235,5999
-0.0674,7041
-0.209,9134
-0.0103,5472
0.0329,3890
-0.0308,7575
0.121,1589
0.105,2368
-0.067,8020
0.16,929
-0.0402,5982
-0.167,9004
0.0568,3032
0.0081,5049
-0.181,9284
0.115,1941
0.178,1816
0.0239,4491
-0.125,9760
-0.155,9000
0.103,2911
0.0101,4660
-0.202,8086
-0.00331,5333
-0.231,9481
-0.0325,6429
-0.0208,5940
-0.0937,6890
0.0622,3950
0.105,3502
-0.0876,7296
-0.206,9081
-0.0891,6713
-0.0894,8775
-0.229,8018
0.215,1462
-0.0505,8229
0.0619,2850
-0.165,10222
-0.114,8777
-0.00673,5472
-0.169,8943
0.0772,2587
0.132,1078
-0.114,7863
0.219,1505
-0.0189,5205
-0.14,8247
0.173,266
0.0574,2901
0.216,1089
-0.2,8818
0.0613,4091
-0.142,8524
-0.0453,6985
-0.304,9225
0.0351,4592
0.235,2766
0.0926,3595
-0.317,9475
-0.248,10025
0.059,3549
0.00541,4733
-0.134,6931
-0.0893,7961
-0.0915,8878
0.12,1742
-0.0516,5548
-0.249,9749
-0.0125,5332
-0.00383,4947
-0.0872,8015
-0.0928,9277
-0.164,8253
0.0111,4626
0.0562,3670
0.254,1609
0.0141,4508
-0.00631,5659
0.107,1115
-0.035,5780
-0.0888,6840
-0.0716,5076
0.17,703
-0.0339,7517
-0.106,6573
-0.229,9328
-0.355,9752
0.0327,3832
-0.153,10100
0.148,1515
-0.119,9525
-0.0953,7382
0.0926,2826
0.189,1528
-0.0301,7129
0.0368,3512
-0.0252,5507
-0.104,7682
-0.0107,5666
0.22,1449
0.0297,3913
0.059,2965
0.0402,3746
0.0734,3317
0.133,2343
-0.227,9445
0.095,1525
0.0277,3996
0.14,1520
0.101,3157
-0.205,7466
0.075,3617
-0.0358,7282
-0.0296,6577
-0.135,9186
-0.148,8584
0.0569,3344
-0.0247,5557
0.146,790
-0.167,9570
0.042,3817
0.000693,4864
-0.145,9269
0.0846,2719
-0.0777,8276
0.0702,2177
0.0574,4236
-0.393,10277
-0.173,7736
-0.103,7952
-0.0751,7987
0.0539,1597
0.194,981
0.117,2279
0.0691,3099
-0.253,9898
0.0528,2551
0.0492,3715
0.0644,2793
-0.0568,6120
-0.0966,9264
0.339,196
-0.0584,7618
-0.0847,8144
0.225,720
0.128,1062
-0.099,7792
0.643,1157
-0.00882,5679
-0.106,8963
-0.161,8956
0.0991,3004
0.285,1751
0.128,3553
-0.27,10224
0.17,450
-0.155,9212
0.129,1578
0.103,3766
0.322,2235
0.0908,3172
0.0391,3711
-0.0775,7682
-0.206,9378
-0.0108,5051
-0.0559,7178
-0.00718,5457
-0.473,10311
-0.1,7852
0.102,3085
-0.187,7665
-0.225,8441
-0.0325,5953
-0.188,9329
-0.0476,6750
-0.176,9292
-0.0369,6466
0.0329,4009
-0.103,10243
-0.0302,6478
0.0497,3729
-0.133,7736
-0.13,8653
-0.128,6787
-0.00571,5316
-0.115,7957
-0.0347,6518
-0.113,7336
0.333,1001
0.0313,4187
0.0229,4438
0.234,1682
-0.281,9221
-0.0283,5996
0.0102,4854
0.254,619
-0.0896,7924
0.0805,3114
0.0251,4218
0.0945,2820
0.695,54
0.058,3850
0.0257,4095
-0.0136,5490
0.171,2116
-0.178,8086
-0.162,7370
-0.135,9871
-0.0932,8621
-0.0788,7257
-0.059,6831
-0.0957,7931
-0.511,9174
-0.0343,6537
-0.0105,5353
-0.0231,5767
-0.464,10416
0.16,256
0.043,3554
-0.0147,5782
0.118,2381
-0.0379,6186
0.0559,3132
0.104,1312
-0.0442,6390
-0.189,9281
-0.179,9826
0.046,3208
0.137,2268
0.276,656
-0.0625,6705
-0.181,8219
-0.00783,5481
-0.0932,8773
-0.0849,7804
-0.185,8900
0.154,1840
0.0708,3597
0.0878,2384
-0.135,9242
-0.0226,6142
-0.0538,6336
-0.0665,6502
-0.172,8922
-0.00992,5612
-0.0614,8364
-0.0483,6657
-0.0394,5973
0.205,527
0.0792,2789
0.019,4254
0.141,1012
-0.0117,5587
-0.102,6584
-0.201,8287
0.189,1965
0.0409,3183
0.016,4215
-0.168,8586
0.0338,3737
-0.331,9085
-0.0184,5297
-0.0135,5222
-0.0489,8080
-0.031,6628
0.00819,4904
-0.0579,8822
-0.0424,6377
-0.0966,8225
-0.106,7519
0.275,414
-0.237,9556
0.569,8
-0.293,9771
-0.144,9677
-0.07,7643
-0.0878,7576
-0.0115,5531
0.0303,4247
0.12,2259
-0.00332,5223
0.0293,3993
-0.0182,5564
-0.131,6508
-0.45,7527
0.261,2353
-0.112,9700
0.251,741
-0.0686,6973
0.108,2825
0.188,2486
0.388,1120
0.0112,4621
-0.0232,6350
-0.264,9233
0.29,479
-0.0588,5072
-0.241,8675
-0.202,10218
-0.666,9677
0.0873,2806
0.208,378
-0.0711,7797
0.0206,4432
0.0148,4551
0.199,503
-0.228,10114
0.138,2838
-0.175,9460
0.0417,4301
0.295,566
0.464,42
0.192,1249
-0.17,9878
0.157,1958
-0.0562,6893
-0.0692,7868
-0.0273,7506
0.761,489
-0.0884,7751
0.0347,4054
0.0505,2658
-0.12,7846
-0.0359,7039
0.0742,3105
0.231,2361
0.194,1133
0.048,3829
-0.0839,6781
0.0739,3588
-0.0345,5288
0.0955,2873
-0.0547,5902
-0.326,9645
0.0386,4340
-0.111,9500
0.0302,3878
-0.0918,8367
0.0614,3463
0.178,1413
-0.0766,7674
-0.0225,6836
0.101,2679
0.226,331
-0.0951,5994
-0.0671,7467
0.142,1234
-0.0204,5657
-0.0583,6469
0.197,1276
0.177,2149
1.05,563
-0.0607,8459
0.185,1223
-0.0723,8041
-0.0557,5452
0.177,1743
0.136,1550
0.0464,2934
-0.155,10079
-0.282,9486
-0.282,10154
0.0408,3828
-0.25,8659
-0.0227,6054
-0.0779,7946
0.376,725
0.00153,4930
0.0425,4282
-0.124,8182
-0.0578,6738
-0.0982,9175
0.133,1781
0.00962,4885
-0.247,9481
0.0425,3371
0.087,2626
-0.122,8717
0.0976,1489
-0.124,8531
0.0333,4234
-0.147,7933
-0.0175,5664
0.0831,1726
0.0875,2578
0.00672,4665
0.0599,3889
-0.0522,7158
0.194,703
0.19,1708
0.555,134
-0.000425,5076
-0.0646,7044
-0.354,10161
0.0105,4469
0.179,1723
-0.236,10263
-0.287,9882
-0.214,7421
0.662,227
0.0222,3644
0.101,1242
0.0895,3393
-0.0347,6645
-0.512,9203
0.635,504
0.0539,2603
-0.0633,7492
0.169,936
0.114,2749
0.454,833
0.484,225
0.0148,4486
-0.00983,5460
0.117,3084
-0.0282,5863
-0.178,8037
-0.0414,5438
-0.0218,5641
0.137,968
-0.14,8338
0.0354,4129
0.0779,3614
0.261,1209
0.017,4249
-0.0464,6651
-0.133,6487
0.143,1970
-0.108,6652
-0.0497,6857
0.00637,4682
-0.0186,6045
0.158,2159
-0.039,5992
-0.21,8854
0.105,2668
-0.215,9285
-0.0466,7480
0.444,650
-0.05,6694
0.0997,2097
0.0832,2449
0.184,920
-0.00712,5601
-0.184,9849
0.102,1649
-0.137,8103
0.14,1519
-0.115,9669
-0.109,7543
-0.00939,6454
0.201,304
0.00911,4653
-0.163,8590
0.00548,4980
0.154,533
0.108,1438
0.213,761
-0.0282,6196
-0.0406,5873
-0.0493,6357
-0.0424,6807
-0.115,8800
-0.0321,5497
0.0805,2843
0.277,1322
-0.173,7832
0.0495,2250
-0.085,9742
-0.0149,4154
-0.0898,6333
-0.704,9691
-0.165,7581
0.0678,3022
0.14,303
0.0355,4262
-0.177,9805
-0.153,8373
-0.195,9025
-0.0037,5378
0.0537,2829
0.337,874
-0.0728,8396
0.131,2186
-0.0319,5264
0.165,904
0.114,2436
0.0283,4376
-0.0106,5597
-0.0169,5230
0.243,1828
-0.176,9868
-0.0393,7011
0.109,1375
0.149,2374
0.176,2454
-0.0229,5889
-0.0903,8252
0.102,1387
-0.73,10136
0.0197,4556
0.0288,3723
0.00222,5237
-0.0482,6188
0.0105,4580
0.0743,2937
-0.143,8301
-0.203,9256
-0.029,6572
0.119,2392
-0.434,10035
0.0351,3967
0.135,2534
-0.0542,6583
0.161,1753
-0.0191,6003
0.253,126
-0.0993,7405
0.0593,2910
0.00244,4934
0.142,2053
0.0285,4246
-0.0323,5804
0.107,1741
0.0332,4268
-0.105,8402
-0.225,10445
0.0991,2178
-0.258,10031
-0.218,9456
-0.0417,5990
0.101,2019
-0.117,9221
0.00706,4682
0.0602,3354
-0.107,8113
0.161,1863
0.00416,4788
0.0788,2956
-0.154,10314
-0.248,8660
-0.108,8041
-0.0128,5167
-0.14,7703
0.0702,2926
0.199,1050
-0.267,9789
-0.0935,7324
0.145,2183
0.164,567
-0.0302,6270
0.168,2282
-0.569,9403
-0.289,10390
0.154,2810
-0.102,6241
0.188,863
-0.0114,5741
0.104,1521
0.033,3950
0.0801,2655
0.0369,3632
-0.0146,5356
0.0951,559
-0.243,9793
-0.153,9731
-0.00999,5508
-0.076,7158
-0.0547,7951
-0.0717,6870
-0.0176,5558
0.0809,2901
0.0419,3803
-0.000494,4949
-0.00547,5162
-0.184,10137
0.0421,3692
-0.252,10280
0.0169,4649
-0.15,9117
0.078,2104
-0.235,9240
-0.242,6211
0.0753,2791
0.489,1001
0.112,2364
-0.0616,8607
0.0205,4379
-0.264,6338
-0.0294,5237
-0.0383,6794
-0.174,9099
-0.0567,7246
0.0506,2569
0.122,2074
0.0854,2000
0.0129,4698
-0.237,8306
0.00868,4597
0.0867,2748
0.0247,4424
0.0268,4223
0.000917,4982
0.199,1453
-0.00017,5078
0.043,3916
-0.0654,8009
0.455,837
-0.286,10426
-0.145,8878
0.0312,3522
0.0639,2803
-0.05,6804
-0.209,10388
0.021,4497
0.401,32
0.00307,4953
0.0627,2537
-0.0223,5586
0.193,570
-0.186,9957
-0.171,9503
-0.049,6595
0.311,150
-0.339,10349
-0.149,9468
-0.222,9662
0.32,753
-0.0648,7646
0.302,165
0.0492,3538
-0.00679,5320
-0.372,8952
0.557,177
-0.16,9267
-0.0568,6165
0.198,1062
0.151,1021
0.33,414
0.184,1210
0.1,1175
-0.0736,7453
-0.101,7691
0.392,613
0.119,2713
0.0966,1785
0.124,931
0.159,1864
-0.084,6874
-0.11,5755
-0.0222,5605
-0.247,10002
0.104,2235
-0.376,6014
-0.283,8398
-0.3,6041
0.052,3768
-0.389,7433
-0.0301,5551
0.00814,4812
-0.193,8234
-0.341,10425
-0.0811,8684
0.165,667
-0.00969,5229
0.035,4063
-0.171,9248
-0.0508,5717
0.11,1970
0.0999,781
-0.0247,5725
0.167,1576
-0.115,6778
-0.0584,6011
-0.0921,8204
-0.132,9182
0.2,1091
-0.133,8866
0.103,2467
-0.0203,5524
0.0716,2446
0.0207,4473
0.0219,4300
0.113,1832
-0.149,9138
-0.0906,6854
0.208,726
0.223,524
0.171,1592
0.0989,2234
-0.0435,6521
-0.137,8429
0.0691,3159
0.0511,2679
-0.579,7745
0.326,907
0.466,110
-0.146,8383
-0.149,10019
-0.0704,7044
0.117,760
0.0765,3126
0.000246,4841
0.0194,4792
0.0396,3709
0.0279,2672
-0.0184,5586
0.649,1538
-0.118,8998
-0.106,8248
0.076,2299
-0.0278,6367
0.00312,5085
-0.128,10142
-0.146,10322
-0.144,7970
-0.0609,6860
-0.0411,7581
-0.0413,6543
-0.526,9873
0.00149,5149
-0.381,9599
0.57,183
0.242,485
-0.125,8155
-0.0736,6149
0.0314,4340
-0.0798,7115
-0.131,7358
-0.212,10382
0.189,3454
-0.202,5501
0.0918,2918
-0.183,9097
0.0565,3801
0.0496,1838
-0.111,9053
0.0626,1741
-0.139,8806
0.0373,4002
0.164,2279
-0.198,9065
-0.0839,6699
0.1,2077
-0.422,7791
-0.0911,6458
0.0408,3926
0.232,945
0.272,234
-0.216,9474
0.0862,2313
0.0265,4274
0.178,1975
-0.0992,7667
0.147,362
-0.0774,7179
-0.0677,6634
-0.162,9475
0.0105,4850
-0.162,7577
0.00284,5124
0.0743,2461
-0.0172,5400
0.0516,3444
0.229,1549
0.234,889
-0.131,10111
0.198,383
-0.0804,7241
0.0424,3852
-0.128,7739
-0.102,6768
-0.0174,5862
0.0329,4244
-0.172,9516
-0.0177,5545
-0.559,10296
-0.0568,6401
0.254,280
0.0344,3525
-0.0227,5903
0.0596,3628
-0.0765,6485
-0.0816,7196
0.164,700
-0.214,9824
-0.0633,7167
0.0123,4687
-0.621,10426
0.00649,4770
0.26,146
0.0181,4591
0.288,449
0.0628,3410
-0.077,8649
0.317,115
0.00729,4754
0.105,379
0.0491,3773
0.0986,2421
-0.0972,7494
0.0835,3280
0.126,2143
0.0267,4300
0.00251,5099
0.192,1851
-0.187,8639
0.191,2509
0.148,2976
0.384,207
0.331,1297
-0.628,9908
-0.199,8660
0.0242,4565
-0.0789,6487
0.0798,3011
-0.0987,7450
-0.547,10361
-0.00118,5172
-0.0145,5773
-0.0125,5453
0.0245,4490
0.118,1263
0.132,1571
0.123,2201
-0.00119,5249
0.0549,2227
0.0571,3322
-0.154,9717
-0.252,6993
-0.323,10169
0.0753,1957
-0.0621,7044
0.337,458
0.158,2909
-0.0787,8614
0.246,410
0.146,758
-0.0891,6531
0.0209,3655
-0.104,7778
-0.215,7818
-0.185,7828
0.00505,4774
-0.176,9243
-0.00467,4943
-0.239,10248
0.0743,2274
-0.0434,6771
-0.172,9985
-0.0368,6742
0.241,100
0.146,1118
-0.137,8349
-0.0526,5814
0.249,2668
-0.00442,5371
0.231,888
-0.0748,8408
-0.272,9829
-0.0343,5661
-0.0301,5706
0.103,1718
0.132,2789
-0.132,9806
-0.148,8531
-0.0203,5442
-0.0439,7108
-0.151,10024
0.0141,4562
0.228,1467
-0.261,9305
-0.203,9143
-0.0829,9136
-0.237,10154
-0.443,6855
-0.498,7111
-0.499,7853
0.137,2257
0.0737,3861
0.304,1578
-0.0952,7212
0.0668,2674
-0.0769,6716
-0.337,10182
0.00119,4905
0.0161,4617
-0.186,8498
0.0473,4246
0.171,2323
-0.967,9567
-0.574,8517
-0.113,6226
-0.0619,6256
-0.0443,6812
-0.516,10213
-0.0374,5626
-0.0253,6577
0.00741,4609
0.113,3085
0.0755,2762
0.0254,4231
-0.43,9427
0.0311,3083
-0.154,9660
-0.071,7258
-0.247,9016
0.127,2413
0.063,3664
0.144,1613
0.039,3834
0.567,393
-0.153,6730
0.239,2493
0.185,1123
-0.0383,6315
-0.00563,5440
0.132,2466
-0.0108,5316
0.122,1874
-0.136,8681
0.0114,4624
0.128,851
-0.307,5004
0.0803,3094
-0.147,7970
-0.127,7674
0.17,801
0.196,161
0.201,199
0.0445,3456
0.137,3375
0.106,443
-0.111,8383
0.0216,4120
0.0893,1744
-0.182,7326
-0.00135,4856
-0.172,9470
0.166,1914
0.187,805
0.0126,4391
0.0938,2951
-0.217,10034
-0.0419,6062
-0.0145,5947
-0.0831,8629
-0.289,10380
0.31,706
0.212,978
-0.14,5870
-0.00383,4861
-0.0629,7122
0.01,4913
0.111,2871
0.0291,4311
-0.171,7506
0.0054,5041
0.56,8
-0.144,9275
0.046,4183
-0.173,8161
-0.0894,5753
0.0411,3814
0.00689,4731
-0.174,9023
-0.0242,5679
-0.00427,5323
-0.345,9697
0.0128,4424
-0.159,9293
-0.0416,5958
0.0615,3587
-0.0936,6871
0.348,306
0.403,213
0.00762,4672
0.069,3080
0.035,3104
-0.213,7155
-0.192,9802
-0.0121,5572
-0.0351,6522
0.115,2283
0.106,2315
0.357,1938
0.0237,4273
-0.04,6260
0.00312,4814
-0.0647,7647
0.405,486
-0.0372,4973
-0.043,7022
0.0987,3257
0.00956,4642
-0.21,8142
-0.567,8777
0.0713,4224
-0.0274,6173
-0.524,9725
-0.0403,5626
0.274,455
0.119,3080
0.127,1633
0.159,524
-0.0763,7822
0.45,473
0.0988,2935
-0.432,10322
-0.142,9087
0.0214,4351
0.115,1031
0.0874,2391
0.203,931
-0.0861,8531
0.126,1871
0.186,757
-0.0251,5557
0.0186,4507
0.0545,3435
-0.35,7801
-0.168,7085
-0.12,8085
-0.0406,6031
-0.174,9686
0.145,1181
-0.0795,7035
-0.0569,6453
-0.117,8586
0.113,3019
-0.0973,7514
0.1,2025
-0.0902,6301
-0.089,7181
0.352,1164
0.0648,3365
0.51,819
0.0517,4330
-0.993,9530
0.185,781
-0.12,8610
-0.185,10011
0.21,505
0.115,2721
0.0708,3345
-0.166,8444
-0.0153,5435
-0.0221,6024
-0.373,9718
0.00202,4803
0.17,1259
0.0126,4664
0.0667,2528
-0.0252,5658
-0.148,9660
0.125,1763
0.0347,4434
-0.123,8416
-0.2,10358
-0.0234,6308
-2.48e-05,5131
-0.354,10102
0.116,2204
-0.1,7282
0.0438,2175
-0.0728,6536
-0.198,9389
-0.0943,7172
-0.083,6956
-0.142,8794
-0.0464,6147
-0.00725,5235
-0.2,8050
-0.235,9225
0.156,2408
-0.0478,6343
-0.125,9670
0.0269,3951
-0.0702,5945
-0.0818,6859
-0.0482,5722
-0.279,9266
0.618,571
-0.0623,7809
-0.0472,6461
0.159,1148
-0.658,9980
0.362,1944
0.0658,1822
0.089,1881
0.25,403
-0.11,8554
0.0756,2789
0.0737,3508
-0.0968,9104
-0.0127,5943
-0.0262,5780
0.109,2399
-0.432,7535
0.0247,4174
0.412,278
-0.076,7906
-0.103,8357
-0.215,9141
0.137,2594
-0.127,8472
-0.0428,7394
0.0517,3162
0.236,2636
-0.303,8693
-0.164,9363
-0.309,10420
0.00812,4838
-0.306,9495
-0.275,9565
-0.107,8605
-0.12,7139
-0.192,8931
0.252,691
0.0355,2925
-0.273,9022
0.0778,3059
-0.00203,5134
-0.282,9519
0.104,983
0.153,1903
0.021,4537
0.0422,3780
0.0899,2496
-0.0216,5689
0.129,1592
0.164,1832
0.0262,4097
0.321,232
-0.133,7503
-0.0486,7979
0.123,1781
0.0299,4053
-0.0549,6528
-0.164,8930
0.0359,4432
-0.00912,5507
0.102,1400
-0.108,9054
0.0893,2935
0.0274,4517
0.31,617
-0.0398,6554
-0.179,9942
-0.12,8776
-0.138,8021
-0.0807,7630
-0.096,9187
0.0758,2681
-0.106,8411
-0.0776,8138
-0.0885,6849
0.14,2358
-0.286,9325
0.359,184
0.048,3722
-0.0111,5378
-0.0907,6597
-0.173,8326
-0.312,10181
0.253,1423
0.137,885
0.0538,2735
0.292,596
0.287,933
-0.116,7384
-0.0318,5395
0.0382,3839
-0.0448,6879
-0.141,8549
-0.243,9301
-0.115,8920
0.0621,3586
0.0505,3049
-0.111,8858
0.215,717
-0.21,9597
-0.239,9087
-0.299,9275
0.268,1431
-0.0788,8063
0.295,1053
-0.147,7925
0.026,4469
-0.0772,7908
-0.112,8752
0.104,1126
-0.0214,5432
0.211,1894
0.141,1165
0.0844,3328
0.22,294
-0.0225,6478
-0.376,10416
0.0474,4231
-0.106,8196
0.0548,3458
-0.0569,6977
0.0245,3662
-0.0168,5653
0.108,1802
0.508,303
-0.0799,7976
-0.0786,8163
-0.0531,8406
-0.0819,7286
0.232,122
-0.0657,6906
0.323,2498
-0.159,10085
0.21,419
0.0205,4108
0.00961,4617
-0.153,7870
0.0431,3584
0.1,1719
-0.0313,5904
0.0411,4120
-0.0326,4850
0.192,1997
0.404,91
-0.0138,5694
0.0587,3619
0.0329,4396
-0.0307,5615
0.101,1915
-0.159,6497
-0.0728,7263
0.125,1030
-0.0971,7158
0.0931,2678
-0.0776,7663
0.162,1528
-0.113,9965
-0.084,7551
0.00526,4961
0.055,3140
0.303,989
0.111,3331
-0.0857,8375
0.052,2991
-0.263,8937
-0.083,7432
-0.327,10356
0.0548,4266
0.0609,3158
-0.0139,5814
0.29,784
0.359,746
0.188,1428
-0.0437,6638
-0.000881,4922
0.16,924
-0.124,8537
0.276,1113
0.0325,4179
-0.053,7101
-0.0991,8753
-0.0764,5919
-0.00711,5443
0.117,2537
-0.135,5735
0.0355,2645
0.147,1561
-0.0358,6600
-0.0334,5983
0.165,635
0.108,2728
0.146,1156
0.00418,4695
-0.0725,6571
0.308,897
-0.25,9605
-0.171,8786
-0.126,8205
-0.0361,6136
0.0442,4118
-0.107,8382
-0.102,7766
-0.0152,5462
0.0543,2674
-0.0884,9304
-0.0234,5439
0.209,752
0.0362,4136
-0.215,7923
0.0306,3765
0.0274,3681
0.282,655
-0.0936,8359
0.298,725
-0.0413,5327
-0.0193,6275
-0.0706,7338
-0.00629,5596
-0.0772,6629
-0.246,9947
0.0946,1681
-0.00403,5442
0.0613,3026
0.0233,4622
0.0741,1990
0.67,785
-0.181,9188
-0.0367,6308
0.0174,4359
0.0409,3911
-0.0747,7817
0.202,838
-0.115,7322
-0.0916,8699
-0.166,8928
-0.232,9411
0.073,3404
-0.16,7105
0.37,1698
0.0773,2500
-0.218,10032
-0.511,10010
0.151,2581
-0.147,8097
-0.157,8624
0.265,141
0.0885,2158
-0.136,8785
-0.0395,7080
-0.0389,7827
-0.0701,7299
0.0282,3786
-0.0522,7195
-0.846,9454
-0.561,7311
0.296,2748
-0.311,7102
-0.688,10084
-0.0107,5530
-0.338,8996
0.0991,2752
0.125,1657
0.295,232
0.0717,2770
0.041,3669
0.0975,2284
0.147,2217
0.00446,4923
-0.386,6583
0.0755,2665
0.0128,4275
-0.176,9724
0.1,2163
0.000556,4990
0.0183,4654
0.0692,2759
-0.0354,8201
-0.129,5708
-0.157,8560
-0.489,9840
-0.137,8298
-0.204,10115
-0.00204,5248
-0.0491,5751
0.153,717
-0.0087,5311
-0.149,9496
-0.0748,8866
0.0418,383
-0.0908,8354
-0.0627,7688
0.176,1405
0.101,1477
-0.056,7761
-0.102,7169
0.0663,3793
-0.0197,5476
0.223,140
0.322,163
-0.0689,7463
0.0556,3746
-0.387,8928
0.0356,4360
-0.132,7391
0.0278,4106
-0.0273,6379
-0.0131,5866
0.19,1688
0.311,507
-0.155,7366
-0.517,8900
0.0196,4287
0.125,404
-0.0407,5913
0.222,2120
-0.0748,7354
0.457,1202
0.185,1198
-0.204,10432
0.0956,2740
-0.388,10216
0.183,893
-0.24,9099
-0.0368,6307
-0.371,10458
-0.0217,6128
-0.108,7508
0.0675,3110
-0.00122,4919
-0.0674,7851
0.0865,2051
0.135,1723
0.12,2416
-0.158,7961
0.0546,4147
-0.0727,9219
-0.0352,6048
-0.0611,7610
-0.147,9273
0.0704,3276
0.0624,3878
-0.135,8854
-0.387,10142
-0.248,9958
-0.0158,5327
-0.0347,5418
-0.15,7731
0.0257,3947
0.0435,2086
0.369,1224
-0.0188,6336
-0.0825,6064
-0.0618,6300
-0.0339,5917
0.0092,4424
-0.107,9031
-0.111,7670
0.00342,4960
-0.0651,7789
0.158,1502
0.0381,2735
-0.187,9544
0.0641,3671
-0.15,8380
0.0345,4234
-0.0963,8882
0.0184,4823
-0.0921,6427
-0.0164,5383
0.093,968
-0.174,8906
0.0193,4559
0.0889,1459
0.0714,2784
0.0387,4026
-0.117,8202
-0.178,8396
0.0269,4192
0.0934,1119
-0.592,7738
-0.224,8274
0.128,1134
-0.0164,4858
0.0822,2514
-0.0928,7716
0.0531,4028
-0.109,8863
0.202,1756
-0.00368,5265
-0.13,8304
0.0172,4123
0.133,1970
-0.0739,8618
-0.196,8549
0.0311,4303
0.0644,2526
0.006,4868
0.00396,5059
0.1,1795
-0.0948,7381
-0.0736,7777
-0.00857,5033
-0.076,7634
0.0449,3418
0.237,463
0.154,1532
0.186,1759
-0.0586,6277
-0.149,8540
0.208,820
0.458,1030
-0.058,7178
0.234,1367
-0.0243,5749
-0.129,8589
-0.141,9251
-0.084,6508
5.87,12
-0.0248,5858
-0.00505,5374
0.0396,3770
0.955,945
-0.732,10409
-0.0345,5566
-0.286,4935
0.159,2625
-0.108,8410
-0.428,10308
0.337,407
-0.0275,6031
0.0333,3219
0.0756,2814
-0.109,6668
0.148,2486
-0.0898,7803
0.025,3325
-0.0314,6806
-0.0287,5884
-0.131,9831
-0.00787,5497
-0.32,10308
-0.124,8433
-0.0945,9186
0.256,2203
-0.107,8583
-0.0426,7165
-0.0713,6058
-0.0204,5516
0.00278,4940
0.157,2854
-0.259,10139
0.0171,4721
-0.0644,7210
-0.21,9855
-0.396,10447
-0.0826,6630
-0.0243,6003
0.218,389
0.347,1082
-0.0714,7846
0.0623,2995
0.289,900
0.0224,4415
0.17,2507
-0.0617,6370
0.104,1038
-0.0537,6930
-0.124,7124
0.383,352
-0.0501,6422
-0.12,8047
-0.0987,8567
-0.00721,5559
-0.0473,7367
0.023,4462
0.0895,3889
0.226,1076
0.0825,2778
0.0437,2587
0.284,170
-0.117,7238
-0.0707,6652
-0.109,8223
-0.0606,7642
-0.0537,6734
0.0664,3140
-0.0775,7164
-0.282,9945
0.00239,5253
0.128,996
-0.114,8814
0.0661,3838
-0.0398,6807
0.956,5
-0.0638,6676
0.00404,4900
0.154,1198
0.0939,2378
-0.0154,5784
0.14,1438
0.0434,2538
-0.269,10138
-0.0314,6289
-0.168,8993
0.0247,3952
0.0181,4478
0.0288,4142
-0.0251,6271
-0.006,5232
0.0168,4601
-0.0748,8117
0.101,2404
0.26,582
0.115,1930
0.0401,3647
0.334,206
-0.0546,6314
-0.194,9633
0.0688,3231
-0.334,10268
0.0744,3211
0.0387,4265
-0.0184,5383
0.0575,3582
0.296,2870
-0.0231,6373
-0.147,9912
0.0494,3349
-0.377,10217
-0.065,7240
-0.137,7368
-0.000985,5107
0.0857,1693
0.0465,3388
0.242,785
0.155,3189
0.111,2939
0.141,616
0.12,1299
0.0244,4304
-0.0962,8374
-0.0626,6251
0.111,2688
-0.301,10293
-0.0105,5751
-0.0558,6861
0.0919,2828
0.0748,3000
0.0432,3437
0.144,2388
0.15,1980
0.328,461
-0.0987,6696
-0.128,5605
0.655,349
-0.0862,8060
0.0169,4244
0.143,2094
0.0699,3600
-0.141,9657
-0.108,6624
-0.177,9386
-0.0272,6414
0.146,2095
0.0762,2623
-0.00439,5032
-0.108,6455
0.617,136
0.0245,4351
-0.171,8374
0.367,708
-0.117,8934
0.0482,3606
-0.0289,7143
-0.0418,6980
-0.212,9073
-0.0743,7526
-0.363,10405
0.113,1757
-0.0213,6465
-0.00224,5204
-0.338,10471
0.0825,3186
-0.0461,5807
0.0461,3791
0.151,961
0.0568,2504
-0.0106,5532
-0.182,9567
-0.144,10326
0.00608,4910
0.289,91
0.291,127
-0.239,8822
-0.197,7735
0.0495,3422
-0.0395,6051
-0.00142,5063
0.0547,2076
0.261,929
-0.0946,8470
-0.232,10027
-0.157,9574
-0.00286,5025
-0.119,8604
0.0803,1882
0.12,2227
0.0479,2269
0.0686,2536
-0.126,8821
0.0975,1775
-0.158,9773
-0.27,9882
-0.323,9737
-0.341,5976
0.000204,5032
-0.127,9545
-0.0627,7083
0.0294,4062
0.107,3004
0.00909,4800
-0.0403,6178
0.00221,5172
0.188,948
0.0655,3239
0.00336,4959
-0.0926,7268
0.0978,1131
0.0143,4701
-0.0802,7446
0.0208,4337
-0.167,8052
0.0577,2874
-0.116,9275
0.0797,3011
0.122,1357
0.23,1411
-0.112,8721
-0.0046,5306
-0.167,9247
-0.0977,8279
0.149,2097
0.108,2748
-0.284,10306
-0.447,8922
-0.0314,6634
0.0129,4611
-0.212,9290
0.571,1702
0.15,1274
-0.347,8589
0.0721,3002
-0.00307,5311
-0.0123,4973
0.358,345
0.262,1825
-0.231,9370
0.0581,2717
0.107,2274
-0.171,7999
0.121,3043
0.147,2351
0.0314,3856
-0.142,10134
-0.0793,9358
-0.078,6665
-0.0886,6583
-0.1,7711
0.412,70
-0.195,7405
0.00806,4535
-0.0251,5584
0.151,1383
0.179,2018
-0.033,6095
-0.326,9273
-0.1,9139
0.000511,4749
-0.131,7091
0.151,3543
-0.00934,5216
-0.0878,8159
-0.00224,5175
0.353,464
0.221,845
-0.0225,5352
0.286,1384
-0.035,6638
0.0711,2614
-0.276,10146
0.156,1578
-0.264,10036
0.202,465
-0.0716,8097
0.00667,4818
0.265,327
-0.0391,6166
-0.288,7768
0.00794,5043
-0.0143,5917
-0.142,9661
-0.128,7488
-0.0487,6789
0.00923,4725
0.00823,4818
-0.0971,8794
0.32,1630
0.0226,4169
0.0395,4277
0.122,2158
-0.0417,6276
-0.152,9034
0.038,3808
0.116,2893
-0.00888,5801
-0.105,7567
0.0255,3853
-0.105,8180
0.128,565
0.0774,3346
-0.00743,5481
0.0847,3152
-0.0452,6585
0.0902,2061
-0.0362,7157
0.0502,3766
0.279,523
-0.0851,7193
0.224,667
0.0405,3965
-0.0505,7062
0.0822,3853
0.0227,4578
0.0203,4547
0.032,4559
0.12,2071
-0.13,9932
-0.257,9913
-0.136,7288
-0.141,9472
-0.409,9883
-0.0372,6211
0.00355,5091
0.000734,4812
-0.186,6551
0.121,2665
0.157,2418
-0.0453,8549
-0.0488,6808
0.00967,4611
0.064,3260
-0.0318,5922
0.263,470
-0.000833,5074
0.0545,3293
-0.0741,7117
-0.169,9233
0.0295,4537
0.155,1560
-0.133,9495
-0.0429,6173
-0.174,7871
-0.157,5687
0.302,2596
0.855,1556
-0.106,8477
0.0809,1705
-0.0638,6888
-0.419,10396
0.0632,3166
0.0328,4004
-0.0605,7060
-0.145,6631
0.0249,4141
-0.103,7790
-0.0216,6259
-0.0122,5383
-0.144,8632
0.0304,3567
0.375,232
-0.133,8529
0.334,43
0.056,4044
-0.272,10431
-0.0655,6420
0.0987,4142
-0.0743,6627
0.109,2165
-0.462,10435
-0.0838,7689
0.0338,4386
0.0433,4103
-0.112,8334
0.253,839
-0.112,9027
-0.0197,6486
-0.0716,8213
-0.249,10202
-0.259,9773
0.0231,4364
0.124,502
-0.0436,6705
0.143,126
0.0325,4484
0.229,1473
-0.455,7781
-0.34,9118
0.303,32
-0.102,7741
0.188,1670
0.054,2959
0.176,2178
0.0624,3971
0.193,1098
-0.0259,5705
0.143,1701
-0.0739,6735
0.104,2596
-0.315,10110
-0.0261,6480
-0.000604,5252
-0.0306,6295
0.0987,1499
0.0129,4643
0.191,999
-0.153,9616
-0.0516,6084
0.185,821
-0.183,9633
0.194,1429
-0.178,9221
-0.0327,6506
-0.226,9834
-0.00347,4776
0.0654,3356
-0.358,10275
0.236,2378
0.125,1739
0.0535,2123
0.00844,4535
0.212,65
-0.0464,6246
-0.113,8786
-0.0711,7568
0.032,3850
-0.244,6929
-0.0392,5318
0.0624,3229
-0.633,9115
0.391,63
-0.0155,6528
0.0438,3605
-0.0198,5724
-0.17,8029
0.0927,1712
0.0978,2177
0.268,418
-0.15,8599
0.0154,4624
0.292,451
-0.056,7828
0.0317,3945
-0.00373,5348
0.118,2621
-0.134,8479
0.0338,3864
-0.101,8000
-0.403,10314
0.175,1375
-0.0192,5537
-0.28,8859
0.121,2803
-0.122,7909
-0.0378,7225
-0.0404,6356
-0.13,9152
0.167,2887
-0.0399,6214
-0.003,4901
0.0485,2999
0.0562,3199
0.12,2632
-0.103,7966
0.0775,1969
-0.424,9611
0.0665,2507
0.08,1137
-0.26,10019
-0.0184,5487
0.128,2559
-0.197,7513
0.0263,4292
0.194,1575
0.0104,4837
-0.0609,6496
1.02,1275
0.265,1514
-0.00981,5210
0.0486,3438
0.125,2394
-0.0101,5334
0.0488,3681
0.119,3058
-0.17,10132
-0.0725,9028
-0.057,6176
0.0366,3773
0.112,2058
0.183,2043
0.164,799
0.128,1441
-0.0312,6124
-0.0503,6530
-0.0612,7766
-0.0859,8457
-0.381,10457
0.0277,3891
-0.487,10468
0.125,2648
-0.00768,5400
0.149,2590
0.0603,2300
-0.063,6899
-0.175,8690
0.0483,3066
0.00968,4346
0.201,895
0.1,1674
0.192,367
-0.307,6992
0.0203,4532
-0.179,7287
0.0858,1396
0.058,2385
0.297,253
-0.195,10064
-0.096,7540
-0.229,9548
-0.124,8802
0.213,1329
-0.0229,5818
0.00379,4665
-0.231,8407
-0.143,8511
-0.136,7653
-0.175,9249
0.0695,3979
0.237,1598
-0.0484,5907
-0.00709,5048
0.382,828
0.405,1022
0.412,1589
0.153,2419
0.433,1141
-0.0149,5733
-0.0458,7812
0.0382,3424
0.165,1129
0.126,1741
-0.0115,5238
-0.0911,7559
0.209,345
-0.0556,6556
0.615,427
0.597,16
0.386,55
-0.000846,5218
-0.392,10361
-0.058,6077
-0.00147,5052
0.0905,1798
-0.301,10141
-0.127,9384
-0.0621,7279
-0.00776,6035
0.137,2220
0.213,1381
-0.323,10212
0.0145,4489
0.123,822
0.135,1237
-0.0902,7376
0.0661,2449
0.0698,3043
-0.226,9333
-0.0807,8682
0.342,33
1.03,1499
0.22,739
-0.0478,6150
-0.00696,5257
-0.0607,6806
0.00681,4877
0.0789,2841
-0.156,8361
0.0644,3952
-0.166,7073
0.0114,4563
-0.139,8656
-0.045,6825
-0.34,9989
-0.533,10427
0.105,3177
-0.185,8845
0.0549,3343
-0.0727,7382
-0.136,7991
-0.116,9270
0.0867,2878
0.141,1025
-0.137,7547
-0.146,8768
-0.218,9412
0.126,2198
-0.204,9585
0.104,2057
0.0309,3747
-0.0794,7163
0.165,2183
0.0962,2155
-0.123,8447
0.0313,3794
0.113,1634
-0.0142,5682
-0.187,8410
0.112,3082
-0.159,7938
-0.0592,7705
-0.0328,6574
0.0696,3284
-0.0612,6356
0.225,829
-0.283,9087
-0.125,8774
0.098,2199
-0.0477,6904
0.224,662
0.0444,3416
-0.0972,8225
0.167,1034
0.291,710
-0.0685,6211
-0.0133,5373
0.133,1700
0.0692,3737
-0.0702,7220
-0.0859,7279
-0.123,7317
0.0085,4920
0.256,1280
-0.177,7311
0.153,965
0.244,390
0.0969,2831
-0.186,9838
0.105,1807
0.0954,3152
0.00151,5023
0.178,241
-0.473,6665
-0.141,8314
-0.0398,5935
-0.00531,5083
0.00685,4843
0.0677,3273
-0.166,9110
-0.268,9217
-0.0503,7147
-0.0859,9400
-0.00947,5671
0.0399,3132
0.102,1725
-0.0128,5533
-0.179,8584
0.0808,3719
-0.101,8853
0.0881,2190
-0.0526,6777
-0.216,9578
-0.0359,5564
-0.0141,6173
0.0412,3504
0.0848,2333
0.572,794
0.0119,4275
-0.0837,9374
0.0129,4586
-0.0141,5484
-0.469,9551
-0.347,10404
-0.0209,6888
0.032,2779
0.0199,3938
-0.292,5594
0.136,605
-0.0339,6452
-0.204,8928
0.0378,3805
-0.0598,6232
0.25,1054
0.146,1641
-0.0926,7834
0.0501,3550
0.0991,3358
0.111,2250
-0.132,8981
-0.177,9427
0.0398,3075
0.107,1557
0.0856,3116
-0.415,9977
-0.0293,5641
-0.123,7898
0.193,1757
-0.0122,5894
0.0118,4522
-0.192,9251
0.535,837
-0.0348,5736
-0.139,9272
0.117,2604
-0.0742,8017
0.105,1826
-0.17,9081
-0.144,7722
0.146,1467
-0.064,7836
0.0523,3460
0.135,1959
0.034,3885
-0.416,9907
0.12,747
-0.112,8978
-0.0101,5323
0.086,2431
-0.208,7909
0.0083,4682
0.16,416
-0.0973,8150
0.0396,4035
0.17,1655
-0.15,9637
-0.00561,5039
-0.043,6158
-0.0327,7660
0.0137,4764
-0.0156,5862
-0.0967,6917
-0.00205,5229
0.000699,5139
-0.124,9839
-0.0128,5450
0.178,3108
-0.1,8917
0.474,130
0.00852,4939
-0.0587,7723
-0.0983,8001
-0.151,8603
0.0435,3867
0.0792,3263
0.273,1384
0.193,490
0.171,2014
-0.0212,6305
0.16,2406
-0.434,9406
0.0393,3629
0.0215,4467
-0.0309,6164
0.0828,2805
-0.0575,6645
-0.149,8866
-0.0141,5542
-0.136,10188
-0.0423,6587
0.0877,2757
0.00876,4677
-0.039,6281
-0.0107,5694
0.087,1709
-0.0178,5444
-0.232,8821
0.05,3748
0.0806,2055
-0.0624,7004
0.0588,3379
0.137,1698
0.881,38
0.157,2387
0.275,325
-0.102,7915
0.295,3000
-0.592,9247
-0.192,9162
0.651,835
-0.0511,7346
-0.171,8521
-0.315,9691
0.0521,3470
0.0318,3375
0.00958,5031
0.136,1322
0.495,679
-0.0542,6789
-0.0471,6075
-0.0829,8050
-0.0317,6861
-0.136,9611
-0.0771,5852
0.156,2483
-0.0404,7186
0.218,372
0.0348,3787
-0.137,8897
-0.0995,6279
-0.133,8078
-0.0853,7341
0.203,709
-0.0912,7793
0.0844,2446
0.174,1295
0.0346,4109
-0.0392,5628
0.464,40
0.0366,3811
-0.325,5740
0.0537,3513
-0.00847,5361
-0.123,6674
-0.028,6293
-0.157,9660
-0.0661,8420
0.00182,4721
0.0715,3041
0.0828,3118
0.331,740
-0.118,7314
0.12,854
0.111,2211
-0.281,8752
0.0525,3338
-0.0937,8949
-0.0242,6156
0.000878,4822
0.135,2313
0.24,2332
0.959,365
0.0292,4363
0.104,669
0.00371,4940
-0.142,5556
0.25,501
0.027,4211
0.233,112
-0.0386,6060
0.149,1028
0.0156,4665
-0.413,8480
-0.087,7957
-0.0254,6326
-0.0639,7127
-0.0794,7574
0.0848,3239
-0.268,8936
0.0515,2044
0.0188,4449
0.0297,4242
0.012,4542
0.0762,3754
0.0143,4713
-0.114,9523
-0.0254,6045
-0.155,9866
0.0159,4689
0.319,510
-0.492,10417
0.036,4104
0.351,60
-0.041,6254
0.225,272
-0.307,9886
0.107,2674
0.151,1069
0.0445,3654
0.0749,3528
0.0428,3567
0.0134,4589
0.413,65
-0.157,9788
-0.0106,5619
0.139,2715
-0.553,9033
-0.484,10044
0.348,1589
0.000737,5174
-0.0553,7313
0.0316,4355
0.317,232
0.0993,2338
0.0353,4119
0.148,515
-0.0148,5592
-0.117,8003
-0.047,6684
0.0154,4476
-0.0679,6985
-0.0259,5991
-0.239,10041
-0.152,8799
0.00768,4757
-0.0234,5563
-0.223,9691
0.0947,1403
-0.0675,9229
0.38,653
0.148,1516
-0.0169,5368
0.268,1301
-0.103,7940
0.0827,3578
-0.146,9171
0.122,1308
-0.0654,6198
0.000395,5218
-0.0233,6652
-0.0636,5510
-0.0879,8024
0.318,985
0.0788,2816
0.00758,4532
0.00322,4766
-0.0472,6651
0.241,427
-0.131,8950
-0.152,6834
0.00932,4806
-0.176,10220
-0.142,9815
-0.077,6841
-0.323,8046
0.691,102
-0.114,6989
0.137,943
0.077,3384
-0.0707,8315
-0.145,7725
-0.329,10218
0.083,2502
-0.0565,8171
0.239,594
0.2,1131
-0.2,10148
-0.126,8797
-0.0492,7509
-0.215,10353
-0.513,10378
-0.186,9533
-0.0546,6262
-0.0354,5603
-0.247,10085
0.234,908
0.21,2872
0.0954,3671
1.15,793
0.157,3200
0.264,1090
-0.0206,5630
-0.106,8172
0.156,1019
-0.256,8804
-0.0486,5261
0.0189,4523
0.0747,3900
-0.215,8732
-0.115,7229
-0.00745,5153
0.225,1870
-0.00867,5594
-0.0735,7848
0.222,596
3.36,172
0.106,2390
-0.253,10329
-0.117,7842
0.0866,2990
0.168,2656
-0.0728,6869
-0.397,8973
-0.0452,5858
0.204,300
0.115,780
-0.179,9510
0.139,1697
-0.392,9441
-0.165,9499
-0.0979,8582
0.0276,4119
-0.179,9546
-0.21,9061
0.0401,3770
-0.12,8846
0.0178,4279
-0.0646,7834
0.0349,4026
-0.0337,6032
0.0457,2512
-0.141,9002
0.00586,4774
-0.0192,5593
-0.103,7388
-0.0111,5615
0.213,954
0.132,1971
-0.000427,5260
0.0983,1468
-0.0966,8530
0.0256,4186
-0.0304,5013
-0.00508,4857
-0.0306,6511
0.057,2919
0.109,1899
0.0567,3786
0.0192,4270
-0.132,7010
-0.00862,5551
0.0357,2674
-0.113,6572
-0.217,9116
0.0614,3651
0.342,332
-0.172,9087
-0.0356,6756
0.00981,4860
-0.166,9075
0.221,1690
0.124,1456
-0.0529,8251
-0.0103,5274
0.0816,3691
0.0648,3274
0.751,102
-0.687,10280
0.000258,5194
0.0188,4129
0.304,802
-0.0219,4984
0.191,1778
-0.0364,6135
0.0206,3940
-0.0485,6484
-0.0632,7016
0.186,2703
-0.0715,7298
0.119,2226
-0.0524,7472
-0.315,9171
-0.215,9277
-0.0407,6779
-0.25,10159
-0.0584,8762
-0.0743,8033
0.0823,3037
0.0295,4211
0.127,2509
-0.0491,5849
-0.119,9917
0.13,2270
0.0747,3898
0.728,1168
-0.109,7297
-0.468,7710
-0.279,9419
0.0456,3970
-0.127,9252
0.042,3828
0.0487,3027
0.0531,2903
0.231,207
-0.0184,5842
0.369,318
0.0252,4135
-0.296,10465
-0.0213,5616
-0.194,9097
0.153,1668
-0.0252,5606
-0.0964,9927
-0.0769,8846
-0.0885,8398
-0.0941,7459
-0.206,9357
-0.101,8587
-0.0424,6379
-0.0015,5156
0.161,1456
-0.344,10030
-0.0459,6452
0.0149,4499
0.142,1068
-0.146,9371
-0.0308,5943
0.104,2260
0.299,753
-0.105,9113
0.106,2312
-0.239,9376
0.388,77
-0.0624,6605
-0.343,10181
0.326,810
-0.0052,5290
0.0247,3535
-0.0417,5896
-0.0224,6002
-0.149,8862
0.0551,3855
-0.0341,6390
-0.194,10390
-0.222,9872
-0.145,7762
-0.363,9306
-0.246,8071
0.0473,3278
0.0427,3334
-0.0437,7881
0.264,810
0.171,2239
-0.22,9091
0.0855,2950
0.0965,1397
-0.02,5881
-0.00056,4832
-0.035,6122
0.022,4111
0.149,1217
0.0737,2602
0.0243,4318
0.0719,2710
0.141,1436
-6.44e-05,5251
0.0219,3753
0.225,318
-0.0495,6365
-0.0581,6792
-0.0371,5889
0.195,444
-0.107,7483
-0.0105,5727
-0.161,9467
-0.0138,5773
0.636,129
0.0849,2981
0.14,2378
0.244,234
0.0115,4519
-0.0224,5287
-0.178,8085
-0.00887,5907
0.0905,3156
-0.335,10418
-0.0348,6258
0.0845,3277
0.111,1309
-0.511,10197
-0.587,10053
-0.0263,5673
-0.00343,4730
0.135,2538
0.0707,2837
0.106,2295
0.0629,2617
0.0425,3867
-0.144,8567
-0.271,9920
0.0219,4579
-0.0751,6998
0.206,713
-0.0328,6273
-0.158,9586
-0.0996,8168
0.182,816
-0.0118,5607
0.0102,4645
0.445,660
-0.17,8367
-0.153,9263
-0.147,8474
-0.0695,8725
0.0134,4460
-0.13,8826
-0.0229,5861
0.136,1407
0.163,1510
0.176,1882
0.0329,3990
-0.0504,7539
-0.0653,6979
-0.0841,7394
-0.0922,7642
-0.0731,6589
-0.083,7708
-0.0781,6514
0.0857,2349
-0.00306,4908
0.204,2822
0.151,592
0.0894,872
-0.0502,6609
-0.132,8814
-0.205,10272
0.404,1377
0.0755,1523
0.039,3461
0.0736,3425
-0.0276,5734
-0.154,7184
0.0507,3669
0.195,912
0.00938,4828
0.27,480
-0.0284,5749
-0.0652,7517
0.0473,4291
0.0208,4362
-0.0677,7324
-0.269,9935
0.14,2490
0.266,562
-0.167,7721
-0.00619,5479
-0.0818,8433
0.00524,4828
0.138,1343
0.132,1507
-0.199,7546
-0.0829,7994
-0.124,7741
-0.209,6613
-0.117,8944
0.252,408
-0.0586,7610
0.0408,3300
-0.0304,6774
-0.00153,4930
0.0742,2546
0.106,2472
-0.291,10338
-0.0929,8996
-0.0191,6043
-0.0203,5684
-0.248,10190
0.167,1657
0.163,1876
0.376,148
0.0106,4587
-0.105,7606
-0.195,8411
-0.105,7927
0.0162,4395
0.06,2520
0.152,1145
0.236,979
-0.0241,6018
-0.00253,5193
0.177,1564
0.00546,4829
-0.157,9858
-0.225,9556
-0.168,8785
-0.408,9560
-0.0447,6027
0.0989,2012
-0.0699,8823
-0.129,9499
0.245,591
-0.53,9792
-0.0823,7025
0.00529,4698
-0.0238,6396
0.0876,3552
0.169,654
0.0629,3175
0.06,3843
-0.0944,8384
-0.0306,6138
-0.0429,6095
-0.218,8706
-0.292,10329
-0.453,10370
-0.181,10052
-0.111,8820
0.309,75
-0.0106,5291
0.155,694
0.28,2185
-0.0026,5436
0.0185,3427
0.0215,4668
0.0752,2898
-0.0677,5357
-0.0135,5628
-0.0773,8865
-0.0825,8432
0.475,333
-0.355,10098
0.368,767
-0.027,5267
0.107,1832
-0.0928,7070
-0.0356,6350
0.0322,3832
-0.065,7488
0.158,2351
0.021,3655
0.1,2428
-0.126,8177
-0.0863,8183
0.999,1084
0.223,2322
-0.0276,5996
-0.157,9375
0.0229,4221
0.0313,4474
0.144,1644
0.0613,4160
0.0969,2507
-0.0394,6391
-0.231,9695
0.423,1892
-0.118,7796
0.038,4342
0.0223,3734
0.0135,4642
0.0082,5027
-0.129,7689
-0.0635,7530
0.0105,4528
-0.099,8706
0.16,2250
-0.235,9707
0.232,908
-0.149,9213
0.0795,3392
-0.118,9922
0.0702,3462
0.167,1032
0.073,3066
-0.0344,5305
-0.0245,5556
0.102,1265
-0.0648,7524
-0.11,7875
-0.0906,8079
0.275,1138
-0.0189,5467
0.173,391
-0.26,10237
0.154,2235
-0.162,8708
-0.131,10043
-0.344,10016
-0.0668,8052
-0.00873,5926
-0.00184,5201
-0.00187,5163
-0.0998,7959
-0.123,8452
0.206,1447
-0.0769,8583
0.0132,4691
0.0543,4077
0.0259,4516
-0.223,7990
0.342,1841
-0.0531,8519
0.00875,4434
-0.0324,5883
0.14,813
0.00854,4691
-0.191,9439
-0.131,9778
-0.0309,7531
-0.135,5749
-0.8,9869
-0.616,7927
0.337,899
0.0812,4040
0.12,872
0.124,2230
0.0933,2989
0.0213,4295
-0.123,10250
-0.00819,5279
0.296,97
-0.0683,6423
0.235,1128
0.0734,2882
-0.0965,7788
-0.157,10102
-0.153,9311
-0.273,9870
-0.0402,5979
-0.202,8831
-0.28,10390
0.607,325
-0.101,6953
-0.0713,7180
0.0707,3442
-0.399,9173
-0.116,8008
0.0366,3735
-0.136,9455
0.325,2516
0.22,2875
0.363,2023
0.242,1373
-0.0735,8094
-0.0954,7523
-0.434,7385
-0.109,5931
-0.87,9237
-0.638,8349
-0.00491,5306
0.985,1623
0.0212,4600
-0.0645,4930
0.023,4425
0.806,1772
-0.0417,6249
0.142,1091
-0.254,10113
-0.0544,6682
0.157,948
0.038,3780
-0.249,9650
0.0325,4178
0.0429,2734
0.143,3356
0.00575,4826
-0.0355,6024
-0.0233,6285
-0.23,9122
-0.0911,9009
-0.0369,6205
-0.147,8094
0.158,2027
-0.0784,8695
-0.19,9956
-0.221,10194
-0.103,8121
0.0254,3548
-0.0473,7168
0.346,661
-0.0028,5002
-0.0342,5068
-0.136,8553
0.144,2772
-0.051,8294
-0.255,6879
-0.36,8596
0.148,2783
0.107,2614
0.123,1710
0.177,1269
-0.00581,5148
-0.108,8398
0.0169,4383
-0.16,9403
-0.125,9920
0.0579,3131
0.049,3805
0.0956,2753
-0.194,9530
0.0792,3577
-0.0309,6973
-0.0287,6956
0.436,1157
-0.512,9520
-0.172,5436
-0.216,9504
0.131,2811
-0.171,9128
-0.042,6213
0.128,2000
0.0478,3299
0.152,512
0.00861,4797
-0.394,9789
-0.128,8579
-0.313,5872
0.0371,3934
-0.00733,5374
0.0472,3424
0.122,2519
0.0957,2074
-0.131,7331
0.162,2341
-0.128,9982
-0.158,8935
0.0534,3808
0.101,2651
-0.0664,6986
-0.0805,7852
-0.127,9645
0.192,530
-0.379,9815
0.396,378
-0.0443,6168
-0.381,9904
0.00525,4909
-0.305,10129
-0.164,6898
0.0966,2045
-0.341,9642
-0.0501,7390
-0.0439,5741
-0.181,9042
0.36,380
0.075,2525
-0.0249,5833
0.128,825
0.358,42
0.0521,2197
0.274,307
0.0522,3520
-0.248,9892
0.38,1486
0.25,203
0.072,2321
-0.0705,6985
0.023,4089
-0.82,10393
0.242,1507
-0.0315,6075
-0.0241,7085
-0.744,9930
-0.133,6828
-0.0742,5424
-0.0148,4884
0.666,143
0.384,1684
0.142,1977
0.0304,4292
0.154,753
0.0124,4420
0.0436,2294
-0.129,10026
-0.13,8961
-0.0499,6526
0.309,997
0.0188,4535
0.222,1990
0.109,1789
0.174,1047
0.0169,4407
-0.0465,6589
0.00317,5068
-0.0594,8422
-0.0294,6141
0.22,665
-0.0485,6010
-0.014,5447
0.0885,3145
-0.159,9814
-0.252,10088
0.0958,2913
-0.104,8875
-0.235,8225
-0.0219,5725
0.0874,3206
0.103,1179
-0.132,9343
-0.0762,7257
-0.0238,5283
-0.277,8150
-0.0078,5418
-0.0781,7266
-0.0265,6316
-0.0397,6334
-0.124,7968
-0.166,9757
-0.0384,6816
0.0924,1419
0.198,1963
0.127,2323
0.0646,3832
-0.00888,5219
0.0553,2934
0.0594,3502
0.0389,4215
0.331,108
-0.193,8563
0.0526,3780
-0.153,8825
-0.00349,5374
-0.212,8328
-0.135,8175
0.108,2745
-0.0929,7409
0.187,1073
-0.0442,7377
0.154,1662
-0.0631,5928
-0.259,8270
0.0831,2700
-0.0314,5730
-0.024,5726
-0.0421,7381
0.0393,4317
-0.0747,8411
0.0315,4321
-0.134,8885
0.209,795
-0.155,8231
-0.407,9683
-0.0758,6641
0.0624,2243
0.0116,4600
-0.806,10253
-0.234,9250
0.0979,3589
-0.101,8798
0.144,1360
-0.00251,5131
0.0328,3200
0.121,1799
0.294,989
-0.0215,5616
-0.0891,7995
-0.0148,5289
-0.19,9293
0.16,771
0.172,1856
-0.104,9228
0.0253,4244
0.0351,3508
-0.0059,5305
-0.0446,7251
0.422,321
-0.0188,5110
0.0629,3996
-0.103,8118
-0.031,6278
0.0879,2596
0.0435,3451
0.201,2057
-0.0047,5066
-0.0105,5882
0.0343,3955
0.139,2059
0.0855,1771
0.0733,2805
-0.167,10175
-0.0794,9304
-0.0555,7189
-0.193,9471
0.29,1405
0.212,2568
-0.0491,6938
-0.0136,5972
0.142,2335
0.135,1664
0.215,1128
0.248,2614
0.0514,3765
-0.131,8715
0.00364,5033
0.074,2965
-0.325,9583
0.115,1632
-0.121,8283
0.128,1693
0.205,1284
-0.174,9411
-0.104,6892
-0.303,8658
-0.147,9675
0.0687,1001
-0.157,9819
0.0649,3843
-0.0714,7545
-0.149,8450
0.0103,4572
0.135,784
-0.644,10415
-0.106,8656
-0.155,7163
-0.0762,6821
0.0583,3289
-0.109,10037
0.0766,2566
-0.0597,7405
-0.00514,5201
-0.0541,7604
-0.0263,6561
-0.0116,5690
-0.0823,6638
0.333,228
0.0536,3491
0.0824,2789
-0.246,6383
0.263,30
-0.25,10124
0.028,4092
0.344,294
0.119,1408
0.183,545
0.179,1773
-0.248,8635
-0.00227,4961
0.0708,2541
0.000873,4872
0.0162,4678
0.106,2450
0.0006,5185
0.0821,2602
-0.0216,5688
0.474,2566
-0.0292,7731
0.00347,4524
0.143,869
-0.0295,6106
-0.175,8503
-0.121,8674
0.0971,2401
-0.00385,5124
0.0778,2534
-0.229,9644
-0.0353,6186
-0.496,9997
-0.16,8662
0.0388,3701
0.741,586
0.122,1896
0.218,1876
-0.0126,5594
-0.0329,6519
-0.0801,7871
0.107,2006
-0.158,8878
0.308,689
-0.0966,8089
-0.204,8719
0.14,1962
-0.0829,8058
0.106,2625
0.0318,4110
0.0534,2730
-0.15,10128
-0.142,8457
0.121,2388
0.409,640
-0.14,7366
-0.365,9946
-0.0031,5220
-0.114,9234
-0.0876,7852
0.108,2439
0.881,292
0.0512,3858
-0.0237,6508
-0.0284,5918
-0.0119,5155
-0.00164,5064
0.3,2367
-0.118,8212
-0.0668,7878
-0.0593,8212
0.0128,4732
0.0238,4209
-0.506,9256
0.224,1459
0.0834,2826
0.23,1793
0.0102,4608
0.232,1247
-0.000347,5170
-0.0107,5002
-0.0017,5250
-0.077,8542
-0.0488,6488
-0.046,6293
0.00441,5216
-0.0215,5005
-0.114,8644
0.0531,3003
-0.0834,8673
0.0877,1521
-0.112,7774
-0.16,9322
-0.00458,5934
0.149,1980
0.0548,4066
0.234,1053
0.0213,4269
-0.0626,6670
0.0294,4368
-0.00145,5292
0.32,662
0.116,2537
-0.0524,5912
-0.0197,5495
0.0572,2240
0.0524,3777
-0.0617,5633
0.11,2239
-0.196,9083
-0.0643,7270
0.00364,4908
0.129,2046
0.0423,3656
-0.068,6907
0.0216,4719
-0.0121,5421
0.0866,1293
-0.00846,5882
0.167,2429
0.0557,3104
0.319,1492
-0.0818,7954
-0.13,9384
0.0299,4068
-0.0954,8565
-0.16,8274
-0.0827,8222
0.256,1259
-0.0785,9922
-0.0681,7519
0.0903,2910
0.00257,4938
-0.0759,7068
0.154,1342
0.00477,4811
0.0502,3085
-0.11,7352
0.131,2241
-0.017,5610
-0.0215,5728
0.0289,3556
-0.107,8837
-0.00481,4826
0.083,2262
-0.0711,5718
-0.179,9124
-0.0151,5496
-0.0045,5529
-0.0556,6294
-0.123,8146
0.119,2037
0.0404,3927
0.0484,3632
-0.0294,6043
-0.317,10104
0.118,3407
0.195,1390
-0.253,9852
-0.144,9848
-0.104,8406
0.206,2490
0.196,960
0.0452,3663
-0.002,5040
-0.0111,6378
0.0171,4303
0.055,3919
0.0801,2893
0.0579,3042
-0.0207,5642
-0.0748,8960
-0.0366,6442
-0.0292,5731
0.0417,3896
-0.287,10183
0.0811,2805
-0.0196,6360
-0.102,8603
-0.0858,7224
0.287,956
0.121,1491
-0.17,8094
-0.0198,5918
-0.00767,5474
0.0634,3781
-0.0143,5355
-0.553,8996
0.332,785
-0.086,8041
0.222,626
-0.24,9363
-0.0394,5818
0.0394,3635
0.0482,3966
-0.0828,8253
0.0689,2549
-0.132,7018
0.642,61
-0.0974,9346
0.195,2449
-0.114,7704
0.0682,2785
-0.177,6759
0.0964,2173
-0.0193,3717
-0.0952,6157
-0.0275,6600
-0.523,6758
-0.309,10227
0.00887,4628
0.093,1622
0.137,1478
-0.0772,7855
-0.00843,4979
-0.171,8312
0.76,1379
-0.216,8238
0.459,320
0.266,784
-0.0924,7177
0.364,428
-0.239,7671
0.221,871
-0.00588,5531
-0.126,7749
0.208,2154
0.356,2162
0.744,314
-0.18,9973
0.244,634
0.0312,3795
-0.151,7854
0.306,271
-0.281,8035
-0.0713,5443
-0.0646,8074
0.0616,3040
-0.0658,6460
-0.0625,8095
0.235,2972
-0.117,8540
-0.0249,6358
-0.113,8672
0.547,1623
-9.64e-05,5098
-0.0318,4927
-0.0999,6631
0.208,505
-0.0736,8812
-0.0909,7529
0.065,2785
0.273,2594
-0.00527,5379
-0.0683,7024
-0.127,9958
0.0785,3670
0.199,1195
0.0415,4190
-0.225,10163
0.0841,2619
-0.103,9262
-0.109,7452
-0.287,9983
-0.449,10223
-0.139,7709
-0.0126,5524
0.0647,1655
-0.169,9570
0.313,2552
-0.139,7903
0.017,4659
0.0647,2639
-0.00258,5380
-0.181,8426
-0.223,9493
0.0193,4547
-0.27,9733
-0.0413,5805
0.138,841
-0.151,7765
0.00912,4973
0.294,544
-0.129,7672
0.281,219
-0.014,5517
0.0897,2860
0.07,1500
-0.0227,5397
0.0685,3457
-0.166,10281
-0.449,10397
0.201,1711
0.149,2582
0.842,214
0.234,1286
0.0823,2410
-0.0942,7493
0.103,2417
-0.0967,6950
0.19,1087
-0.865,10240
0.0703,2811
0.0825,3267
0.076,3255
0.391,805
0.216,1533
-0.0141,5781
0.247,406
-0.168,10131
0.0402,3120
-0.106,8334
0.0335,4347
-0.0411,5882
0.0686,2030
-0.0214,5986
0.234,850
0.0404,3212
-0.296,9206
0.00797,4835
-0.0112,5747
0.0166,4373
0.00924,4941
-0.214,9688
-0.165,7625
0.155,1389
-0.0629,7722
-0.21,10024
-0.087,8414
-0.0614,6888
-0.403,10386
0.249,1927
0.131,1458
-0.0219,6127
-0.0629,5419
-0.197,7616
-0.0228,5908
0.251,275
-0.112,8575
0.233,1347
-0.283,10214
0.0122,4024
0.183,1057
-0.0632,8156
-0.0197,5889
-0.0404,7747
0.111,397
-0.0972,9035
-0.0715,8284
-0.163,10192
-0.102,7514
-0.0851,7512
0.0365,3759
-0.0484,6723
-0.0299,5996
0.0474,3766
-0.21,9939
0.0352,3142
-0.205,7299
-0.0508,6458
0.0084,4794
-0.0786,7064
-0.369,9314
-0.107,7443
-0.028,5641
0.0293,4053
-0.0982,8350
0.461,2310
0.0162,4343
-0.176,8415
0.0167,4690
0.111,1521
0.0666,4046
0.0923,2411
-0.07,7061
0.0381,4052
0.313,340
0.0349,3760
0.202,1128
-0.179,9194
-0.0077,5199
0.0481,2355
-0.0184,5740
0.0295,4456
-0.0726,5599
0.118,3598
0.307,103
-0.158,9499
0.223,745
-0.0421,6449
0.0767,3722
-0.22,7402
0.116,1605
0.0226,4179
0.000547,5325
-0.0455,5635
0.136,1290
0.0661,3619
-0.089,8832
-0.029,6695
-0.0622,6071
-0.0978,8377
0.213,883
0.0213,4530
0.00287,4908
-0.174,8238
0.77,87
-0.1,8724
-0.36,10231
0.00544,5001
0.121,944
0.193,1447
0.108,2603
-0.15,8264
-0.171,8032
0.122,3499
-0.0777,8704
-0.0662,8239
0.362,48
-0.0432,5652
-0.448,10395
0.361,1138
-0.0996,8768
0.0261,4417
-0.0151,5586
0.0796,3555
-0.149,9975
-0.25,10339
0.00903,5045
-0.0491,6417
0.0356,3969
0.0928,2745
-0.183,8076
0.0565,4028
0.0341,3770
-7.22e-05,5357
-0.0159,5699
-0.0782,6201
0.0633,3542
-0.628,9606
0.00567,5097
0.0369,3985
0.0539,3533
-0.0687,5838
0.0413,4049
0.516,303
0.00669,4653
-0.274,10421
-0.0845,7826
-0.132,8122
0.063,3017
-0.012,5723
-0.148,9672
0.0394,3462
-0.154,7802
0.166,1911
-0.144,7290
-0.0956,6142
-0.0454,7121
0.0834,1800
0.18,2017
-0.137,8976
-0.352,10142
0.0496,4004
-0.116,8740
-0.0766,8115
0.431,64
-0.0463,6102
-0.0905,7421
0.0578,2928
-0.205,9364
0.0128,4626
-0.0676,5948
-0.2,6559
-0.239,8894
0.00654,4596
-0.0789,7954
-0.0152,5550
0.00355,4830
-0.0165,5136
-0.136,9095
-0.0138,5823
0.215,763
0.377,663
0.251,914
-0.0848,6846
-0.0501,6986
-0.0292,6726
0.0342,3899
-0.287,9940
0.00917,4636
-0.0459,6708
-0.048,4994
0.08,1763
0.14,1411
-0.0295,6070
-0.131,9200
-0.125,8574
-0.0684,5622
-0.0287,5405
-0.00265,5136
0.00515,4629
-0.175,9869
0.171,2793
0.203,1426
0.127,974
-0.186,8847
-0.225,10308
-0.155,8295
-0.169,7664
0.402,2015
0.0608,2476
0.146,600
0.145,1940
0.146,2949
1.24,36
0.296,148
-0.147,10252
-0.0843,8700
0.385,18
-0.28,9718
-0.235,4185
-0.0182,5658
-0.103,8097
0.25,721
-0.147,9447
-0.414,10422
-0.147,9043
0.318,62
0.136,2278
-0.209,9732
0.489,187
0.00933,4533
0.0838,2248
-0.101,7876
-0.0389,6073
0.0207,4330
-0.167,8929
0.0759,3149
-0.37,9794
0.0549,3943
0.134,1106
0.552,933
0.225,881
-0.0613,7772
0.339,390
-0.0336,6142
0.0191,3832
0.0713,1777
-0.264,8724
0.182,1602
0.143,2284
-0.153,10086
-0.173,9320
0.258,754
-0.0557,6333
0.0584,4037
-0.353,7191
0.112,2867
0.00506,4941
-0.0718,6415
0.271,2198
0.425,54
-0.0539,6145
-0.0441,6994
0.0902,407
-0.179,8243
0.119,1913
0.647,764
0.0322,3885
-0.116,8729
-0.0262,5950
0.0495,3762
-0.257,9450
-0.027,5786
0.0366,3889
-0.0276,6529
-0.0863,8236
-0.11,6781
0.212,1435
0.0276,4156
0.00311,4685
-0.225,8957
0.096,1348
0.192,1395
-0.193,9380
-0.306,8097
-0.0824,7292
-0.0434,6964
0.0087,4941
0.0821,1814
0.0438,3191
-0.0387,6691
0.192,927
0.168,553
-0.0653,7027
-0.181,9334
-0.346,9377
-0.277,7922
0.209,588
0.102,2034
-0.31,10435
0.37,355
-0.0932,6838
0.232,91
0.347,961
-0.138,9520
0.00543,4892
0.19,1603
0.123,699
0.172,2304
-0.34,9541
-0.0346,6958
-0.105,9780
-0.0454,6543
-0.135,8227
0.0208,4610
0.0599,3623
0.0627,1734
0.214,105
-0.0787,7308
-0.174,8502
0.404,1657
0.0337,4236
-0.114,9358
-0.0892,9063
2.07,384
0.0937,3738
-0.118,8084
-0.6,10142
0.252,473
0.0931,1363
0.361,2524
-0.186,9937
-0.067,5916
-0.0363,6219
0.142,487
0.0476,3630
0.149,1902
-0.0385,7493
-0.527,10278
-0.00289,5066
-0.181,8870
-0.00874,5614
-0.161,8614
-0.245,9511
0.133,1634
-0.188,7480
0.0918,2440
-0.0851,8265
-0.106,7888
-0.0449,6288
-0.202,9466
0.165,2991
-0.0924,8347
0.055,3104
0.761,1212
-0.613,8488
-0.0308,6222
0.0603,3914
-0.0736,6328
0.0443,4295
0.574,372
0.228,277
0.00714,4639
-0.0698,6027
0.177,2146
-0.0889,5411
-0.145,6510
8.48e-05,5274
-0.0152,5825
-0.09,7042
-0.0339,6310
0.0386,3498
0.097,2484
-0.0942,9458
0.146,963
-0.367,10320
0.174,3096
0.115,3400
-0.124,8526
-0.203,10190
-0.0506,6834
0.0591,4117
-4.47e-05,4972
0.109,2559
-0.00868,4907
-0.0243,5592
0.108,2982
0.161,3017
0.203,1863
0.33,179
0.0352,4075
-0.0653,7948
-0.15,10043
-0.677,8149
0.078,3814
0.328,1019
0.0159,4269
0.0728,1580
-0.035,7189
-0.589,7792
-0.0151,4433
-0.0809,6099
0.276,914
0.217,1331
-0.277,5712
-0.248,7479
-0.533,7611
0.153,3637
-0.0357,3706
0.0474,3669
-0.145,7171
0.1,1320
-0.0882,9348
-0.599,8951
-0.422,9280
0.179,3353
0.405,2201
-0.0878,6520
-0.185,10139
0.479,206
-0.12,7853
0.025,4354
-0.0582,6937
0.0434,3615
-0.138,7884
0.0811,2741
-0.115,7575
0.0728,1202
-0.0843,9305
-0.0287,6285
0.0283,4349
0.053,3217
0.012,4500
-0.116,7630
0.0448,3256
0.194,85
-0.568,7294
-0.515,9887
-0.196,7661
-0.0218,5518
-0.261,10134
-0.0775,7069
-0.817,8210
-0.0464,5819
0.0159,4647
-0.232,9070
-0.0566,8329
0.143,2895
0.00126,3827
0.0536,4258
-0.0417,7902
-0.0248,8211
0.184,1668
0.058,3670
0.188,1684
-0.195,9950
-0.0283,6019
0.501,91
-0.304,10307
0.172,2292
-0.0614,6955
-0.234,9026
0.0194,4622
-0.0287,6844
0.469,457
-0.00611,5138
-0.122,6125
-0.078,8497
-0.112,9215
-0.0515,6298
0.22,573
-0.0875,7995
0.262,1618
-0.153,8207
0.0605,3764
-0.0705,8376
-0.142,7618
-0.34,9902
-0.00438,5304
-0.0747,7719
0.0134,4340
-0.0403,6714
0.172,3106
0.446,812
-0.0741,7802
0.169,2638
-0.11,9531
0.238,1511
-0.151,7519
0.00138,4938
0.0929,2981
0.0714,3282
0.0267,4133
-0.17,6258
-0.11,6963
-0.0854,6995
-0.108,7920
-0.0451,8012
0.161,305
-0.0643,6711
1.89,38
-0.0442,6240
0.206,1989
0.0767,1719
0.0771,2576
0.0573,2949
0.117,1474
0.836,261
-0.28,10217
-0.0226,5822
-0.215,9247
0.0858,1103
0.138,945
-0.0576,7390
0.142,2312
0.151,2259
-0.111,9077
-0.103,8947
-0.0139,5329
0.00735,4908
0.0361,4068
0.307,173
-0.0331,6833
0.0379,3669
-0.145,8355
0.0861,3006
0.574,22
-0.0493,6833
-0.331,10430
-0.0844,9240
-0.0439,6609
-0.0757,7359
0.031,3749
-0.296,10383
-0.0897,8833
-0.00317,5198
-0.19,9482
-0.0382,7285
-0.577,10072
-0.00756,5582
-0.112,8090
-0.141,9123
0.381,1146
-0.0956,6538
0.374,389
-0.00537,5365
0.0579,2902
-0.0891,7795
0.183,762
-0.212,9705
0.283,693
0.0328,3658
-0.00572,5370
-0.0368,5225
0.118,1430
-0.0657,6681
0.146,1145
-0.123,7948
0.0293,3709
-0.153,9382
0.00861,4479
0.0267,3897
-0.246,8950
-0.0808,7753
0.0904,1959
-0.0168,5240
0.171,2611
-0.213,7255
-0.00906,5566
-0.0565,5870
0.015,4622
0.138,2053
0.388,563
-0.109,6587
0.0795,2433
0.144,707
0.123,1325
0.066,3315
-0.0262,6094
0.04,3590
-0.111,8913
0.394,22
-0.0711,6944
-0.553,7031
-0.169,9794
-0.419,10467
-0.214,10323
0.03,4183
0.246,890
-0.00835,5076
-0.0238,6003
-0.148,8524
-0.0753,6913
0.121,379
-0.0197,6695
0.102,2563
-0.167,8920
0.266,460
-0.136,7285
0.0683,2889
0.0379,3829
0.00337,4743
0.173,2150
-0.0878,7941
0.237,767
0.00985,4551
0.125,1864
-0.227,9486
0.0553,3918
-0.506,9013
0.374,437
-0.0574,5876
-0.118,9735
0.0767,3508
-0.0867,4509
0.0496,3558
-0.12,8660
0.0679,1327
-0.0303,7286
0.243,1932
0.118,950
-0.034,6343
0.255,105
0.0829,2037
-0.211,10171
-0.0621,6772
0.475,762
-0.0531,7658
-0.209,8977
0.0471,3246
-0.0303,6962
0.0847,2969
-0.109,7834
-0.0687,6484
-0.0342,6665
0.264,1200
0.162,1069
0.126,2208
-0.123,8581
-0.176,6782
-0.0695,6104
0.129,1315
0.00374,4767
-0.0988,7758
0.205,1177
-0.279,9258
-0.00782,5300
-0.122,9288
-0.0896,8940
0.115,2879
-0.163,8889
0.0876,2674
0.0889,2277
-0.0232,6923
0.0484,3537
0.0821,2154
0.116,2252
0.112,2328
-0.0219,5338
0.0586,2893
0.00446,4863
-0.108,8196
0.123,1601
0.121,3462
0.214,2774
-0.0487,6729
-0.0382,6860
-0.0286,5936
-0.0845,7672
-0.0311,5736
0.233,382
-0.146,9264
-0.0323,7491
0.144,2692
-0.207,9519
0.24,1712
-0.152,9543
0.129,1378
-0.025,5886
-0.127,8181
-0.0295,6153
-0.277,9565
0.0656,4065
-0.00124,4946
0.189,617
0.0584,3743
-0.0176,5852
0.257,600
-0.115,8445
0.116,735
-0.00986,5622
0.042,4013
-0.0308,6363
0.0948,2464
0.106,2394
-0.0135,5777
-0.222,10180
0.319,20
0.0629,2832
-0.193,8600
-0.0455,6957
-0.154,9062
0.03,4211
0.14,1189
0.109,3557
0.0544,3639
0.0245,3613
0.0257,4045
-0.0616,7643
-0.0937,7402
0.913,376
0.0532,3579
-0.0158,6030
-0.0624,7674
-0.0179,5329
0.0581,2957
-0.017,6049
-0.326,9631
-0.0222,5678
0.105,2740
-0.231,10162
-0.301,9967
-0.32,9757
-0.16,6364
0.0795,1128
-0.0261,6258
-0.105,7763
0.0718,3316
0.411,453
0.00311,4993
0.0111,4601
-0.0622,7407
0.0126,4831
-0.214,9590
-0.278,9568
-0.516,9962
-0.143,8138
0.0726,3249
-0.0224,4794
0.357,53
0.0832,2982
0.503,873
-0.154,8021
0.28,673
-0.729,10422
-0.0639,7148
0.173,1945
-0.0156,5347
-0.00602,4988
0.242,1517
0.0495,3640
-0.00299,4917
0.191,1423
-0.191,8719
0.0818,3091
0.0671,3254
-0.0361,5514
0.0808,3124
0.394,469
0.0108,4696
0.0514,3085
0.153,454
0.0401,3412
0.0649,3281
-0.0171,5982
0.0216,4418
-0.0799,6157
-0.103,8767
0.41,1051
0.0154,4884
0.0689,3317
-0.0622,6493
0.0114,4467
-0.0433,7321
0.0341,4070
-0.124,8977
0.0892,3795
0.0779,3645
-0.0622,6648
0.101,949
-0.0371,6414
-0.308,9826
0.149,2565
-0.0661,6481
-0.0792,8194
0.135,239
-0.201,9762
-0.135,9216
0.127,2402
-0.0555,6756
-0.106,7869
-0.215,10210
0.221,2476
0.832,371
-0.148,6832
-0.0298,6353
-0.00397,5619
0.182,1977
0.191,2163
-0.155,7804
0.0729,4069
0.00848,4493
0.205,437
0.387,1192
0.0311,3972
0.0117,4732
-0.0871,7122
-0.0261,6277
-0.049,7374
-0.0993,7857
-0.0634,6683
0.0897,3357
-0.137,7388
0.138,1553
-0.108,8076
-0.626,8133
0.136,820
0.198,362
-0.104,7614
-0.016,6004
-0.121,10114
-0.00896,4958
0.0288,4339
0.188,3231
-0.129,9445
-0.321,10184
0.114,2405
-0.134,7838
-0.167,9718
-0.0273,5752
-0.227,9552
-0.212,10231
0.158,822
-0.639,8278
0.118,1336
0.0632,2752
0.127,3243
0.106,1398
0.0269,3525
-0.899,10013
-0.0748,7792
0.279,1314
-0.256,10247
0.0131,4500
0.205,841
0.00612,5054
-0.267,9849
0.0803,1507
-0.0842,9492
0.231,841
-0.0331,5129
-0.436,10000
0.0156,4547
-0.368,9665
0.525,44
-0.0239,5539
0.155,402
0.104,1458
0.357,135
0.117,1849
0.036,1947
0.00746,4774
0.207,2091
0.0753,3379
-0.708,8007
-0.237,9750
0.0239,4531
0.242,2208
-0.021,5638
-0.0699,6402
-0.28,9369
-0.536,10408
-0.151,9291
0.236,2496
0.15,1024
-0.176,8407
-0.0183,5429
0.142,3172
0.214,691
-0.0239,6062
-0.245,10383
-0.037,6094
0.0816,2210
-0.155,8709
0.0572,3467
0.114,2110
0.0723,2444
0.207,802
0.139,1829
0.0611,3797
0.638,2134
-0.153,8255
0.0325,4044
-0.0422,6246
0.0765,2940
-0.248,8976
0.149,819
0.00329,5059
-0.00248,5679
0.0668,3402
0.0133,4531
0.0623,3810
0.265,368
-0.155,9158
-0.0635,7448
0.084,1622
-0.034,6408
0.0309,4207
0.194,1038
-0.146,10202
-0.0645,6783
-0.0232,5888
-0.212,10133
0.0597,3474
-0.0493,6175
-0.022,7090
0.0192,4091
-0.15,9132
0.0536,2642
-0.00689,5372
-0.358,10364
0.0321,4188
0.0543,3391
0.0524,3941
-0.0483,6245
-0.193,10289
-0.00685,5197
0.304,145
-0.132,8297
-0.302,10316
0.0455,3943
-0.218,9938
-0.204,10169
-0.0795,5824
-1.02,10399
-0.138,7635
-0.0817,8054
-0.000509,5267
-0.0542,8471
0.547,993
-0.037,5672
0.0698,4187
-0.0646,6403
0.0684,2268
-0.214,10262
-0.0396,7232
-0.0348,6546
-0.0923,7550
-0.017,5261
-0.188,10222
0.0861,828
-0.157,8107
0.27,634
0.146,1471
-0.271,8824
0.021,4415
-0.315,10444
0.0422,3893
-0.0557,6065
-0.277,8721
0.00631,4786
0.0713,2685
0.258,560
-0.112,8887
-0.499,10453
-0.223,9859
0.0348,4005
0.0194,4655
0.0784,2572
0.277,624
-0.0687,6458
-0.224,10106
-0.0477,7148
0.0635,2741
0.0325,3819
0.214,873
-0.459,9900
-0.106,8670
0.121,2484
0.0578,3508
-0.0457,7197
-0.0344,7229
-0.0768,7691
0.12,2282
-0.13,9860
-0.5,10437
0.0985,1541
-0.355,10459
0.0798,2940
-0.161,9198
-0.133,9013
-0.193,7713
0.16,663
-0.108,6513
-0.0144,5394
0.204,839
-0.0118,5700
-0.0509,7459
0.116,2320
-0.105,8571
-0.181,9486
-0.0389,7868
-0.323,10218
0.0634,1598
0.0272,4350
0.136,1502
-0.182,9617
-0.0291,5712
-0.116,7487
0.135,1732
0.0107,4639
-0.246,10023
0.0263,3936
0.0792,2914
-0.015,5968
0.134,2255
0.097,2828
-0.0715,8074
0.0128,4717
0.0321,4240
-0.56,10459
0.19,467
0.162,1002
-0.317,9012
0.0262,4367
0.123,1417
-0.116,9085
0.178,1134
0.159,1406
-0.108,8519
-0.114,7219
-0.298,10035
0.073,2607
0.0204,3978
-0.0229,5290
0.151,2198
-0.0642,6794
0.0655,2829
-0.11,8676
-0.0544,6396
-0.105,8564
0.118,2281
-0.0423,5973
-0.317,10199
0.0389,3101
0.136,1340
-0.258,9763
-0.0348,6566
-0.252,9090
0.209,1730
0.0129,4772
-0.0616,7244
-0.448,9128
-0.343,10087
0.146,2377
0.177,573
-0.00934,5332
-0.0954,8159
0.139,2007
0.185,829
-0.163,9254
-0.341,10182
-0.0668,8509
0.00309,4950
-0.145,8686
0.0313,4508
-0.132,6903
-0.133,8884
0.152,721
-0.13,8839
0.162,986
0.104,2886
-0.0163,5658
-0.135,8595
0.263,492
-0.19,10351
-0.211,8172
-0.196,8784
0.0134,4421
0.585,261
0.153,592
-0.143,9684
-0.151,9110
0.113,2025
-0.00315,5275
0.0771,2769
0.075,2376
-0.0856,7783
0.0222,4322
0.203,1383
0.0404,4137
0.1,1176
0.202,2159
0.0136,4525
0.0633,3073
-0.00491,5306
-0.41,10223
-0.117,6636
-0.00956,4984
0.165,589
0.374,1737
-0.124,8095
-0.0168,5780
0.132,1494
0.0482,2285
0.0144,4304
-0.309,10114
0.0889,3500
0.109,2481
-0.207,9069
-0.0624,7707
-0.141,9986
0.0766,2744
-0.0433,6210
-0.144,6766
0.0216,4616
-0.00633,5245
0.0508,2779
-0.126,7865
-0.0388,6531
0.633,354
0.362,438
-0.0849,9162
-0.133,9195
0.0651,2590
-0.0108,5117
-0.0131,5991
0.0418,3662
-0.0786,7959
-0.0343,6135
-0.146,8999
-0.0798,5915
-0.18,8064
0.0824,2542
0.0643,1804
0.055,3823
-0.00829,5899
-0.0128,5106
-0.164,9417
-0.109,8899
0.154,1624
0.0792,2199
-0.542,10104
0.426,382
0.105,2520
0.0317,4244
0.0952,2615
-0.149,8267
-0.189,8396
-0.0264,6926
-0.178,9683
0.538,274
0.0117,4427
0.0223,3528
-0.0955,7519
0.139,2820
0.0648,3024
0.0609,3294
0.0758,2421
0.0365,3639
-0.0903,8024
0.253,886
0.0781,3930
-0.00164,4976
-0.0541,6354
-0.00731,5123
-0.0994,8560
0.264,447
-0.0112,5480
0.0938,2727
-0.0509,7936
0.00056,5211
0.16,2733
-0.035,6013
-0.0324,5881
0.144,1160
0.0269,3784
0.0643,2959
-0.0852,7595
0.192,1519
0.302,1927
0.222,2278
-0.224,10119
0.039,1977
0.128,1920
-0.132,9574
-0.0525,6608
-0.166,8271
-0.159,8629
-0.174,9904
-0.122,7347
0.00922,4957
0.0164,4551
0.102,2169
-0.0798,8193
0.0761,2215
0.0481,3468
0.2,1167
0.158,1737
-0.01,5179
-0.0996,9097
0.0305,3549
-0.322,10154
-0.202,9467
-0.062,5870
-0.218,10189
-0.0246,6129
0.0949,1630
-0.329,10362
-0.0315,6152
0.102,2377
-0.245,7789
-0.0884,7243
-0.0515,7212
-0.24,10376
0.0406,4075
0.0441,3407
0.0286,2650
-0.00591,5484
0.000304,5007
0.186,188
-0.0572,6032
0.174,1299
-0.049,7281
0.44,157
0.0866,2715
0.21,998
0.0399,3545
-0.171,8462
-0.0935,6403
0.0393,3762
0.0857,796
-0.0391,5997
0.298,347
0.0375,4436
0.00858,4852
0.158,1964
0.023,4118
-0.0157,5402
0.105,2740
0.157,2671
0.119,2995
-0.13,9344
0.0294,4004
0.399,463
-0.0992,6648
0.281,315
-0.0707,7987
-0.205,7922
0.111,1409
0.0689,2940
-0.0994,8173
0.0105,4569
0.242,1162
-0.00706,5275
0.0404,3705
-0.0762,7536
-0.0288,5504
-0.205,9626
0.0482,3836
0.138,1000
-0.102,7415
-0.527,10129
-0.282,10135
-0.26,10389
-0.0366,5930
0.0424,2755
0.135,625
-0.1,7433
0.0347,4494
0.492,66
0.11,2430
0.0371,2545
-0.0302,6318
-0.145,7231
-0.115,7974
0.274,792
-0.23,9940
0.0851,3040
-0.0935,9583
-0.107,8447
0.585,609
-0.12,7199
-0.0301,5797
0.125,2375
-0.0507,7059
-0.045,6507
-0.418,10041
0.0472,4042
-0.034,6318
0.0807,3107
-0.0099,5666
-0.0969,8205
0.00134,4915
-0.116,7466
-0.113,8729
0.0136,4425
0.0749,1995
0.0289,4476
0.0519,3905
-0.12,7242
-0.182,8738
-0.0162,6047
0.104,1393
-0.0405,7680
0.131,2514
-0.459,10381
0.142,2464
-0.0475,6928
-0.229,9776
-0.069,6568
-0.131,9413
-0.441,9885
-0.0913,9080
-0.0269,6377
0.134,1416
-0.0566,6465
-0.00852,5507
-0.0263,5276
-0.000577,5168
-0.00185,5166
0.0694,1196
-0.0574,6611
-0.0988,8075
-0.0334,5914
0.356,849
0.0537,2603
-0.136,9873
-0.0512,7081
-0.137,8670
0.194,2268
-0.236,8059
-0.0491,5669
0.0882,1443
-0.00275,5091
-0.033,6426
0.157,1865
0.0798,3989
0.0292,3264
0.146,912
0.635,171
0.246,414
-0.0876,7418
0.0681,2821
-0.0506,8166
0.0268,3877
-0.154,8712
0.0572,4026
0.308,914
-0.133,8611
-0.0255,7808
-0.105,9486
-0.167,8570
-0.123,8946
-0.184,6008
-0.438,10078
0.0631,3628
0.195,766
0.178,925
0.183,1513
-0.0344,6673
-0.197,7402
0.0501,3063
0.0409,3225
0.191,822
-0.0857,6500
-0.111,6983
0.276,587
0.0953,2291
1.2,487
-0.377,10409
0.0194,4401
-0.135,8724
-0.162,9376
0.0587,2809
0.235,576
0.108,1925
0.179,1213
0.134,2032
0.238,975
0.112,2533
-0.0325,6356
0.112,1006
0.388,1142
0.172,2652
-0.046,5719
-0.172,10145
0.0598,1620
-0.0649,6918
-0.135,7147
0.0453,3946
0.0226,4445
-0.0183,5190
0.245,1477
0.195,846
0.0043,4802
-0.0125,5849
0.142,711
0.0337,3580
-0.079,8853
-0.138,8622
-0.246,8699
0.0525,4015
0.221,1257
-0.2,7971
0.114,3441
-0.157,7900
-0.335,9705
0.069,2273
0.0321,3882
-0.0216,5291
-0.00875,5295
-0.149,7369
0.25,692
0.245,498
-0.114,7799
0.116,479
0.0649,2655
-0.00937,5525
0.115,1512
0.0979,1597
0.0897,2077
-0.0706,5662
-0.43,8843
0.000675,4800
0.185,1778
0.0482,3326
-0.118,8786
-0.0229,5176
0.218,2081
-0.279,9415
0.0816,3125
-0.0225,6914
0.0944,2579
0.197,1914
0.117,1012
-0.654,9481
-0.142,9214
-0.0835,7819
-0.199,9665
0.0798,3194
-0.0335,6928
-0.238,8801
-0.0941,5800
0.0487,2657
-0.0182,5538
0.0211,4600
-0.0403,5737
0.0364,3792
-0.641,10169
-0.0141,5664
-0.108,8843
-0.143,8537
-0.132,8636
0.0162,4663
-0.0703,5816
0.113,1330
0.00558,4733
-0.0427,5825
0.0249,4402
-0.2,9283
0.0259,4129
0.117,949
-0.0417,6795
-0.275,10407
-0.167,8794
-0.249,9118
-0.15,7061
0.084,3074
0.238,1241
-0.222,9642
-0.0968,6337
0.0255,4359
0.162,1891
-0.04,7040
-0.972,10259
0.302,1740
0.202,27
-0.13,8371
-0.0315,6478
0.0434,2936
-0.135,8445
0.419,218
0.172,2056
0.379,330
0.167,300
-0.147,9706
0.0284,4162
-0.692,9587
-0.127,8176
0.238,2278
-0.0132,5489
0.0197,3948
-0.281,9914
-0.18,9029
-0.228,9718
-0.092,7106
-0.0912,6903
-0.0257,6301
-0.169,8483
-0.122,7919
0.277,971
-0.183,8095
-0.409,10462
-0.0598,8855
0.0574,3852
-0.0856,7738
0.0317,4249
0.162,1678
-0.0943,8417
-0.128,8050
0.0684,3432
-0.00115,4931
0.0713,3396
0.0518,3190
0.00212,4744
-0.0893,8236
-0.15,9188
-0.0627,8236
0.369,227
0.114,1182
-0.183,10052
-0.0406,6391
0.058,3552
-0.175,9420
0.686,246
0.251,1045
-0.193,10108
0.0713,3076
-0.163,9675
-0.0394,6436
-0.418,10217
0.0759,2741
0.0178,4346
0.0405,3794
0.123,1453
-0.119,8728
0.0464,3273
0.0852,3478
-0.147,10273
0.11,2288
-0.312,8550
0.123,2732
-0.236,8474
0.121,3312
0.0146,4562
0.0658,3369
0.0017,4642
-0.206,8408
-0.0105,5044
-0.0515,6791
0.00599,4859
-0.0357,6814
0.0537,3576
0.123,2321
0.0495,4434
0.033,3766
-0.0124,5906
0.144,918
0.1,2198
-0.205,8596
0.044,4122
0.00417,5083
-0.122,10131
-0.236,9925
-0.127,7475
-0.135,7216
-0.0626,8028
0.0686,2762
0.0816,2440
-0.169,10067
-0.103,8351
-0.01,5302
-0.172,7416
-0.319,10409
0.0538,4016
0.261,1386
0.222,2756
0.215,1753
-0.0352,6611
-0.173,9167
0.237,948
0.0523,4412
0.0426,2145
0.0161,4603
-0.0948,8268
0.0565,1350
0.0168,4614
-0.00895,5370
-0.121,7278
0.062,3378
-0.0827,9416
-0.0142,5540
-0.186,9516
-0.375,9507
-0.251,8593
0.306,166
-0.193,9959
-0.0686,8200
-0.835,9035
0.0611,3447
0.0332,4410
0.203,1148
-0.00582,5296
-0.0101,5729
0.755,1883
0.0508,3846
-0.0167,5558
0.06,3469
-0.079,9186
0.0877,1766
0.0187,4521
-0.0288,6151
-0.123,8666
0.219,69
-0.00443,5420
0.107,1429
-0.0909,6964
-0.199,10118
0.527,96
0.274,1500
-0.1,7772
0.0304,3179
-0.0919,7781
-0.0106,5808
-0.251,8912
0.166,1954
-0.0636,8397
0.00893,4649
-0.135,8902
0.0177,4557
0.185,2405
0.0977,2520
-0.1,7782
-0.0144,5945
-0.0429,6565
-0.0101,5371
-0.0841,7453
-0.0134,5613
0.118,1455
-0.0555,7032
-0.269,10053
-0.026,5835
-0.0228,6006
0.226,1777
0.00386,4723
-0.0181,5740
0.215,639
0.0853,2224
0.138,1803
0.0682,3770
0.123,1105
0.00274,4855
0.0741,3584
-0.165,9722
-0.0872,7704
-0.0158,5748
-0.0412,6211
0.0406,3478
0.244,2200
-0.0382,6442
0.277,422
-0.0798,6295
-0.105,7855
0.0401,3553
0.172,1303
0.16,1444
0.00762,4818
0.166,452
0.0958,2599
0.0892,2449
0.0245,4698
-0.198,8972
-0.167,8441
-0.108,7891
0.0855,2177
0.00122,4589
0.273,628
-0.26,9645
0.0892,2006
-0.21,10009
0.00349,5018
-0.155,8511
-0.126,7550
-0.356,9651
-0.0243,5085
0.0315,4387
0.0173,4621
-0.112,6991
-0.0131,5389
0.195,1550
-0.123,6980
0.132,340
-0.122,8158
0.0113,4763
0.167,2292
-0.0825,6867
-0.143,8762
-0.0274,6170
-0.0128,5747
-0.193,9194
0.312,475
-0.206,9639
-0.118,8736
-0.0411,5914
-0.235,9672
0.18,1669
-0.243,9319
0.278,397
-0.118,8406
-0.00679,5048
-0.311,10244
-0.0211,5496
0.116,2644
0.00734,4955
-0.202,9371
0.116,1173
0.0194,4472
0.0567,3102
0.000887,4837
-0.0362,6917
-0.12,9549
0.19,202
-0.0924,8538
0.0666,2517
0.0112,4692
0.0214,3870
0.193,1244
-0.0461,7346
0.0798,1533
0.166,1591
-0.0634,6198
-0.351,9801
-0.191,8960
0.0867,2670
0.00349,4741
-0.0169,5507
0.156,1769
-0.0679,7476
-0.0121,5314
-0.154,7905
0.0877,1681
0.0416,3805
0.0136,4679
-0.0946,6769
-0.17,9617
0.111,860
-0.00633,5093
-0.206,9741
0.0661,3474
-0.197,10394
-0.246,9036
0.00874,4701
0.0127,4382
0.194,1891
-0.313,9763
-0.3,9383
-0.0933,6080
-0.113,8838
0.0257,4121
-0.0556,5965
-0.162,9461
-0.0921,7138
0.149,2121
0.0311,3505
0.033,3688
-0.171,9646
-0.101,8698
-0.34,9885
-0.56,9664
-0.0557,6571
0.0465,3192
-0.0909,7799
0.0419,3893
0.0759,3611
-0.042,7122
0.281,200
0.296,369
0.112,2043
-0.176,9792
-0.139,8741
-0.578,9725
0.0154,4418
0.0508,3618
0.378,2642
-0.0721,5462
0.0636,3321
-0.026,5329
-0.173,8972
0.0056,4863
-0.343,9821
-0.242,9549
-0.0359,6649
-0.0423,6223
-0.141,9339
0.0215,3765
-0.245,10045
-0.094,6522
-0.0382,5536
0.11,2221
-0.135,10054
-0.037,6323
-0.166,7319
0.273,1050
0.161,1758
-0.0405,6499
0.0787,2534
-0.0336,5552
0.0252,4512
-0.119,8183
0.186,2845
-0.0543,6902
0.00834,4686
0.0611,2441
-0.0431,6638
-0.157,8265
0.188,628
-0.0242,5852
0.124,780
0.0873,3212
-0.0428,6536
0.392,266
0.57,132
-0.0643,6389
0.133,1527
0.143,1030
0.206,1522
0.151,1752
-0.0459,7085
0.342,21
-0.0116,5684
-0.181,9661
0.114,1202
-0.0718,7671
0.0111,4460
-0.0766,8136
-0.0724,8250
0.138,723
-0.0931,9347
-0.242,8984
0.0317,3140
-0.0386,6197
0.176,1027
-0.0559,6198
0.15,1646
-0.05,5972
-0.0127,5602
-0.112,8800
0.102,1346
-0.00798,5493
0.0315,4204
0.251,531
-0.0763,6389
0.0563,3827
0.211,25
0.205,19
0.0145,4513
-0.135,7990
0.0359,3503
-0.158,7202
0.0592,2577
-0.0668,6937
0.0336,4221
0.784,410
-0.0337,6123
0.0702,3964
-0.0103,5513
-0.0777,7563
-0.371,7028
1.07,1434
-0.204,8062
0.271,3004
0.0449,4148
-0.1,7466
-0.0328,5572
0.0567,3878
0.0555,2809
0.0908,2338
0.106,2573
-0.0481,6343
0.135,3398
-0.177,8881
0.0239,4046
-0.118,8415
0.0453,3570
-0.0577,7276
-0.101,6978
-0.0293,5996
0.0482,2032
-0.0122,5609
0.225,1236
0.322,1185
0.062,2823
-0.102,9977
-0.129,8341
-0.0976,6900
0.311,322
-0.107,6801
0.0698,3760
-0.00327,5588
0.137,91
0.135,2163
0.137,2222
0.139,1437
-0.0234,5532
0.199,1135
-0.0515,7539
-0.248,10305
-0.266,10208
0.0111,4653
-0.142,8430
0.0779,2063
0.0257,4108
0.00886,4811
0.203,691
0.0133,4740
-0.119,7601
-0.205,8452
0.0981,2821
-0.146,10169
0.103,2410
0.0297,4452
-0.0663,7507
-0.0198,5738
0.0322,4070
-0.156,10008
0.0161,4607
-0.282,9802
0.0525,2870
-0.0537,6119
0.1,2082
0.0919,945
-0.084,8178
-0.0629,7636
0.0891,3559
0.0324,3980
-0.128,9683
-0.227,9997
0.202,905
-0.0307,6129
0.0094,4958
-0.0107,5696
-0.119,7127
0.0378,3731
-0.161,9124
-0.0118,5469
0.224,2529
-0.0653,6743
-0.095,9131
0.0462,2610
-0.103,7114
-0.0962,7490
0.132,1886
-0.0997,9541
-0.0653,7432
-0.0273,6438
-0.00495,5262
-0.0757,7288
0.0675,3056
0.137,2931
0.0845,2978
-0.0255,6012
0.238,908
0.051,3171
0.0273,4475
-0.0246,5348
-0.121,8975
0.0425,3302
0.0463,3727
-0.0354,6508
-0.143,8859
-0.0137,5333
-0.149,7570
0.0131,4691
0.0503,3498
-0.317,10262
0.00247,4981
-0.186,8526
0.0249,4397
-0.0615,6988
-0.0339,6175
-0.103,7919
-0.242,8860
-0.0454,5788
0.0357,2872
0.0583,3940
-0.011,5424
0.0287,4077
-0.176,8417
-0.145,6997
-0.0689,8607
0.0389,3344
-0.101,7282
-0.0701,6124
-0.0985,7154
0.653,374
-0.023,5887
-0.0525,7106
0.0804,2838
0.0376,3655
-0.218,8726
0.154,1148
-0.154,8391
-0.0109,5105
-0.076,6938
-0.291,9983
-0.0789,7177
-0.0358,6420
-0.204,9565
-0.065,6614
0.149,1473
-0.133,7082
-0.23,9705
-0.0171,5349
-0.251,8313
0.0193,4234
0.0312,3877
-0.0949,9106
-0.172,7583
-0.271,9328
-0.0583,7269
0.0545,2523
-0.509,10163
-0.0238,6258
0.0456,3846
0.167,1545
-0.0653,6366
-0.0488,9440
0.0505,3292
0.0384,4263
0.186,2252
0.172,1935
-0.0325,6661
0.0284,2208
-0.102,8657
-0.204,9625
-0.0951,7966
-0.174,9752
-0.083,7779
-0.0665,7405
-0.136,7188
0.0473,3551
0.0898,3055
-0.00815,5272
0.459,286
0.0768,1836
-0.00142,5040
-0.218,9516
0.0675,2759
-0.0266,5397
-0.135,8275
-0.0439,6504
0.194,825
0.296,173
-0.304,8681
0.039,3784
0.0437,2520
-0.00667,5676
-0.163,8393
-0.138,8589
-0.0108,5628
-0.13,9126
0.00756,4909
-0.0236,6463
-0.158,8861
0.147,1780
0.00192,4984
0.128,2335
0.282,1655
0.0697,2098
0.236,588
0.348,672
0.131,3523
0.207,1085
-0.189,9760
0.0325,3190
-0.0228,5902
0.0227,4195
0.00178,4722
-0.0545,6460
-0.0836,8368
-0.0419,6732
0.316,2699
0.0576,3645
0.049,3538
0.161,2107
0.159,627
0.0784,2163
-0.146,8532
-0.0392,5709
0.0477,3749
0.181,796
0.138,863
0.118,938
-0.0843,6187
0.00317,4902
-0.154,9137
-0.445,6384
0.0273,3591
-0.105,8555
0.0773,3806
-0.00771,5573
-0.142,8301
0.887,233
0.0942,2818
-0.0277,5943
-0.112,9308
0.2,636
0.0764,3194
0.077,1397
-0.191,9680
-0.0235,5541
-0.228,9285
0.153,1213
-0.221,8494
0.00464,4563
0.000166,5175
0.115,1630
0.189,1404
0.0219,4420
-0.2,8469
0.147,2957
0.0825,2596
0.455,281
0.0596,3515
0.365,674
-0.0226,5461
-0.0737,9069
0.0615,1832
-0.0277,6458
0.344,47
-0.41,10255
-0.0837,8377
0.234,1793
0.341,39
0.244,609
-0.14,9762
0.32,909
0.0718,2837
0.0523,3598
-0.158,7853
-0.157,8516
-0.0948,8239
0.329,2032
0.266,435
-0.429,7366
-0.287,10466
-0.115,10057
-0.0474,6570
0.055,3445
-0.0721,6545
0.12,3035
0.086,968
0.0413,4328
-0.157,9417
0.142,994
0.00434,3401
0.057,4194
0.0623,2648
-0.209,9831
0.00227,5009
-0.0126,5513
0.164,477
-0.128,8247
-0.142,9248
-0.0874,9182
-0.135,8488
0.145,2103
0.207,3417
0.1,3482
0.0355,3286
0.00688,4831
-0.363,9524
-0.169,7706
-0.0522,6639
-0.0522,6414
-0.065,7609
0.0134,4618
0.189,673
0.0701,3388
-0.577,10114
-0.207,8326
0.206,64
-0.219,10325
-0.309,9142
0.0909,3041
0.177,1266
-0.327,10305
-0.00449,5308
0.106,2211
0.187,1263
0.114,1169
0.00913,4678
-0.137,8584
0.0686,2769
0.252,493
-0.205,8665
-0.0628,7813
-0.0426,6652
-0.127,8401
-0.00815,5471
-0.308,9905
0.108,2190
0.0177,4380
0.0264,3520
0.0212,4447
-0.0358,6318
0.0904,2598
-0.0561,6431
-0.27,8389
-0.00818,5314
0.249,921
0.0387,3786
-0.0697,6719
-0.0501,6270
-0.0293,6233
0.19,722
-0.271,9331
0.0425,4067
-0.00958,5378
-0.0142,5433
-0.0962,8955
0.0277,3923
0.343,2453
0.12,2188
-0.0412,5735
0.0101,4726
-0.0317,7221
-0.0746,8054
0.0159,4445
-0.0332,5807
0.103,1798
0.225,1263
0.00236,4993
-0.0483,6299
-0.0957,6869
-0.095,7607
-0.108,9414
-0.0464,6753
0.334,270
0.0277,3411
0.0218,4453
-0.0284,6206
-0.151,8589
-0.0331,6751
-0.032,5814
0.0143,4478
0.0965,3939
-0.161,7308
-0.159,6774
-0.315,10098
0.0727,2243
0.0232,4087
-0.145,10167
-0.12,8693
-0.277,10001
-0.0694,7547
-0.0471,8159
0.196,1459
0.0605,3528
0.13,2981
-0.0311,5637
0.0312,4230
0.343,488
-0.3,10452
-0.0741,7343
-0.158,9734
-0.117,9302
0.021,4344
0.0506,3617
0.196,959
0.0869,3229
0.0126,4877
-0.0214,5836
0.14,1503
0.0304,4104
0.234,776
-0.0749,6767
-0.0123,5141
-0.371,9635
-0.131,9882
0.122,2187
0.0567,3313
0.18,1961
0.0172,4478
0.0402,2518
-0.461,10354
-0.178,9961
-0.215,10400
0.109,1852
0.0335,4232
-0.0548,8168
-0.0212,5797
-0.0457,6242
-0.102,6899
-0.0278,5823
-0.165,7103
-0.283,10459
-0.0258,5553
0.0456,3646
-0.0867,8259
0.0912,2889
-0.289,9427
-0.0598,8064
0.225,1001
-0.071,6695
-0.207,8691
-0.477,10102
-0.228,9189
0.00654,4872
-0.0503,6206
-0.327,9962
-0.267,10316
-0.234,8976
0.00331,4659
0.285,539
-0.147,10107
-0.103,9464
-0.207,9918
-0.0395,6444
0.0861,3319
0.0528,2775
-0.0669,7918
-0.103,7836
0.0305,4212
0.1,3727
0.203,2023
-0.0838,8290
0.0951,2020
-0.0671,6253
0.182,969
-0.015,5442
0.00658,4703
-0.0322,6442
0.108,2505
-0.423,10287
0.0107,4659
-0.253,10240
-0.0172,5988
-0.386,10445
0.0378,4026
0.121,786
-0.185,8632
-0.255,8348
0.202,2340
-0.0267,6377
-0.061,7528
0.00491,4727
-0.403,10318
0.362,360
-0.224,7693
0.0484,3129
-0.0853,9658
-0.344,9677
0.171,2188
0.218,730
0.0153,4447
-0.0472,6030
-0.0224,5952
0.119,2004
0.221,1360
0.0679,3286
-0.0614,6749
0.0136,4783
0.0672,3115
-0.00373,5399
0.0407,3356
0.0456,3688
0.023,4720
0.0209,4235
-0.0129,5665
-0.042,6400
0.0598,3623
0.0486,3258
-0.0288,5318
-0.207,10127
0.0897,2076
-0.168,9236
-0.0718,8027
0.0181,4496
-0.0792,8092
-0.0132,5306
-0.115,9151
-0.448,7179
0.0172,4582
-0.113,7998
0.247,1438
-0.119,7047
0.00987,4831
0.166,1939
-0.468,7794
-0.115,8904
-0.0727,8810
-0.0918,9735
0.0527,3460
0.0446,2641
-0.271,9735
0.111,3127
0.0717,2853
-0.0261,6072
0.0553,3449
0.0169,4611
-0.0928,6499
-0.102,6659
-0.0524,7306
0.0177,4155
0.0846,2860
0.184,1588
-0.159,7540
0.112,2717
0.0414,3883
-0.0513,8458
0.0613,3920
-0.00848,5181
0.079,2343
-0.0275,5487
0.128,2060
0.00525,4627
-0.0328,6150
-0.0921,6879
0.157,1836
-0.517,7046
-0.0388,6579
-0.0935,9558
0.114,1984
-0.00547,5197
0.219,1111
-0.038,6845
0.122,1734
-0.135,9894
0.146,1171
0.0125,4690
0.0529,3840
0.0177,4566
-0.0515,6400
0.0134,4495
0.0436,3475
-0.213,8963
-0.154,8889
0.0584,3945
0.145,508
-0.0305,6315
0.16,788
-0.0454,6661
0.0715,3009
0.162,330
0.143,498
0.053,3235
0.00302,5038
0.0253,4156
0.176,770
0.00164,4964
0.00373,5045
0.0573,1918
0.163,1177
0.266,357
-0.285,9548
0.236,856
-0.0676,6836
0.17,637
0.108,2036
0.0292,4363
-0.16,9720
-0.107,7091
-0.00478,5090
-0.0406,6786
0.169,1298
-0.26,8876
-0.0838,8620
0.121,2428
-0.0955,7594
-0.16,8028
-0.21,9396
-0.0419,6562
0.0936,1223
0.0473,3613
-0.0861,6854
0.081,3062
0.3,967
-0.112,5913
0.319,897
0.0106,4738
0.00752,4897
0.0658,2708
-0.0927,6054
-0.0672,5838
0.106,1568
0.087,1264
0.235,587
0.104,2137
-0.726,9911
0.038,4218
0.2,1578
-0.0108,5673
-0.256,10427
-0.0399,6234
-0.0365,6265
0.0211,4347
0.288,697
-0.078,6543
-0.0744,8902
0.0681,2568
0.386,589
-0.272,10029
-0.0879,7953
-0.0958,8486
-0.213,9880
0.0834,2448
0.0476,2994
0.316,219
0.0202,4143
0.00905,4737
0.0339,4132
0.00784,4712
-0.579,10397
0.322,169
0.118,2138
0.0527,3390
0.0872,2894
0.0328,4320
-0.000521,4946
-0.0802,5845
0.0924,2150
0.0343,4157
-0.234,9764
0.244,129
-0.0407,6671
0.159,2259
0.0368,2723
0.0307,4067
-0.134,6466
0.062,4389
-0.108,9889
-0.0648,7368
0.279,170
-0.0481,7982
-0.0763,8007
-0.077,8109
-0.0834,7634
0.317,1010
-0.012,5797
0.0861,914
-0.0679,6475
-0.209,9297
0.0779,3483
-0.141,8073
0.118,1859
0.0874,2690
0.346,872
0.121,1991
0.189,2346
0.413,384
0.203,1268
-0.0603,6530
-0.216,9915
-0.326,9993
0.789,513
0.203,2848
0.0194,4348
-0.166,7942
-0.34,6205
-0.434,8232
0.135,3283
-0.0585,6421
-0.123,8435
0.00915,4611
-0.0783,8097
0.0167,4604
-0.0279,6152
0.212,594
-0.134,9900
-0.0416,6412
0.0458,3224
-0.0634,7732
-1.65e-06,5093
-0.378,10045
-0.00949,5607
0.0223,3632
-0.0135,5559
-0.448,10309
-0.105,8098
-0.0712,6627
-0.0236,5930
-0.0669,8722
0.102,2406
0.0969,1230
-0.0285,6749
0.315,1009
0.162,599
-0.0522,7401
0.0697,2373
0.00326,4980
-0.406,10247
0.0854,3029
-0.0896,8350
0.00222,5005
0.174,1591
0.0739,2805
0.112,3320
-0.118,7283
-0.0306,6306
0.00747,4932
0.0515,2894
0.425,150
0.173,1389
0.0796,1639
0.257,750
-0.0764,7204
0.101,3035
-0.0623,7115
-0.173,8817
0.227,972
-0.237,10455
-0.0701,7750
-0.188,9468
-0.0881,6977
-0.335,10223
-0.138,7612
0.0733,1755
-0.0178,6252
-0.256,8810
0.262,2298
0.111,2817
-0.0369,6063
-0.118,8226
-0.2,8048
0.0696,2972
-0.0234,5365
-0.261,10417
-0.168,8115
-0.146,7747
0.109,1884
-0.2,10018
0.0357,4017
0.0355,4152
-0.446,9657
-0.156,9802
0.00704,4819
0.0477,2632
0.133,2242
0.0404,4251
-0.0618,7296
-0.316,10224
0.0441,3210
0.701,445
0.18,1850
-0.0946,8128
-0.0366,5723
-0.0753,9058
-0.0419,6766
-0.0688,7583
-0.018,5973
0.116,3227
0.105,2522
-0.0263,6004
-0.26,10414
-0.00275,5056
0.113,2349
-0.00942,5164
-0.157,8690
0.0478,3512
0.23,1595
0.0211,4413
0.147,673
0.0301,4140
0.00682,4390
-0.111,9988
0.0809,1206
-0.151,9641
0.0477,4183
0.0532,3791
0.209,863
-0.0398,8231
-0.0554,6744
-0.00895,5702
0.065,3424
-0.433,9862
-0.0944,7326
-0.0201,5179
0.0519,3559
0.302,1219
0.166,581
0.0313,3377
0.404,513
-0.0107,5498
-0.139,9129
0.0581,3397
-0.0187,5651
-0.255,9598
-0.00746,5239
0.0193,4015
-0.0915,9044
0.0658,1693
0.351,42
-0.656,10388
-0.0344,5709
0.0435,3126
0.117,1595
-0.215,9372
-0.382,10295
0.153,1445
-0.185,9830
-0.196,10165
-0.0023,5041
0.141,1431
-0.00871,5393
0.0403,3310
0.0445,3238
0.0236,4188
-0.345,10253
-0.0803,7367
-0.179,9460
0.188,431
0.066,3199
0.258,372
0.139,1960
-0.467,9590
-0.144,6788
-0.218,9879
-0.0332,5600
0.102,2750
0.0184,4266
-0.214,7609
-0.0369,5559
-0.154,8469
-0.284,9715
-0.0201,5996
0.15,537
0.0658,3601
-0.0479,6042
-0.136,8447
0.125,2860
0.0968,1496
-0.0948,7674
-0.0269,5757
-0.266,10319
0.0149,4446
-0.139,7606
0.157,804
-0.0984,9278
-0.26,10110
0.169,1217
-0.163,9507
-0.175,8607
0.122,1497
-0.128,7635
-0.304,10158
0.0283,4249
0.883,700
0.345,501
0.0241,3871
-0.0393,5897
0.0972,1793
-0.138,7605
0.182,1301
-0.138,8567
-0.0722,7264
0.0586,2776
0.0591,2775
-0.13,8852
0.137,1784
-0.0586,6743
-0.148,8914
0.0932,821
-0.208,9463
0.178,165
-0.111,8137
0.267,746
-0.012,5053
-0.122,8570
-0.0369,6114
0.135,2567
-0.358,10037
0.284,615
0.0184,3917
-0.0308,6574
0.0706,3540
0.413,286
-0.0785,8281
0.0646,3492
0.0309,2515
-0.00971,5841
-0.0113,5741
-0.194,8803
-0.0172,5719
0.046,3480
-0.198,10153
0.0173,4495
0.182,1182
0.0651,2591
-0.121,6825
0.403,1602
0.156,1168
0.639,78
-0.163,8897
-0.415,10389
-0.132,8615
0.0572,3598
-0.0313,5761
-0.0497,7056
-0.872,9624
-0.0461,6137
-0.0442,5878
0.269,1383
0.0725,1165
0.00181,5023
0.153,1497
0.351,44
0.000484,4922
0.395,382
-0.0161,6032
-0.0359,6622
-0.0248,6514
-0.111,6731
0.209,1153
-0.25,7591
-0.00734,5376
0.00284,4839
-0.0523,6202
-0.0717,6905
0.121,2988
0.0164,4735
0.127,1267
0.205,732
0.181,1913
-0.016,5731
-0.092,7810
-0.178,8591
0.12,948
-0.0245,7698
-0.336,9685
0.15,2767
-0.054,6042
-0.189,9758
-0.00971,5502
0.134,2019
-0.0611,7083
-0.101,8949
-0.24,9920
0.0218,4291
-0.257,10342
-0.0326,5980
-0.00691,5101
0.11,1637
-0.167,8582
-0.0514,7212
-0.0388,6685
-0.000753,5220
0.35,1375
-0.0879,8368
-0.568,9253
0.117,738
0.0219,4481
-0.0686,8082
0.00214,4934
0.175,550
-0.257,8103
0.293,978
0.0688,2329
0.185,625
-0.0794,7933
0.0441,4167
0.375,730
0.1,3559
-0.167,9154
0.0356,3848
0.0517,3055
-0.0644,6842
-0.0483,6885
-0.106,6948
0.0105,4580
0.0936,1225
0.154,2149
-0.111,8344
-0.0798,6905
0.159,917
-0.0999,9073
0.208,1076
0.0144,4708
0.307,388
-0.149,7989
-0.112,7250
-0.0518,6606
-0.0288,6824
-0.0116,4963
0.0642,3628
-0.0926,7369
-0.072,6882
-0.0636,6529
-0.116,9412
0.0543,3521
0.0193,4645
-0.0233,5363
-0.167,8806
0.197,438
0.0281,4255
0.0953,3429
0.063,3353
-0.216,7140
0.171,1761
-0.0289,6188
-0.0817,7666
0.0207,4648
0.155,1570
-0.00811,5787
-0.0658,6910
-0.174,9551
-0.124,7646
-0.0239,6062
-0.265,10123
-0.159,10105
-0.0815,7442
0.122,1078
0.0725,1842
0.251,2057
-0.211,9149
-0.581,10025
0.859,141
-0.204,9706
0.171,1511
-0.234,9368
0.0129,4768
-0.0634,7202
0.0746,3495
-0.0811,8705
-0.118,8888
0.0857,2799
-0.186,8395
0.0527,2007
0.172,2187
0.106,2955
0.0444,3896
-0.205,9199
-0.0598,6986
-0.0667,7203
-0.0277,4898
0.0618,2973
-0.032,6904
0.126,2017
-0.00544,5346
0.0611,3438
-0.0465,5945
0.0138,4302
-0.113,9724
-0.0168,5656
-0.052,7352
-0.263,8108
0.127,3347
0.0642,2822
0.0318,3796
0.123,2721
-0.339,9058
-0.905,10164
0.254,1710
-0.0848,6177
1.07,156
-0.141,9370
0.057,3599
0.0286,4327
0.133,2487
0.0831,2422
0.16,714
-0.133,8811
0.155,561
-0.24,8991
0.0996,2927
-0.134,9951
0.0993,2637
0.00306,4978
-0.131,9615
-0.0767,8556
0.11,2465
0.0156,4020
-0.00683,5474
-0.277,10226
0.333,619
-0.0165,5768
-0.279,9370
0.0636,2642
-0.0605,7439
-0.342,9690
-0.226,8969
0.0186,4865
-0.0314,6762
-0.292,8852
0.0635,3320
0.112,1246
0.0597,3126
-0.213,8363
-0.0574,6620
-0.105,8820
-0.205,9724
0.0789,2639
-0.0496,6859
0.113,1893
0.104,992
0.0689,2427
-0.014,5398
0.00619,4583
-0.172,6847
0.107,2062
-0.0526,6690
-0.0857,8747
0.155,620
0.0142,4539
-0.175,9790
-0.0617,6139
-0.00961,5106
-0.122,8854
-0.0363,5994
-0.487,10378
0.27,663
-0.0316,5456
0.515,715
-0.0977,8231
-0.0662,7144
-0.124,10104
-0.0394,5613
0.0729,3113
0.286,1524
0.087,1209
0.0558,3080
0.237,577
0.0695,3663
-0.102,7190
-0.181,7997
-0.00636,5207
0.183,558
0.248,648
-0.00484,5124
0.205,983
-0.0454,6320
-0.00424,5358
0.0309,4141
-0.0254,6055
0.187,583
-0.106,8088
-0.208,9648
0.13,2374
-0.0305,6877
0.282,990
-0.0953,7704
0.127,2901
0.0397,3764
0.0089,4589
0.0881,2313
-0.136,8095
0.259,1047
0.163,2236
0.343,1693
-0.173,9607
0.083,1587
-0.109,8415
-0.162,8940
-0.119,8933
-0.0102,4931
-0.077,6957
0.0366,3716
0.0525,4045
-0.314,10370
-0.0556,5973
-0.0901,7994
-0.166,10106
-0.112,9136
0.0379,3878
-0.308,10034
-0.0859,6833
0.022,4527
0.0634,3186
0.229,348
-0.101,7582
0.0347,4108
0.124,1098
-0.058,6547
0.115,434
-0.111,9182
-0.0592,7793
-0.282,10308
0.0352,4060
-0.0194,5135
0.00733,4414
-0.0283,6437
0.177,348
-0.398,10417
-0.126,7680
-0.0092,5046
0.0881,2536
-0.091,9198
-0.043,6631
0.149,2003
0.084,3263
-0.454,10396
0.00948,4590
0.499,2234
-0.0328,5754
0.326,585
0.0573,3707
-0.113,8744
0.00104,4879
-0.103,8167
0.31,445
0.108,3101
-0.142,7614
-0.0317,5469
-0.0304,6476
0.0285,4026
-0.474,9323
0.228,1008
-0.0708,6083
-0.0492,6386
0.0389,3360
-0.0893,9037
0.0719,3695
0.188,742
0.426,296
-0.0142,5422
-0.0379,6289
-0.0236,6523
0.133,1955
-0.161,6348
-0.0549,7793
0.0683,3846
-0.0283,6488
-0.0337,6757
0.277,816
-0.0718,6772
0.0194,4535
0.42,206
0.138,500
0.0507,3520
-0.293,9137
0.0137,4627
-0.129,7777
-0.1,7575
0.0738,2294
0.157,999
0.167,1709
0.065,2554
-0.245,8169
0.0811,2603
-0.0515,6531
0.0115,4861
-0.163,7731
0.0195,4536
0.0481,3482
0.218,1713
-0.0152,5689
-0.0713,8656
0.0437,3873
-0.144,9984
0.169,2809
-0.0429,6182
0.386,1854
-0.00179,5068
0.176,2159
0.339,323
0.0371,4361
-0.265,10260
-0.034,6741
0.0602,3288
-0.0546,5510
-0.00527,5350
-0.0425,6552
-0.276,9975
-0.0539,7218
-0.0348,7176
-0.104,7163
0.0197,4715
0.0444,3608
-0.01,5308
-0.0338,6499
0.12,1785
0.0605,3479
-0.478,10454
0.084,3347
0.0493,3550
-0.0997,9194
-0.11,10315
0.276,875
0.167,1477
-0.281,9331
0.0123,4569
-0.283,10467
0.124,1476
-0.11,9174
0.0174,4390
0.376,80
-0.154,8437
-0.0387,6823
-0.0229,5825
-0.0629,7489
-0.027,5981
0.818,227
-0.171,8099
0.0335,2993
-0.126,8904
-0.259,10184
-0.039,6099
-0.151,7512
0.257,630
0.0633,2934
-0.0428,6844
-0.0481,6448
-0.0168,5249
0.135,1705
-0.137,6918
0.134,233
0.0471,3455
0.134,1612
-0.0701,6868
-0.117,6843
0.0961,3384
0.245,573
0.185,2149
0.0582,3490
0.0692,2857
-0.132,8476
-0.286,10362
0.0759,3456
0.0392,3366
-0.0959,6902
-0.135,7981
-0.0282,5468
-0.00539,5318
0.0629,1815
-0.0719,8341
-0.0232,5621
0.0957,3405
0.43,2472
-0.00506,5262
0.0134,4776
0.107,1469
-0.126,8217
-0.0665,6830
-0.0936,8154
0.00146,4642
0.0151,4163
0.0921,1275
-0.0513,7408
-0.114,7860
-0.0964,6807
-0.142,7106
0.054,2965
0.0602,2996
-0.0171,5591
0.0575,3319
0.0976,2423
0.0155,4561
0.197,1218
-0.00577,5368
-0.0564,7993
-0.0393,6352
-0.135,7597
-0.111,7006
-0.00491,5277
0.193,289
-0.32,10007
0.129,2158
-0.052,6842
-0.0703,8499
0.126,898
0.0697,2579
0.149,1606
-0.32,10168
-0.217,6766
-0.316,9668
0.123,1864
0.00571,5054
0.229,1654
-0.155,8417
-0.203,9691
-0.0255,5048
0.0851,2562
0.191,876
0.102,2097
-0.0922,7864
-0.14,8994
-6.87e-05,4676
0.00757,4492
0.19,1547
0.151,2234
0.0284,4236
0.033,4106
0.0318,4167
0.024,4402
-0.0599,7588
0.0375,3415
0.266,717
-0.241,8087
0.162,2040
-0.0341,6672
-0.277,9761
-0.334,10334
-0.0406,6316
0.0977,2925
-0.0156,6132
0.00962,4867
0.0495,3730
-0.00291,5180
-0.374,10181
-0.201,9171
-0.107,7235
-0.0835,8903
-0.0801,7509
0.0475,4032
0.178,1603
0.0876,3112
0.296,1136
0.187,953
0.441,244
-0.108,8608
0.0796,2153
-0.113,7275
-0.0672,7980
0.059,2577
0.124,1635
0.306,1325
0.0168,4604
-0.231,8683
0.139,1035
-0.208,10341
0.0398,2845
-0.139,9562
0.0354,4018
0.164,1658
-0.0482,7504
0.14,275
0.0671,2155
-0.102,5176
0.0314,4297
0.0172,4380
-0.03,5859
-0.0168,5593
0.0607,2700
-0.0303,5447
-0.233,9601
0.12,2194
0.189,1662
0.0653,2765
-0.122,8367
0.0301,4043
0.262,796
-0.2,10404
-0.0965,6775
0.0852,1412
0.168,714
-0.178,8997
-0.00238,4893
0.02,4381
-0.101,8748
0.0856,3146
-0.147,8513
0.0573,3350
-0.0748,8480
0.281,136
0.0617,3893
0.0247,4464
-0.152,9950
0.148,2789
0.18,1175
0.292,352
0.126,900
0.0756,2148
-0.0755,6997
-0.0951,7786
-0.1,6982
0.509,746
0.0301,4372
0.0742,3156
0.0522,3932
-0.189,8953
0.253,553
0.012,4648
-0.298,9540
-0.172,10226
-0.082,8053
-0.205,10319
-0.0209,5736
-0.0204,5673
-0.0149,6435
-0.046,7297
-0.0703,7543
-0.195,9024
-0.158,8869
-0.0379,6213
0.338,777
-0.0671,9236
-0.1,8887
-0.0164,5728
-0.0554,6340
-0.0535,5254
0.161,2126
-0.0623,7703
-0.078,6893
0.0341,3763
-0.088,7593
-0.218,9958
-0.04,6639
-0.00502,5605
-0.0143,5455
0.158,1385
-0.139,8521
0.135,1768
-0.156,8756
0.186,1459
0.0972,2911
-0.152,7247
0.0579,3928
-0.165,7608
0.0875,2701
-0.0858,8603
-0.102,7769
-0.149,8594
-0.11,7581
-0.109,10004
0.118,2713
-0.0853,7313
0.0505,2665
-0.101,9511
0.177,1380
0.0212,4668
-0.0409,6991
0.104,1324
-0.00516,5685
-0.0295,6220
-0.0414,6804
-0.345,10179
-0.0224,6159
-0.172,8067
-0.041,5534
-0.198,9157
0.0782,3629
-0.27,10327
-0.097,6630
-0.137,7484
-0.0347,7066
0.281,841
0.166,1665
0.131,3136
0.0144,4343
-0.119,8247
-0.015,5684
0.0647,3870
0.0858,3275
-0.16,9936
-0.0448,5395
-0.0703,7596
0.0297,4026
-0.0427,7175
0.0886,3403
-0.0458,6377
0.0754,2358
-0.0353,7564
0.0402,2708
0.0162,4545
0.315,606
0.124,2343
-0.0141,5043
-0.086,7739
0.0171,4360
-0.206,8031
-0.00224,5196
-0.109,8191
0.131,2615
-0.0751,7821
0.0904,1723
0.0861,3122
-0.199,8408
-0.0439,7468
0.0842,3551
0.0417,3373
0.153,1372
0.179,1199
-0.0617,6850
0.0625,4016
-3.79e-05,5019
-0.0154,5869
0.0363,3545
0.013,4746
0.267,1395
0.0903,3304
-0.00552,5426
0.0953,3286
-0.0655,7033
-0.0991,7265
-0.137,9161
-0.238,9673
0.087,2611
-0.137,9824
0.116,2013
-0.156,9520
-0.0969,5713
0.257,936
0.0668,2552
-0.235,10356
-0.0425,6264
-0.0847,6606
0.0909,2334
0.0921,3411
-0.0418,6536
-0.157,10306
0.0806,2833
0.048,2861
-0.0733,8328
0.105,1579
0.251,697
-0.0355,6497
-0.165,9846
0.0911,3010
-0.00663,5598
-0.21,9453
-0.191,10170
0.00462,4919
-0.0239,5990
0.023,4630
-0.075,7064
-0.0337,6137
-0.0795,6398
-0.0073,5669
0.121,1486
-0.0202,5163
-0.113,8108
-0.0103,5681
0.0912,1737
0.00936,4729
0.0789,2450
0.0229,4285
-0.00934,5014
-0.165,9319
0.0152,4381
0.0284,3842
0.0977,1502
0.0753,2546
-0.0477,6633
0.0679,3017
-0.14,8268
0.0469,3366
-0.0629,7526
0.0206,4318
0.161,2359
0.184,1962
-0.119,7451
0.0578,3473
-0.0788,7883
0.319,595
0.229,1856
0.0953,2215
-0.0282,5753
-0.0954,8093
0.179,1076
-0.17,8621
-0.409,8102
-0.201,9681
0.09,2594
-0.259,10162
-0.0622,8393
0.124,2095
0.306,245
0.401,608
-0.146,8033
-0.0305,6489
-0.00853,5739
-0.343,10379
0.103,2645
-0.0824,8400
0.32,294
0.0232,4467
-0.0731,8058
0.0645,2614
0.0526,3335
-0.00551,5328
0.0128,4619
-0.04,6231
0.0483,2064
0.0326,4231
0.00775,4888
0.0818,3406
-0.0298,5832
0.00561,4792
-0.0131,5725
0.031,4033
0.321,148
-0.0494,6214
-0.122,9035
0.0443,3827
0.013,4343
-0.136,9821
0.0567,3387
-0.23,7446
-0.111,7143
-0.178,10146
0.0338,3439
-0.0285,6217
0.0334,3865
-0.0714,8016
0.0488,3326
-0.0945,10037
-0.0111,5494
-0.134,8623
-0.162,7702
0.0711,1788
-0.439,9224
0.638,22
0.0474,3695
0.199,2296
-0.151,9515
0.088,1934
-0.18,7398
-0.119,8378
-0.00539,5322
0.112,1865
-0.113,7429
-0.0625,6904
-0.0434,6331
-0.154,9374
0.227,450
0.245,906
0.214,1715
0.017,4598
0.0269,4218
0.0847,2625
-0.139,8758
-0.117,7245
0.0358,3810
0.212,784
0.0203,4353
-0.142,9019
-0.0219,5481
-0.0924,7720
-0.143,9606
0.15,2238
0.213,1314
-0.0623,6622
-0.0646,6664
-0.0731,6405
0.314,1333
0.0313,3848
-0.142,8269
-0.0283,6008
-0.19,9954
-0.0534,6670
-0.212,9574
0.168,1997
0.236,2115
-0.0404,6902
-0.128,8490
-0.00522,5252
0.0305,4080
0.127,2722
-0.101,6963
-0.157,8630
-0.0156,5666
0.0752,3281
0.542,16
0.929,355
-0.00685,5187
-0.181,8947
-0.0344,6460
-0.271,10084
-0.13,9888
-0.119,8252
-0.00481,5172
-0.0332,6555
0.029,4028
-0.056,6972
0.138,1828
0.0809,3867
0.0232,4148
-0.0387,6931
-0.166,8388
0.102,2150
-0.333,9995
-0.408,10448
-0.0844,8010
0.0864,2747
0.0343,4041
0.21,1609
-0.103,7301
-0.236,9441
0.0474,3569
-0.0129,5371
0.282,785
0.0975,1709
-0.0273,5922
0.283,787
0.00584,4889
0.000582,4921
0.0777,2832
-0.135,9113
-0.028,6109
0.169,2224
-0.0283,6349
0.147,649
-0.282,8291
0.175,1187
-0.0995,6565
0.124,1800
0.0465,3113
-0.212,8943
-0.202,8614
0.0924,2741
0.0708,2990
0.0875,3088
-0.0601,6361
-0.16,9874
0.148,1847
-0.0266,5914
-0.0508,6496
-0.0988,7698
0.0385,3474
-0.0628,7969
0.157,1943
-0.0755,7193
-0.228,10017
0.0118,4484
-0.148,9187
-0.0392,6363
0.062,3422
-0.0962,8889
0.046,3405
0.0281,4177
0.22,360
-0.00269,5034
0.178,2354
-0.134,8576
0.417,624
-0.0888,8479
0.0121,4599
0.0305,3813
-0.147,9973
0.206,761
-0.103,8603
0.157,311
0.0389,2513
0.189,1054
-0.0727,7634
-0.103,7698
-0.199,8841
0.0657,3506
0.477,72
-0.0779,7683
0.064,3467
-0.0986,7776
0.178,1853
0.122,867
-0.0525,6505
-0.0737,7681
0.163,909
-0.273,9396
0.0213,4743
-0.132,8933
0.107,1738
-0.0535,6515
0.00822,4800
-0.116,8129
0.0141,4742
0.226,179
-0.08,7769
0.0578,3148
-0.0438,6186
-0.241,8971
0.312,335
0.119,1840
0.0247,4210
-0.0228,5528
-0.0849,6786
0.316,560
0.00985,4929
-0.068,8058
-0.0245,6111
-0.147,8655
0.102,2083
-0.182,9545
0.167,1748
-0.0479,7096
-0.051,6259
-0.102,7794
-0.0617,7546
0.159,874
-0.16,9497
-0.0487,7318
-0.0288,4910
0.0149,4514
-0.764,8738
-0.583,8863
-0.103,8801
0.29,580
0.346,939
0.139,2333
-0.155,9458
-0.158,9084
0.0616,2859
0.0762,1070
-0.29,10322
-0.0472,6345
0.0129,4620
-0.0866,7326
-0.109,8131
-0.0601,5953
0.194,1961
-0.0607,6664
-0.0641,6764
0.19,2033
0.0506,3645
-0.0113,5845
0.114,3146
0.152,2031
-0.282,9717
-0.0134,5669
0.101,1889
-0.114,7365
0.237,493
-0.0407,7452
0.0361,4485
-0.00802,5459
0.0282,3843
0.147,534
0.104,1507
-0.205,8838
0.121,2279
0.132,2988
-0.0114,5536
0.172,990
0.104,2853
-0.106,8289
0.512,625
0.0236,4329
-0.0609,7589
-0.0326,5918
-0.213,9223
-0.168,8999
-0.482,10166
0.47,415
0.156,761
0.0756,3056
-0.443,10385
-0.113,8373
-0.0709,8644
-0.182,9118
-0.0469,6788
-0.0819,7375
0.271,796
0.0335,4130
-0.266,9215
-0.01,5178
-0.0576,7651
0.00156,5049
-0.153,10115
-0.0731,6747
-0.133,7940
0.0481,3732
0.0123,4488
0.0243,3942
0.18,2168
-0.166,8802
-0.0267,5864
0.0431,2976
0.0359,3895
-0.103,8462
0.0952,3018
0.736,80
0.0481,4040
-0.112,7842
-0.0333,8453
0.0842,2345
-0.062,7284
-0.376,9968
0.0624,2591
0.0656,3846
-0.0264,6564
-0.0777,8742
-0.04,5911
-0.157,8805
-0.244,8891
-0.0244,6070
0.0699,2298
-0.156,9438
0.142,609
0.0394,3209
-0.169,9318
-0.221,9918
-0.175,9053
0.0491,3400
-0.0791,7218
-0.035,6236
0.144,2630
0.175,2118
-0.108,9422
0.106,1503
0.254,412
0.131,2105
-0.0223,5571
0.0053,4994
0.0909,2221
0.208,1276
-0.0433,7963
0.0865,1387
0.857,60
0.113,1563
0.0624,2765
-0.0649,7300
0.145,681
0.0647,3007
-0.185,9556
0.0172,4663
-0.0196,5728
0.0213,4305
-0.166,8988
-0.0483,6467
0.00687,4859
-0.0789,7477
0.095,1316
0.138,769
0.0464,3757
0.00353,4914
-0.214,6944
-0.0545,6753
-0.0207,6490
-0.0101,5926
0.206,1609
-0.079,7235
0.165,2920
0.151,1494
0.103,1563
0.106,2802
-0.104,9121
0.276,458
-0.166,7793
-0.17,10004
-0.0508,6980
0.0735,2128
0.0405,3970
0.0298,4072
0.0238,4494
-0.0721,8131
0.042,3814
-0.0423,7249
0.115,1356
-0.0836,7215
0.00192,4961
-0.0643,8086
0.0258,3461
-0.275,9343
0.0461,3454
-0.0203,6490
-0.426,10453
0.0388,4116
-0.0771,7902
-0.00478,5328
0.0241,4349
0.0699,2270
0.0282,4280
0.421,170
-0.0307,7098
0.0801,2258
-0.0127,5015
0.101,2454
-0.01,5395
-0.107,6208
0.0927,2557
0.0221,3708
0.154,1112
-0.395,10307
0.147,642
-0.0189,5533
0.301,309
-0.154,9142
-0.0129,5620
0.203,416
-0.0475,6759
-0.185,9636
-0.0817,9310
-0.0628,6600
0.355,114
-0.0555,7950
0.193,862
-0.0587,6399
-0.0987,9357
0.0331,3311
0.191,1611
0.189,956
-0.0641,6016
-0.302,9042
0.0951,827
0.036,2659
0.124,2665
0.133,2461
-0.0403,7091
-0.143,8094
0.061,2960
-0.0197,5889
-0.209,10336
0.208,445
0.0813,3189
-0.145,7589
-0.0949,9435
0.0374,3188
-0.064,6776
-0.101,8251
-0.0288,5863
0.251,1332
0.0692,2927
0.00692,4954
0.032,3694
0.0855,2770
0.119,1375
-0.0348,5798
0.0197,4326
0.0235,4055
0.0173,4511
0.205,1069
0.0265,4112
-0.0402,6254
-0.11,8016
0.17,1227
-0.0409,5490
-0.0128,5498
-0.16,10054
-0.0934,7225
-0.161,8343
-0.213,9602
-0.0432,7713
0.0275,4187
0.0737,2543
0.208,327
0.309,1167
-0.177,9050
-0.145,8805
-0.165,9239
-0.0445,7611
-0.117,9465
0.0693,2686
-0.0612,6804
-0.0813,6972
-0.184,10341
-0.0788,8726
-0.325,10060
-0.101,7327
0.0338,4280
0.00283,4981
0.0867,1779
0.0129,4693
-0.154,8403
-0.0147,5592
0.0398,4074
0.0648,1884
0.0603,2471
0.157,1294
0.0843,2268
0.0905,2104
0.419,1221
0.279,5
-0.0768,7626
-0.0985,9583
-0.106,7200
0.0259,3922
0.168,1235
-0.0686,7125
-0.0707,7615
0.345,163
-0.524,9968
-0.0466,5255
0.102,2551
0.0964,2210
-0.0846,6369
-0.147,8780
0.342,129
-0.125,9665
-0.171,10042
-0.107,9258
0.142,187
0.000717,5209
-0.0837,7719
0.03,3772
-0.0796,6950
-0.425,10301
-0.0186,5585
0.033,3729
-0.243,10300
-0.0185,5790
0.0197,4429
-0.151,8848
0.0126,4524
0.0615,3178
-0.122,9108
0.0085,4901
-0.11,7199
0.0399,3596
-0.0687,8166
0.0659,2311
0.0707,2928
0.118,1639
0.0669,3433
0.145,2773
0.205,842
-0.0344,7024
0.373,804
-0.275,8824
0.126,2188
-0.107,7982
-0.0288,5541
-0.149,8191
0.157,664
0.158,936
0.0192,4314
-0.0634,7407
-0.0917,8594
0.177,623
-0.21,5407
-0.661,9407
-0.235,7886
-0.223,9384
0.171,1257
0.0799,2439
-0.144,9394
0.0683,2926
-0.162,9382
-0.0299,5896
-0.0671,7165
0.0263,4560
0.0255,4186
0.0366,3917
-0.0572,7410
0.112,2487
0.194,2294
0.158,1806
-0.132,7538
-0.0154,5976
-0.109,9058
0.23,669
0.0483,3898
0.0118,4860
0.135,821
0.0822,2263
0.039,3525
0.0184,4567
0.198,556
-0.0444,6697
0.134,1688
-0.00877,5611
-0.0533,7598
0.00645,5003
-0.172,9279
-0.124,8352
-0.206,9491
-0.282,10448
-0.389,10393
-0.321,10459
0.0238,4240
-0.457,9344
-0.173,8595
-0.0923,8166
-0.029,5512
0.162,2141
0.179,1238
0.361,808
0.096,2779
-0.175,10055
-0.127,8939
0.108,2528
0.296,2190
0.0202,4509
-0.125,7763
-0.0497,6615
0.00801,4473
-0.162,8230
0.153,673
-0.0556,7456
-0.141,9340
0.222,560
-0.0367,6573
0.0363,4066
-0.321,9850
-0.0554,7104
0.436,138
0.0674,2740
0.0156,4503
-0.22,8639
-0.0227,5429
-0.0798,8076
-0.286,9677
-0.181,9201
-0.0705,6569
-0.0871,7786
0.0792,2386
-0.0423,7566
0.0958,2327
0.218,290
-0.0812,7443
-0.131,8524
-0.22,10284
-0.181,8030
0.386,1802
0.0339,3759
0.247,322
0.0349,4023
0.368,502
-0.0848,7297
0.00297,5014
0.0171,4470
0.0693,2336
-0.156,9662
0.186,1789
-0.0796,6569
-0.228,9801
0.218,168
0.409,103
-0.00086,4936
-0.154,8871
-0.208,9884
0.156,2342
0.0268,3990
-0.000506,5025
0.192,954
-0.00763,5196
-0.0205,5836
-0.136,7052
-0.14,8944
0.0076,4848
0.0376,3509
-0.186,8982
0.000295,4979
0.2,945
-0.00679,5366
-0.0769,7566
-0.0799,6490
-0.00852,5321
0.0351,4140
0.0313,4115
0.0468,3016
-0.0543,7362
-0.0986,8636
-0.411,7282
-0.139,7403
0.0643,3617
0.209,853
-0.185,9790
-0.108,8442
-0.0968,6452
0.181,634
-0.462,10183
0.0504,2012
-0.0904,7918
0.0122,4971
-0.217,9937
0.441,1022
-0.253,9018
-0.0383,7217
-0.0649,7089
0.122,2559
0.0463,4306
0.182,2497
0.132,928
0.00449,4728
0.114,1864
0.0552,3639
-0.0939,7741
0.384,1232
-0.406,10404
-0.0437,6149
0.113,1179
0.313,469
0.458,623
-0.147,8747
0.0128,4683
-0.0758,7919
-0.198,9881
-0.259,9889
0.0459,4000
0.247,2673
0.128,1486
-0.176,8008
0.0457,3861
0.0151,4537
-0.0792,7896
-0.327,7865
-0.0471,6549
0.0661,3000
-0.0862,9684
0.073,2791
0.0303,4178
0.524,623
0.147,1909
-0.0795,8674
-0.0491,7744
0.131,3027
0.11,2913
0.0771,3448
0.151,2244
0.014,4377
-0.245,10355
0.0178,4277
0.00517,5000
-0.177,9458
-0.117,7978
0.0707,2412
0.215,921
0.0995,2388
0.179,929
0.0248,4238
0.0693,4013
-0.12,9045
-0.0862,7793
0.11,1532
0.116,1906
0.0797,2946
0.119,2152
-0.0174,5718
-0.0422,5709
-0.483,10134
-0.0605,6998
0.00213,4864
0.241,1043
-0.129,9579
0.0087,4601
0.056,2771
-0.0533,7046
-0.0466,6222
0.545,917
-0.0292,6289
-0.131,9830
-0.277,9438
-0.0549,7013
-0.189,9431
0.284,434
-0.208,9923
0.192,116
-0.16,9322
-0.0316,5453
0.128,1234
0.184,1767
-0.0716,7969
-0.00854,5834
-0.275,10267
0.061,3717
-0.147,8521
-0.0459,6884
0.236,147
0.163,2060
-0.022,6091
0.227,780
0.129,2064
-0.14,7336
-0.0997,8104
0.223,60
-0.149,8562
0.0499,3246
-0.0304,5705
0.235,2351
0.00963,4563
-0.00165,5253
0.145,1984
-0.0229,6134
-0.413,9263
-0.0686,7512
0.0674,2200
-0.0505,6777
0.129,1378
0.207,2928
-0.0495,6437
-0.279,9416
-0.0592,6745
0.0898,3086
0.164,2012
0.237,323
2.5,75
0.121,1896
-0.0844,8377
-0.137,8452
0.317,308
0.116,710
0.103,2418
-0.539,9197
-0.114,8151
-0.131,8793
0.072,2396
0.0462,2960
0.226,1049
0.0963,2281
-0.07,6748
-0.0049,5279
-0.106,8209
0.186,801
-0.0297,5083
0.105,2674
-0.108,8570
0.0507,3235
-0.101,7799
-0.0405,7082
0.0906,3578
0.165,560
0.199,642
0.116,2365
0.0989,2750
-0.106,7739
-0.208,7693
-0.0979,8321
0.211,1543
-0.0717,7214
-0.559,10445
0.0156,4386
-0.191,8301
0.0438,2389
0.046,2962
0.00238,4949
-0.067,7609
-0.162,10258
-0.0842,7531
0.0607,3427
0.0935,2047
-0.0518,7088
-0.272,9783
-0.0119,5643
0.373,625
-0.165,8961
-0.201,8055
-0.0135,5351
0.176,834
-0.0174,5777
-0.0462,6302
-0.0755,6131
-0.0992,8570
0.192,2030
0.015,4855
0.00358,4671
0.228,1251
0.117,1702
0.044,2824
-0.126,9700
-0.259,9106
-0.187,8571
0.141,2843
-0.143,8426
-0.0228,6582
-0.0941,9642
0.0668,3795
-0.123,8485
0.0607,3096
-0.0744,7899
0.0424,3589
0.0374,3059
0.0131,4739
0.0207,4869
-0.0669,5230
0.241,67
-0.0744,7578
0.041,2806
0.0182,4489
-0.0649,7986
0.717,630
0.0122,4693
-0.0486,6550
-0.0471,5320
0.269,476
-0.223,9753
-0.135,7750
0.128,2149
-0.00904,5306
-0.0985,8730
0.0136,4561
0.128,2008
-0.258,9606
-0.159,9367
0.0585,2170
0.177,1069
-0.0434,6406
-0.131,6671
0.12,3183
0.0899,1682
-0.129,9722
-0.0781,8210
-0.197,9970
0.207,1153
-0.0877,7576
0.0569,3770
-0.0726,8343
0.176,749
-0.194,9414
0.063,1677
-0.315,9422
-0.41,9542
0.116,2349
-0.0846,7715
-0.0865,7429
0.0736,3423
-0.0507,6495
0.0151,4496
0.111,1519
-0.000427,4965
0.207,991
0.154,1003
-0.186,7588
-0.158,9435
0.015,4315
-0.16,10051
-0.127,7132
0.131,793
-0.0575,6267
0.112,3125
0.0611,2096
0.125,1152
-0.285,8963
-0.0446,6457
0.593,127
0.044,4145
0.0477,4295
-0.0377,6236
-0.0279,6357
-0.0423,6238
-0.234,8952
0.285,1270
0.0946,3404
0.0606,1621
-0.0112,5316
-0.109,8582
0.268,1302
-0.0197,6008
-0.0999,8876
-0.19,9421
-0.116,7400
0.0679,3784
0.109,3937
0.137,2893
0.128,1355
-0.0295,6420
-0.295,10072
0.282,1089
0.157,2655
-0.133,7784
0.052,3442
0.327,56
0.392,23
-0.35,9660
0.0824,3024
0.0675,3245
-0.0617,7368
0.0103,4674
0.378,2742
-0.289,9206
-0.144,10177
-0.119,9954
0.0643,2479
-0.0997,9236
0.27,615
-0.373,10339
0.0177,4251
0.169,1683
0.0162,4583
0.0397,3819
-0.319,10429
0.194,1421
-0.193,7959
0.0398,4267
-0.0634,7674
-0.117,9200
-0.0446,6288
0.0442,3662
-0.00807,5145
0.264,616
-0.0189,5676
-0.00122,5011
-0.111,6646
-0.0328,5240
0.248,1439
0.119,1713
-0.0906,7234
-0.00795,5263
-0.146,6787
-0.0744,8129
-4.45e-06,5108
0.00486,4801
0.108,2306
-0.0774,6549
0.013,4842
-0.312,9758
-0.113,9737
-0.0709,7886
-0.0288,6437
-0.0712,8215
0.111,1841
-0.269,8542
0.323,453
-0.299,8496
-0.00875,5444
0.0586,2821
0.0874,2470
-0.0774,6752
-0.0512,7617
-0.341,10388
0.204,1001
-0.222,8319
-0.145,9055
-0.0657,6261
-0.0754,6131
0.119,2740
-0.113,9154
0.0257,3977
-0.000455,5086
-0.27,9649
-0.333,9106
0.0739,3310
-0.171,9167
-0.11,8337
-0.0448,6643
0.00838,4684
-0.105,7909
-0.282,9584
0.011,4523
-0.0502,7450
0.0225,4327
-0.0586,6979
0.154,2973
0.194,1375
-0.0535,7655
-0.23,9994
-0.0374,6196
-0.0407,5841
-0.0677,6975
0.425,426
-0.159,8802
-0.112,7274
-0.00926,5353
0.112,2342
-0.0862,8986
-0.0489,7186
0.0797,2825
-0.146,9470
-0.0982,7819
0.116,2106
0.28,2370
-0.00718,5509
-0.0414,6238
0.238,623
-0.0468,6764
-0.141,9199
0.113,1719
0.299,1515
-0.0419,7040
-0.098,8729
-0.0814,7203
0.0494,3457
0.00375,4947
0.0257,4268
-0.0909,8718
-0.0765,7767
-0.0769,7333
0.032,4301
-0.213,7630
0.229,1788
-0.0217,6023
0.257,618
-0.164,6750
0.0227,4295
-0.0674,7014
0.0403,3358
0.137,1389
-0.106,8843
-0.202,9606
0.414,1036
0.0599,3870
0.0933,2059
-0.00326,5341
0.221,333
-0.000802,5232
0.223,321
0.142,765
0.174,2268
-0.0464,6333
0.0627,3347
0.13,2271
0.00599,4801
-0.0487,7222
-0.0957,7446
0.0339,3312
-0.0885,7875
0.00254,5061
-0.0506,5151
0.0242,4254
-0.122,8830
0.3,1717
0.0594,3212
0.0216,4297
-0.167,8263
0.218,1609
0.185,1101
0.232,159
0.0439,2918
0.366,1186
-0.0232,5745
-0.0649,6924
-0.128,9449
-0.14,10116
0.0389,3122
-0.0568,6124
-0.145,9028
0.131,3442
0.0292,4009
0.037,3630
0.0854,2242
-0.653,10463
-0.202,9710
-0.0705,7342
-0.166,9522
0.0833,1471
-0.0886,8100
-0.138,8142
0.638,717
0.581,320
0.0791,3227
0.087,1796
-0.166,9885
-0.00231,5008
-0.221,9572
0.0923,3058
-0.187,8101
-0.051,6644
-0.0817,8397
-0.35,10167
-0.396,9590
-0.0215,5773
-0.077,8911
0.0706,3280
-0.0642,5951
0.0602,2367
-0.085,8985
0.0023,4742
0.00241,5232
0.218,1297
0.069,1760
0.00308,4971
0.103,2368
-0.0294,5798
-0.114,9056
0.163,1587
-0.182,9118
-0.0925,8316
-0.197,9191
-0.057,7079
-0.113,6649
0.264,2162
-0.433,9506
0.0134,4518
0.175,679
0.62,379
0.384,121
0.19,718
0.0824,2295
0.00555,4989
0.00542,4813
-0.0941,8207
0.288,2068
0.0348,2981
0.152,1352
0.0552,4104
0.0271,4275
-0.224,8471
-0.161,7414
-0.0579,7886
-0.111,8467
-0.0997,8716
0.174,812
-0.0287,6183
0.136,2593
-0.0114,5787
0.123,1086
0.0825,3696
0.0453,3622
-0.0197,5401
0.0167,4461
-0.0484,7062
-0.0931,7968
-0.00198,5215
-0.0431,6616
0.908,126
0.0257,4187
0.015,4293
0.149,1544
-0.0128,5539
-0.168,9268
-0.0919,7903
-0.158,8561
0.0213,4337
0.0408,3373
0.0759,3322
0.00516,5001
0.193,2893
0.0587,3148
-0.129,8423
0.0994,2528
0.0561,3771
-0.0671,6614
0.0555,3342
-0.359,9206
-0.0661,6720
-0.0543,7069
-0.19,9893
0.0492,3554
0.0322,3979
0.0957,2695
-0.0998,8573
-0.0389,6351
0.242,433
-0.393,9718
0.0724,2317
-0.1,9548
-0.0781,7421
-0.106,8861
-0.101,7375
0.0205,4452
0.038,3996
-0.0495,6933
-0.00516,5283
0.0393,4186
-1.08,10087
-0.107,7358
-0.0263,6439
-0.0453,6008
-0.0476,7608
0.208,2952
0.242,1607
-0.0231,5926
0.00499,4762
1.17,740
0.717,349
0.195,1893
-0.0486,6072
-0.153,10063
-0.0461,6751
0.183,670
-0.175,9334
0.0567,3999
0.0726,2787
-0.114,9667
0.107,329
0.0813,2311
0.0577,3732
-0.141,9787
-0.0767,6622
-0.0239,6262
-0.0315,6864
0.471,143
-0.0247,6274
-0.387,9190
0.00689,4609
-0.0967,7483
-0.00573,5206
0.000714,4885
-0.0883,7536
-0.114,8421
-0.313,8165
0.0235,4295
-0.0277,5652
0.344,219
0.141,927
-0.0718,6111
-0.0937,8445
0.262,353
-0.166,9869
-0.00951,5486
-0.293,9859
0.0263,4632
-0.0125,5390
-0.0205,5867
0.152,403
0.268,2001
-0.152,8274
-0.0543,6666
-0.17,8984
0.00372,5151
0.203,445
0.0872,2856
-0.0443,5846
0.28,1292
0.162,1503
-0.0464,8688
-0.0393,6800
0.0154,4661
-0.0103,5236
0.395,281
0.326,403
0.0929,2840
-0.054,7133
0.058,3398
-0.0427,6058
0.133,2133
0.0476,4379
0.185,662
-0.25,9043
-0.105,8161
0.145,1374
0.0216,4373
-0.0739,7341
0.0141,4564
-0.044,7504
-0.0145,5578
-0.063,6407
-0.0973,6953
-0.342,9284
-0.0303,6572
0.0013,4961
-0.251,8893
-0.21,9197
0.0795,3380
-0.0616,6292
-0.0143,6189
0.0969,3087
0.161,721
-0.279,10317
0.0145,4686
-0.112,6845
0.0591,2727
-0.0681,7611
0.00143,4809
0.107,2093
-0.265,9345
-0.0652,7152
-0.0361,6458
-0.0238,5806
0.00972,4310
-0.0397,7213
-0.0172,6046
-0.0519,6983
0.0051,4942
-0.000457,4809
0.0274,4363
-0.503,10337
-0.255,9212
-0.211,9323
0.0824,2044
-0.154,9661
-0.0187,5814
0.362,295
-0.103,6482
-0.0577,7344
-0.0823,9227
0.0474,3609
0.0158,4446
0.12,2638
0.0947,3203
-0.318,9778
-0.24,10250
0.12,1269
-0.42,10108
-0.113,7664
-0.195,8468
-0.106,9062
-0.143,9197
0.0764,2046
0.0377,3901
0.255,908
0.222,395
0.0694,3045
0.0315,3822
-0.124,9815
0.0688,3149
-0.14,6960
0.247,1703
-0.0495,6514
-0.0164,6096
0.236,1056
0.0175,4080
0.193,899
0.0564,3322
-0.18,8550
-0.0113,5034
-0.0616,7035
0.0898,2371
-0.0529,6752
-0.303,10014
0.196,1286
0.0736,3583
-0.0134,5990
0.306,278
0.0207,4535
0.257,282
-0.0705,7279
0.703,177
0.0602,2481
0.0913,1950
0.00013,5206
0.234,559
0.173,1145
-0.0205,5695
-0.0171,5725
0.226,396
0.26,2292
0.243,1057
0.33,1542
-0.114,9096
0.117,1886
0.052,3032
-0.0215,5759
0.103,1709
-0.113,7816
0.486,213
-0.241,9700
-0.0116,5436
0.0796,3207
0.263,747
-0.13,7760
-0.342,9771
-0.11,8318
0.0214,4053
-0.0963,8636
-0.0886,7663
-0.0938,6927
-0.103,8286
-0.105,6486
0.0772,2447
0.0166,4451
0.0341,3836
0.0187,4182
0.322,165
0.0775,642
0.243,679
0.113,1020
-0.0822,6945
0.0793,2458
0.323,502
-0.25,9326
0.00247,4947
0.0343,3855
0.0256,4797
-0.161,8680
-0.026,5413
0.153,2056
-0.0577,6507
0.0204,4175
0.17,1496
-0.128,8597
0.0407,3970
0.0871,2782
0.283,553
0.038,3572
0.0635,3220
-0.51,10465
-0.127,8624
0.117,3067
-0.111,9551
0.118,1219
-0.0282,5577
-0.0688,7365
-0.177,6769
-0.281,8245
-0.129,9456
-0.0838,8014
-0.08,6804
0.104,2456
0.153,1599
-0.157,7053
-0.0116,5736
-0.132,8663
-0.0818,8091
-0.039,5841
-0.0714,7577
-0.321,6423
-0.0555,8148
0.1,1551
0.00339,4869
0.0251,4316
0.00106,4979
-0.247,8907
-0.111,9603
0.024,3613
-0.108,7470
0.00591,4713
0.0944,3015
0.0942,3105
0.221,1425
-0.117,6862
0.443,476
0.032,4346
-0.14,7568
-0.0278,6063
0.0154,4512
0.0579,2923
0.17,2519
-0.0709,6981
0.318,679
-0.0232,5805
-0.0151,6196
0.173,177
-0.0119,5465
-0.267,9649
-0.408,8159
-0.0503,5640
0.0334,3847
-0.138,8455
-0.409,10030
0.0674,3465
0.251,1695
0.195,1191
0.0286,4305
-0.0103,6473
-0.389,10282
0.196,2720
0.105,2072
-0.0531,6660
-0.0325,6578
0.204,1491
0.413,1954
0.155,1364
0.113,2354
0.109,2897
-0.287,9319
0.0179,4235
0.0607,3365
-0.0285,6675
0.0122,4716
0.0188,4473
0.0261,3615
0.00236,5043
-0.0595,6092
-0.0872,6918
0.365,286
0.169,2571
0.295,1478
-0.0508,8275
0.0944,2624
-0.0472,6400
0.0894,2618
-0.0115,5294
-0.0497,6083
-0.238,9547
0.0917,3169
-0.128,9287
0.0332,4030
0.0796,2446
-0.0971,8252
0.039,3355
-0.00456,5124
-0.179,9158
0.201,876
0.0167,4886
-0.0359,5893
-0.0216,5866
0.062,3398
0.0707,3219
-0.451,9877
0.458,857
-0.0185,5555
-0.181,8798
-0.0175,5696
-0.054,6489
0.0728,2950
-0.113,7087
-0.121,9386
0.0273,4233
0.0997,2527
-0.0624,6655
0.00157,4987
0.0363,3957
0.0682,2460
-0.0128,5496
-0.0474,5739
-0.103,8799
0.0055,4627
-0.153,7746
-0.0248,7229
0.0114,4619
-0.0053,4944
-0.0556,6648
-0.106,7861
-0.482,10006
0.177,1172
0.0222,3948
-0.0177,5642
-0.0344,6642
-0.124,7351
-0.0419,6037
-0.0851,6299
0.0469,3654
0.259,350
-0.0685,8004
-0.0608,6076
-0.306,9994
0.193,1745
0.0565,3654
-0.15,8403
0.304,754
0.096,2403
0.0988,2276
-0.0455,7124
-0.0974,8997
-0.074,6762
-0.00299,5003
-0.046,5696
-0.331,10086
0.209,726
0.0234,3573
0.198,549
0.0348,3773
0.0445,4179
0.0656,3378
0.129,977
-0.0339,5978
0.0967,2925
0.0379,4376
0.00747,5067
0.134,1342
0.136,837
-0.0708,9033
-0.156,7704
0.0253,4476
0.0776,3207
-0.267,9526
0.498,70
0.245,336
0.06,3045
0.016,4684
0.179,1927
-0.176,8639
0.0587,2695
0.064,3635
-0.173,8741
0.12,1439
-0.166,8997
-0.131,8913
0.0632,2521
-0.0224,6263
-0.152,9032
-0.0498,6105
-0.115,6576
0.0106,4650
-0.0819,8101
0.138,1843
-0.00489,5216
-0.0499,6100
0.112,895
0.0679,3377
-0.00988,5393
0.0281,4369
0.0706,2898
-0.0023,5224
-0.206,10005
0.0221,4327
0.152,1580
-0.000793,4979
0.0637,3415
-0.165,9470
-0.173,9476
-0.0904,7356
-0.0252,6071
-0.027,6859
0.0817,2068
0.0317,4099
0.0937,3341
-0.0512,8182
0.123,357
0.0512,3525
0.0771,3057
-0.0688,7434
-0.312,10010
0.000309,4927
0.255,74
0.108,1443
-0.0141,5269
0.18,980
0.198,1247
0.109,1126
0.0302,2896
-0.0159,6402
-0.906,9548
0.314,1535
-0.0764,7262
0.112,2384
0.0976,1755
-0.0982,7824
-0.0384,5321
0.384,452
-0.0358,5724
-0.0776,7357
-0.00564,5536
-0.0332,5745
-0.129,8991
0.268,1633
0.439,826
-0.04,6584
-0.021,5584
-0.0672,6898
0.0389,2991
0.0548,3604
0.00266,5084
-0.281,10115
0.0406,3145
-0.0501,6749
-0.162,9932
-0.256,9664
0.169,2744
-0.0789,8597
-0.0393,6568
0.108,1503
-0.057,6948
0.000579,4914
-0.0187,5530
0.0172,4410
0.0651,3978
-0.204,9676
0.00798,4659
0.0891,3715
-0.0188,4676
-0.00946,5449
-0.0443,6650
-0.061,6892
-0.0479,6031
0.0205,4267
0.109,1520
-0.263,10401
0.0566,2605
-0.498,10457
-0.106,7941
0.0211,4494
0.0377,4018
-0.0548,8850
0.105,1916
0.111,1883
0.0142,4524
-0.0526,7047
0.00935,4635
-0.102,8194
-0.161,9576
-0.0276,5808
-0.146,8482
0.131,2396
0.039,3826
0.0676,3461
-0.0347,6220
-0.0594,7777
-0.117,8090
-0.0745,6634
-0.236,9343
0.0569,2477
0.0361,4269
-0.109,8984
-0.0787,7284
0.0127,4597
0.12,2511
-0.0784,7621
-0.0642,8101
0.126,1080
0.00841,4705
-0.126,6069
-0.025,4913
-0.00155,5176
0.069,2938
-0.0766,6683
-0.204,9853
-0.208,10322
-0.104,6308
-0.0111,5883
0.0713,3137
-0.295,10294
0.0681,2191
-0.233,9185
0.00877,5049
0.226,273
0.0219,4262
0.0241,4611
-0.0437,6502
0.722,273
0.041,3975
0.127,824
0.122,2313
0.0198,4188
0.0434,3901
-0.631,9645
0.168,2899
-0.0832,8934
-0.0869,6508
0.0806,2212
-0.0142,5376
0.239,2040
-0.468,9740
-0.0239,6370
0.459,758
-0.216,8103
-0.0392,6521
0.0366,4389
-0.195,9392
-0.0822,8806
0.166,1057
-0.183,10055
0.0055,4714
0.0273,4117
0.045,3763
-0.0295,6946
0.0127,4601
-0.287,9515
-0.0866,6413
-0.012,5470
0.161,2556
-0.127,9238
-0.141,9289
0.0696,2966
0.0138,4597
0.266,243
-0.0388,6040
0.134,639
0.0621,3160
-0.0942,8023
-0.0312,6479
-0.0781,6532
-0.0325,5745
0.176,793
0.141,865
-0.0285,6194
0.0468,3675
0.0466,3501
0.341,1183
-0.0535,7560
0.0447,3009
-0.0211,5859
0.119,1832
-0.0231,5687
0.13,2108
-0.0292,5809
0.0964,1907
-0.19,8530
0.373,638
-0.0567,6981
0.0676,3978
-0.14,9596
0.0243,3755
-0.114,7906
0.175,1925
0.0263,4421
0.0411,4320
0.0693,2402
0.0279,3979
-0.103,6263
-0.0307,6067
0.223,740
0.0601,2856
0.17,733
0.0131,4644
0.0932,2064
0.293,687
0.0441,4059
-0.324,9549
-0.339,10407
-0.0473,7174
0.00768,5006
-0.016,6127
0.155,2627
-0.179,9904
-0.0323,5765
-0.106,8983
0.0556,2746
0.024,4262
-0.109,9766
0.111,1986
-0.000222,4997
0.027,3866
0.0105,4768
-0.0264,6187
0.0203,4454
0.169,1864
0.0416,2984
0.118,678
-0.257,10258
0.0171,4506
0.0705,1823
0.213,1525
-0.0935,8137
-0.0187,5985
0.0603,3580
0.218,912
-0.252,10268
0.197,1224
0.067,3066
0.0192,3964
0.116,1813
0.219,687
0.0414,4094
0.175,773
0.043,3284
0.0596,3420
-0.112,7433
0.113,1669
0.193,1723
-0.0503,6505
-0.112,8477
-0.0846,9763
-0.152,8622
0.0427,3152
0.121,2049
0.241,827
0.0668,2596
0.0456,2307
-0.00927,5447
0.195,762
-0.113,8282
-0.349,8618
0.149,1183
-0.0179,5974
-0.123,7330
-0.0644,8468
0.0297,3651
0.128,1852
-0.298,10201
-0.00528,5343
0.00572,4911
0.0573,3435
-0.124,7973
0.25,2286
0.0662,3642
-0.167,9595
0.261,1416
-0.0734,7530
0.0978,3692
0.386,690
0.115,1643
0.156,728
0.214,1332
0.238,1784
0.218,1028
-0.15,9429
0.0215,3981
-0.0327,6616
-0.088,8228
0.0416,4384
-0.103,7981
0.299,1883
-0.138,7982
0.0792,2450
0.506,256
0.0132,4615
-0.0743,6009
0.289,918
-0.0946,7373
0.045,3286
-0.126,9503
9.56e-05,5093
-0.101,7541
-0.0194,5238
-0.0867,8352
-0.21,9121
0.212,1343
0.0823,3251
-0.148,8133
-0.312,10453
0.0637,3200
-0.119,9978
-0.0684,6893
0.115,2186
-0.0763,6788
-0.00115,5314
-0.0255,5884
0.0507,2017
0.0779,2816
0.301,2345
0.385,286
-0.0177,5291
-0.0332,7763
0.186,286
0.171,1316
0.104,1689
0.188,1433
-0.317,10102
-0.131,8617
-0.0124,5848
-0.108,8622
-0.0256,6587
-0.282,10365
-0.0558,7207
0.147,951
0.271,258
-0.0505,6077
0.0441,4232
0.312,1228
-0.0329,6614
0.0332,3899
-0.0611,6305
-0.135,7822
0.0707,3634
0.4,2375
0.192,2077
0.0316,3781
-0.119,9112
0.101,2425
-0.0165,5479
-0.0715,5954
0.279,563
0.154,1499
0.0885,2646
0.244,287
0.132,1684
-0.262,8756
-0.13,9961
-0.0112,5761
-0.129,9322
0.127,1439
-0.151,7387
-0.266,9550
-0.0222,4741
-0.0734,7693
0.11,1791
-0.114,7926
-0.106,8239
-0.338,10238
0.0813,3181
-0.0985,7995
-0.0223,6464
0.0595,2981
-0.14,9015
0.0292,4181
0.018,4434
0.125,442
0.0136,4486
-0.0757,7046
-0.00894,5381
-0.073,8944
-0.0191,5354
0.102,1830
0.0939,1669
0.0189,4516
-0.0196,5415
0.0501,3832
0.0102,4647
0.0353,3585
-0.0547,6944
-0.116,9726
-0.0857,8204
0.132,1343
-0.564,10000
0.0835,2685
-0.0217,5805
-0.035,6295
-0.024,6291
0.198,936
-0.011,5728
-0.0204,7179
0.0359,3697
0.0814,2878
-0.0884,7613
-0.0994,6572
-0.278,8353
0.024,4226
-0.126,9399
-0.341,10122
0.23,1725
-0.129,9784
0.0254,4668
-0.137,8065
0.0163,4237
0.0984,2179
-0.103,7427
-0.023,5643
-0.371,9931
-0.00415,5461
0.0715,3142
0.102,2869
-0.155,7810
-0.179,9036
-0.0226,5217
0.119,2896
-0.0332,6367
2.22e-16,1942
