coef,rank
-0.531,9131
-0.0218,5283
0.168,1801
0.111,3409
-0.401,8904
0.169,1278
-0.173,10144
0.0204,4390
0.143,2033
0.123,2311
0.13,1350
0.128,721
-0.138,9484
-0.179,9115
-0.0294,5363
-0.558,9650
0.0454,2515
0.114,322
0.0749,2749
0.209,562
0.182,1696
0.349,1536
0.15,1395
-0.154,9176
-0.0394,5445
-0.187,8777
0.0508,3206
-0.251,5584
0.293,776
-0.27,10415
0.00472,5028
-0.392,9643
-0.158,8621
0.526,398
-0.0721,7634
0.0682,1969
-0.0782,7936
0.288,1009
-0.0803,7304
-0.0344,5883
0.014,4153
-0.0854,9727
-0.192,9089
-0.111,8935
-0.00936,5194
0.00194,4793
-0.0144,5840
0.049,2186
0.138,2266
0.00572,4811
-0.0869,7225
-0.0197,5364
-0.0767,7281
-0.0217,6248
0.166,1459
0.167,1829
0.428,1127
0.381,285
-0.101,9560
-0.0275,6248
-0.0872,6885
-0.0653,6800
-0.0348,6761
0.00642,4776
0.0508,3008
0.0693,2293
0.0325,3863
-0.029,6210
-0.067,6989
-0.216,6255
-0.0577,7746
0.217,251
-0.0517,6446
-0.0924,7215
0.0265,4644
-0.281,10427
-0.00715,5397
0.0997,1794
-0.023,6174
-0.046,6863
0.127,3751
-0.0156,5035
0.0601,2384
0.0881,1807
0.0126,4641
0.175,2077
-0.072,7640
0.011,4623
0.0417,2819
0.093,941
-0.151,8501
0.212,1010
-0.0492,6072
-0.254,9770
-0.173,9072
0.00303,4924
-0.0218,5099
-0.0237,6219
-0.0361,6441
-0.0906,7657
0.101,1373
0.166,870
-0.00956,5479
0.136,2302
-0.247,8940
-0.027,5699
-0.0565,5973
0.0423,3980
0.0437,3739
-0.00252,5054
-0.0429,5367
-0.0186,5076
0.103,1108
0.0718,1552
-0.21,9840
-0.0967,8208
-0.0599,7543
0.0665,3228
0.0569,3555
0.011,4360
-0.0414,7352
0.0366,3409
0.0174,4559
-0.143,6850
0.11,1177
-0.227,9058
0.231,1489
-0.143,8638
-0.0287,5725
0.0825,2790
0.0827,1868
-0.227,10229
0.00757,4823
-0.081,8055
0.889,1578
-0.0286,5339
-0.112,9140
0.105,1812
-0.218,8053
0.0522,2766
-0.0438,6017
0.00216,4776
0.0728,2832
-0.0474,7101
-0.141,8246
-0.111,7661
-0.0565,7547
0.0493,3968
0.0634,3111
0.104,1356
0.889,636
0.067,3422
0.259,1415
-0.0101,5249
-0.148,8897
-0.0778,7732
0.0498,4071
0.181,864
0.169,1445
-0.134,8600
-0.0188,5572
-0.0515,8037
-0.16,9165
0.0355,4285
-0.0762,8259
-0.0666,8236
-0.254,10242
0.073,2354
-0.0992,7584
0.219,1720
-0.0151,5908
-0.104,9172
-0.0714,9402
0.121,1600
-0.0447,6971
0.0318,3962
0.0741,3853
0.0546,2048
-0.0114,5467
-0.1,7495
0.0231,4207
0.0953,1599
0.0426,2991
0.06,1094
0.106,1865
0.0897,1814
-0.0557,6582
0.0579,2950
0.0301,4385
-0.0747,8133
0.122,1589
0.0374,2597
-0.0191,5784
0.0569,3603
-0.0468,5700
0.0509,3162
0.0198,4477
-0.0254,5512
-0.0616,8445
0.258,924
-0.0201,5406
0.183,2019
-0.0333,6668
-0.187,9177
0.132,2164
-0.311,10045
0.0319,3823
0.0966,2765
0.0744,2267
-0.0993,9005
-0.079,8296
-0.285,10112
-0.0297,5511
0.467,17
0.00326,4738
-0.024,6145
-0.147,9152
0.0312,4061
-0.108,6776
-0.207,4616
-0.258,10236
0.0648,2237
-0.0118,5982
0.0884,3130
-0.268,9065
0.303,419
0.0779,2525
-0.00562,5265
-0.109,9800
-0.119,7275
0.111,2008
-0.0857,6596
0.068,3804
0.137,198
0.0247,4276
-0.202,9483
0.0244,4356
0.0617,3337
-0.0736,6469
0.103,3657
0.223,2067
-0.0523,7222
-0.104,8783
0.0265,4118
0.0639,2785
0.0417,3530
-0.214,9467
0.197,440
-0.17,8873
-0.0727,8011
0.061,1969
-0.293,9619
0.102,3265
-0.105,6809
-0.124,6534
-0.0416,6581
0.0118,4368
0.0582,2984
0.134,1746
0.0603,3558
0.0646,3344
0.0486,2944
-0.166,9453
-0.0926,6774
0.174,717
0.00193,4832
0.524,763
-0.0158,5456
-0.00282,5428
0.0203,4435
0.132,1368
0.11,2546
-0.017,5761
0.0859,2395
0.0171,4625
-0.227,10188
0.117,1912
0.0174,4740
0.129,1498
0.174,845
-0.085,6727
0.0213,4569
0.0126,4770
0.0947,2747
0.0832,2816
0.102,1030
0.18,1125
-0.341,10325
-0.0967,7299
0.0724,3329
-0.238,8921
-0.0158,6062
-0.128,9655
-0.211,8478
0.0632,2976
0.162,1948
-0.0182,5494
0.0398,3704
0.122,1344
0.051,3593
0.254,363
0.0886,3053
0.485,753
-0.0855,8876
0.0944,3286
-0.0414,6756
0.324,1348
0.0513,3842
0.188,326
-0.0293,6841
0.0234,4198
-0.052,6592
0.374,711
-0.0487,5893
-0.077,7106
-0.516,10417
-0.155,8593
0.124,2664
0.05,3388
-0.0358,5812
-0.391,9819
0.0763,1920
0.212,344
-0.181,10148
-0.215,9766
0.0471,2559
0.199,2909
-0.124,9809
0.0435,3165
0.297,690
-0.0574,6413
-0.196,8973
-0.228,4435
0.0473,3213
-0.000321,5215
-0.389,10475
-0.0564,7486
0.0187,4479
-0.256,9036
0.0207,4002
-1.07,10353
-0.112,7303
0.0291,3402
0.0263,3500
-0.117,7750
0.0521,2677
0.049,3620
1.98,530
0.112,3595
0.975,1487
-0.688,8928
-1.03,10397
0.017,4469
0.177,2037
-0.0779,7604
-0.166,8727
0.0203,4102
0.0209,3605
-0.883,10336
0.115,2952
0.333,513
1.14,53
-0.0189,5489
-0.0154,5914
0.496,658
-0.277,9974
-0.0486,6932
0.238,217
0.167,1890
-0.209,10381
-0.0275,5846
-0.145,8211
-0.0293,5810
-0.00834,4927
-0.0278,5566
0.0751,2474
-0.169,8522
0.0275,3690
0.174,1346
0.411,1642
-0.0397,6701
0.112,1405
-0.0381,6291
-0.027,5947
0.0213,4592
-0.0132,5593
-0.118,8784
-0.0779,7843
-0.103,8094
0.133,2740
-0.105,8289
0.106,3083
0.0274,4459
0.107,1777
-0.0846,6416
-0.272,10427
0.123,2586
-0.268,10287
0.213,537
-0.0686,7772
-0.188,9941
-0.167,8230
-0.285,9990
0.0855,3953
0.0531,722
-0.118,9304
0.391,315
0.419,340
0.437,121
-0.165,8863
-0.0139,5607
-0.00026,4901
-0.0318,9284
-0.0325,6258
-0.368,10001
0.209,649
-0.107,7147
-0.0468,7772
0.0172,4493
-0.081,6999
-0.0925,7852
0.285,777
-0.0469,5762
0.0289,3800
-0.138,8894
0.0162,4594
-0.164,8822
-0.00787,5242
-0.0068,5533
0.00338,5158
-0.188,9260
0.153,1254
-0.091,7323
-0.136,9330
-0.226,9511
0.0487,3326
-0.0509,8051
0.0588,3850
0.0155,4506
0.0212,4600
0.638,298
-0.134,9781
0.0716,2983
0.32,442
-0.165,7031
-0.0694,6465
0.115,2838
-0.143,9713
0.151,2501
-0.154,7488
-0.21,9867
-0.041,6006
-0.0662,7175
-0.158,9944
0.0465,2342
0.0998,2546
0.0331,4197
-0.113,7995
-0.207,10144
-0.102,8833
0.489,69
-0.00431,4971
-0.0312,5610
-0.194,9518
0.0529,3513
0.066,2926
0.0439,3624
0.133,1801
-0.0717,6969
0.148,674
0.142,1280
0.0692,3102
0.0675,3576
-0.13,9415
0.339,810
-0.0776,7384
-0.00528,5105
-0.0471,7120
0.107,3298
-0.174,10052
-0.082,7099
-0.106,7490
-0.0368,6567
0.0329,3978
-0.0563,7791
-0.00522,5357
0.0477,3106
-0.127,8914
0.192,841
0.00148,5120
0.0859,2387
0.11,1476
0.129,3161
-0.0693,5841
0.0859,2153
-0.296,10432
-0.0728,7977
0.345,113
-0.176,9507
0.139,2540
-0.0519,7135
0.0824,1060
-0.00581,5395
0.113,3107
0.193,727
-0.145,7022
0.222,1736
0.292,824
-0.0982,9181
-0.386,9098
0.0278,4404
0.234,1672
0.212,2361
0.0478,2670
-0.0319,6843
0.108,1561
0.249,328
0.32,675
0.101,2721
-0.0805,8498
0.242,383
-0.183,7762
-0.232,9600
-0.0958,7171
-0.192,7491
-0.0804,8773
-0.0133,5479
0.0292,4477
0.215,351
0.000814,5179
0.345,242
0.0737,2437
-0.0323,7227
1.12,770
2.16,318
-0.664,10105
-0.0019,5183
-0.0385,5841
0.0768,2690
0.166,1626
-0.181,8745
0.102,2225
0.00456,5206
0.062,3583
-0.164,9267
-0.0432,6771
-0.594,9929
-0.0244,4608
0.0335,3689
0.352,345
-0.0404,6582
-0.148,8662
-0.05,6225
-0.0886,7808
0.209,847
0.073,3061
0.173,1035
0.00431,4994
0.0498,3797
-0.1,8039
0.0403,3410
0.19,500
-0.14,9382
0.0202,4255
0.108,2639
-0.0935,8710
0.00542,5006
-0.055,6445
-0.0405,6284
-0.083,7390
-0.19,9760
0.0362,4130
-0.162,9443
-0.0465,7310
0.203,2245
-0.154,9579
-0.0518,6101
0.153,3094
0.00537,4851
-0.00122,4876
-0.34,10088
-0.0536,7255
-0.0275,6430
0.0625,3805
-0.09,8694
0.178,555
-0.00847,5331
0.067,2843
0.0292,4344
-0.237,8499
-0.00128,5161
0.0444,3798
-0.223,9506
0.15,1747
-0.123,8616
0.131,1227
-0.239,10150
-0.081,8215
0.119,2552
-0.247,9254
-0.109,8144
0.0269,4428
0.016,4335
-0.109,9443
-0.329,10098
0.0117,4651
-0.00115,4969
-0.118,7042
0.126,1438
-0.194,10190
-0.235,9781
-0.0394,6607
0.167,1704
0.193,1387
-0.0731,7486
-0.00178,4999
-0.00645,5333
-0.00378,5141
0.0519,3547
0.111,2013
-0.00736,5428
0.0803,3132
0.0502,2909
-0.0908,4536
0.124,3536
-0.111,8934
0.0728,1804
-0.0116,5626
0.161,512
-0.472,10449
-0.0459,6424
-0.043,7253
0.00128,5165
0.142,780
-0.0501,6336
-0.114,7002
-0.155,8440
0.0824,2774
0.166,1306
0.354,2645
0.149,1330
-0.117,7145
-0.248,9892
-0.0227,6244
0.0339,3769
0.683,2090
-0.0807,8282
0.115,3232
0.0296,4367
0.0754,1679
-0.103,7136
0.748,1214
0.0548,3733
0.0884,3432
-0.0565,6002
-0.0228,6040
-0.0575,6386
-0.0961,8023
-0.0273,7037
0.0217,4229
-0.109,7369
0.0146,4309
0.129,873
0.0588,3121
0.0137,4420
0.124,2561
-0.122,9027
-0.0473,5868
0.00283,4933
-0.0483,6620
-0.0616,7330
0.213,1233
-0.131,7253
0.128,2355
-0.282,10128
-0.0196,6032
-0.0352,6564
-0.0576,6286
-0.0543,7718
-0.201,9549
0.491,213
-0.117,9148
-0.0727,6699
-0.0448,6123
-0.255,6987
0.0646,3244
0.0481,4044
0.16,991
0.095,1940
0.133,2441
0.131,2901
0.315,296
0.212,1931
0.24,1137
0.164,1227
0.208,647
-0.0414,5358
-0.216,9655
-0.063,6964
-0.0477,6663
0.174,952
0.151,590
-0.2,9371
-0.0228,5432
-0.734,10112
0.0777,2102
-0.0527,7689
-0.0305,6542
-0.0161,5353
0.0638,1962
0.439,648
0.067,2809
0.18,284
-0.366,10169
-0.0274,5813
-0.296,10295
0.08,3134
-0.17,9250
0.0544,3094
-0.481,10169
-0.129,7136
-0.468,9490
-0.159,7705
0.0793,1511
-0.179,9174
-0.337,10294
0.0865,1991
-0.0506,6869
0.273,1656
0.176,1151
-0.115,8551
-0.0979,7865
-0.0965,8515
0.0454,4302
0.113,3831
-0.0687,8224
-0.0496,7738
-0.136,9128
-0.123,8567
-0.414,10438
0.0309,4315
0.16,569
-0.0282,6096
-0.00683,5172
0.0477,4111
-0.0207,5412
-0.0267,6277
0.0538,3107
0.0282,3921
-0.06,6972
0.145,2843
0.0424,2822
-0.0388,6205
-0.234,9251
-0.0819,8791
0.0265,4067
0.079,2853
-0.0605,7008
-0.188,8329
0.267,284
0.074,3088
-0.135,8446
-0.148,7399
0.2,1479
0.127,2496
-0.0319,6833
-0.223,8653
0.285,1791
0.211,959
0.364,535
-0.387,10419
0.019,4353
0.0409,3670
-0.123,7237
-0.0501,7776
-0.151,7207
-0.121,7293
-0.344,10376
-0.0117,5611
-0.126,8494
-0.252,9843
-0.0699,6755
-0.264,9818
-0.026,6287
0.0497,3534
0.0189,2864
-0.0526,10425
-0.0396,9875
-0.00752,6952
-0.000674,5348
0.16,2476
-0.351,10256
0.481,2291
-0.246,10360
-0.176,9435
0.219,2071
-0.246,9147
0.0661,3618
0.0948,1815
0.213,1476
0.0281,4234
-0.208,8555
-0.0161,6398
0.192,805
-0.118,8759
0.254,2621
-0.202,6801
0.127,3104
0.0232,4311
0.157,1663
0.296,433
-0.162,6404
0.194,1407
0.146,2208
0.453,1043
0.193,738
0.213,441
0.694,170
0.0507,3742
0.182,450
0.0422,3372
0.194,2485
0.0704,3256
0.114,1904
0.179,2210
-0.259,9979
-0.114,9365
0.0661,1134
0.0857,2801
-0.143,9083
-0.0161,5555
-0.107,6950
-0.0596,6304
0.0586,3385
-0.0101,5055
-0.0407,6494
0.247,750
-0.0703,7669
-0.0782,8320
-0.167,9392
0.134,1333
-0.109,9326
-0.19,8360
0.173,2791
-0.0423,6539
-0.0672,7653
-0.296,9784
0.00774,4561
0.0296,4440
-0.154,7617
0.0676,2695
0.0967,2472
0.152,2612
-0.0186,6065
-0.0712,6969
-0.0738,7751
-0.128,9502
-0.0302,6358
0.122,1109
0.0977,2207
0.0762,3104
-0.0855,6622
-0.00537,5565
0.141,583
-0.184,7161
-0.172,8136
0.168,871
0.00682,4964
-0.118,8345
-0.0841,8688
0.0967,1953
0.0169,4304
0.305,143
0.395,21
0.215,2846
0.104,2051
0.157,3322
0.0409,3029
0.104,1824
0.0191,4214
-0.796,8759
0.186,3165
0.129,3175
-0.127,6775
0.00465,5127
-0.371,9556
-0.00108,5071
-0.0801,7816
0.077,2903
-0.158,9631
0.147,1585
-0.0828,7629
-0.16,8829
0.0271,3971
0.0264,4287
-0.00724,5169
0.317,676
0.0226,4237
-0.122,7797
-0.104,7211
0.0766,3133
-0.337,10435
-1.22,10363
0.384,2141
0.0987,2606
-0.168,7297
-0.0743,6621
0.214,1308
0.0996,3150
-0.187,9940
-0.255,10170
-0.171,10252
0.231,398
0.0694,1062
0.213,775
0.314,446
0.0409,3938
0.0132,4373
-0.0272,5463
0.0494,2755
0.163,2674
0.152,1989
0.284,1488
-0.111,7932
0.168,193
-0.186,9721
0.49,986
-0.0903,7911
-0.145,9370
0.126,2968
-0.083,8669
0.172,1580
0.142,2601
-0.00679,5293
0.166,1087
0.0663,3657
-0.0675,8982
-0.189,10257
-0.503,8071
-0.214,5929
-0.38,10262
0.0103,4775
0.0715,3655
-0.362,10224
0.00297,4872
-0.24,9263
-0.151,9176
-0.164,7770
0.0182,4050
-0.206,9264
0.227,2833
-0.0725,5672
0.285,2614
-0.119,8808
0.0679,3160
0.358,85
0.736,85
-0.588,10343
-0.396,8868
-0.0606,8175
-0.0396,6397
0.395,771
-0.00955,5325
0.0175,4791
-0.166,9850
-0.0201,6070
-0.0353,6882
-0.0469,8449
-0.0898,7763
0.11,1236
0.00506,4987
0.00742,4827
0.000136,4741
0.228,622
0.015,4310
-0.131,7007
0.16,2690
0.146,1545
0.161,1188
0.137,1457
0.138,2128
-0.112,7940
0.101,2764
0.124,2031
-0.105,8927
-0.797,8468
0.374,739
0.495,889
-0.185,8473
-0.255,9889
0.215,465
-0.355,10095
0.103,2401
-0.0588,6821
0.0333,4129
0.0597,3225
0.00411,4599
-0.0151,5301
-0.273,6176
-0.0597,5632
-0.101,7594
-0.0325,6562
0.0279,4167
-0.209,8982
-0.139,9084
-0.118,6454
-0.109,9117
0.0161,4551
0.0363,3300
-0.135,8277
0.0109,4767
0.0664,3898
0.182,2009
-0.152,7795
0.0201,4177
-0.077,7371
0.0784,2501
0.353,306
-0.0755,5597
0.054,3131
-0.0283,6054
-0.194,8445
0.412,13
0.274,474
-0.505,10362
0.147,938
0.0187,4268
-0.227,9331
0.184,1233
-0.313,9736
0.0427,4363
-0.0797,7490
-0.11,8977
-0.0513,6968
-0.0698,6715
-0.103,8888
-0.571,10009
-0.105,9764
0.0396,3454
-0.673,10473
0.138,2204
-0.324,9714
-0.225,9860
0.183,1093
-0.41,10416
0.185,1846
-0.22,9653
0.0553,2330
-0.103,8766
-0.244,10434
-0.175,9966
0.0447,3343
0.0679,2518
-0.0156,5464
-0.46,10458
-0.0557,7559
-0.0164,5780
-0.278,10456
-0.479,10426
0.23,351
0.213,1781
-0.1,7897
-0.0181,6039
0.48,523
-0.134,8527
-0.13,8506
0.28,1791
0.048,3644
-0.071,7562
-0.0521,5811
-0.114,8563
-0.915,10382
-0.0616,7180
0.0102,4937
0.147,1158
0.0318,3912
-0.0151,5415
-1.28,10207
0.0257,4018
-0.101,8058
-0.153,9914
0.46,343
0.395,1002
-0.16,9546
0.0631,2904
-0.0766,8516
0.0736,2900
-0.00725,5458
0.106,2580
0.0843,2998
-0.0288,6147
-0.122,9226
0.135,802
-0.0539,7296
0.0945,3418
0.249,974
0.127,577
0.0231,4019
0.0567,3555
0.142,1173
-0.14,7002
0.125,2554
-0.191,9359
0.0331,4258
0.0229,4532
0.0152,4680
0.258,1533
0.324,860
0.00623,4900
0.037,3252
-0.00697,4842
-0.0304,6219
-0.0804,7945
0.523,118
0.0466,3124
0.191,144
-0.0641,6172
-0.147,8840
0.0575,3573
0.112,3561
-0.222,9293
-0.0969,9329
-0.119,9332
0.0641,3540
-0.0332,6664
0.194,2209
-0.0299,6953
0.117,2250
-0.0451,5619
-0.171,6860
-0.603,10014
-0.385,10185
-0.0826,7524
0.0958,1457
0.00683,4842
0.0656,2490
-0.312,9381
-0.0872,7125
-0.115,9493
0.0955,1516
0.0497,3937
0.0431,4193
0.159,1480
-0.204,9999
-0.0855,9065
-0.119,8409
0.0156,4665
-0.0819,7723
-0.0182,5750
0.234,1954
0.11,1993
-0.111,7041
-0.0335,6365
0.0452,4120
0.0309,3541
0.154,1800
-0.0306,6884
0.362,289
0.105,1770
0.173,477
-0.17,7017
-0.0653,6701
0.0498,2127
-0.0112,4975
0.014,4537
-0.199,9450
0.242,1314
0.0548,4081
0.0263,3847
0.0327,3628
0.107,2908
-0.0464,5762
-0.267,9926
0.0976,2548
-0.139,8894
-0.0549,7365
-0.261,6645
-0.141,8640
-0.374,9982
-0.12,8670
-0.0931,8125
0.256,2061
-0.354,10463
-0.00803,5013
0.122,3019
0.00698,4783
-0.0257,6363
0.0205,4403
-0.0191,5564
-0.135,9716
-0.2,9567
-0.199,10173
-0.121,9656
0.0158,4277
-0.0601,7991
0.24,2265
0.111,2677
-0.0629,7440
-0.0538,6818
0.0153,4720
0.573,2057
0.504,694
-0.126,7663
-0.272,6248
-0.0385,6457
0.429,180
0.0652,2973
0.173,834
0.129,1972
0.137,1894
-0.0941,6895
0.0812,1580
-0.212,10230
-0.136,8773
0.0572,3984
0.0993,3260
-0.267,10347
0.0176,4103
-0.125,8843
-0.0678,7322
0.135,1425
-0.152,9710
0.0686,1958
0.22,144
-0.0209,5879
-0.0916,6959
0.282,2398
0.369,1015
-0.109,7999
0.0428,3714
0.0919,2708
-0.0323,6711
0.376,245
0.113,2846
-0.11,7863
-0.0777,7752
-0.274,10211
1.1,356
-0.0944,7728
-0.145,7207
0.221,147
-0.108,8800
-0.153,9984
-0.0469,5688
-0.00621,5578
0.193,1425
0.0867,904
-0.017,5719
0.135,1346
-0.17,9546
0.0712,2680
-0.103,7132
-0.677,10440
-0.149,7198
0.0983,3040
0.0187,4771
0.0164,4711
0.615,1251
-0.206,9961
0.134,2817
-0.00326,5231
0.0409,3999
-0.193,9208
0.0797,3844
0.126,1308
-0.0644,7082
0.052,3487
-0.466,10044
0.0126,4504
0.0326,4028
-0.0653,8173
0.0532,3369
-0.112,6447
0.22,390
-0.17,6932
-0.0191,5848
0.103,429
0.166,2019
0.0101,4568
-0.237,8837
-0.029,6118
0.154,578
-0.116,9029
0.344,305
-0.00199,5317
-0.0347,6483
-0.0722,8347
-0.0858,8985
-0.0409,6585
-0.31,10393
0.29,1095
-0.184,8781
0.103,1188
0.0498,3454
0.0492,3565
-0.0836,7820
0.0172,4950
0.261,1440
0.11,2653
0.0348,3649
-0.112,9071
-0.00742,5146
0.0479,3345
-0.0172,5113
0.101,1179
0.137,774
0.0418,3088
-0.0346,5695
-0.0552,7697
-0.196,7820
0.238,272
-0.02,6317
0.0689,2046
0.0816,2720
0.144,1263
-0.112,7970
-0.301,9443
0.12,2144
-0.17,10325
-0.0959,7231
0.0686,2798
-0.23,8618
-0.0542,6102
-0.267,10236
-0.113,9740
-0.185,9929
0.000162,5173
0.204,752
0.00415,4709
0.0885,2656
-0.0502,7204
0.0901,2919
0.0609,3362
-0.0858,7430
-0.322,9993
-0.0544,6679
-0.0247,5636
0.195,1432
-0.295,10447
-0.0412,6422
-0.465,6943
0.0605,3645
0.0576,3117
-0.042,6857
-0.196,9814
-0.272,9915
0.0843,2111
0.0276,4108
0.067,2836
-0.756,10383
-1.07,9634
-0.262,6789
0.445,114
0.304,908
-0.283,8457
-0.158,8804
-0.0181,5369
0.0911,3028
0.00659,4939
-0.0372,7057
0.464,102
0.225,1180
0.105,2419
0.207,1454
0.0137,4446
-0.0376,6926
0.0439,3605
-0.0161,5564
-0.0292,5558
0.184,125
-0.302,9879
-0.126,9644
-0.0325,5612
-0.206,10276
-0.0931,7305
0.166,1093
0.0274,3869
-0.0767,8360
-0.0552,6850
-0.365,10472
0.128,3194
0.178,3068
-0.231,10467
0.0827,991
0.0298,4451
-0.0199,5634
-0.0993,4939
-0.54,9233
0.0898,1474
0.313,130
0.000209,4955
0.0401,3445
-0.0584,7100
0.347,143
-0.0742,7816
-0.107,9777
-0.0731,8865
-0.0111,5699
0.0457,3141
0.139,1277
-0.0239,7218
0.254,135
0.388,671
0.0667,2237
-0.155,7485
0.244,465
0.0826,1863
0.0596,3014
0.299,561
0.0552,4087
0.255,49
-0.282,9647
0.0431,3275
-0.0261,6104
-0.00253,5942
0.133,3463
0.0578,380
-0.108,7433
-0.0391,6077
0.237,2347
0.177,2039
-0.00543,5260
0.091,2749
-0.0626,5544
-0.027,5700
-0.0375,5284
-0.0153,5560
-0.23,10298
0.195,1699
-0.164,6856
0.105,2376
0.014,4459
-0.103,7464
-0.0661,7173
0.172,1194
0.393,1728
-0.161,6196
0.226,1542
-0.163,9567
-0.197,9848
-0.14,9835
-0.18,9898
-0.351,10370
-0.011,5224
-0.116,7585
0.0809,694
0.0831,2969
0.0607,2913
-0.266,9572
0.0805,3210
-0.465,10415
-0.0413,7247
-0.0428,7785
-0.0918,8136
-0.000425,5266
0.0352,3668
0.249,1807
-0.0564,6413
-0.142,9227
-0.0119,5480
0.267,351
-0.537,10432
-0.604,10389
-0.105,9034
0.0885,1884
0.13,1324
0.194,1530
-0.101,7891
0.1,3182
0.019,4255
0.316,89
0.165,1114
0.246,444
0.27,1989
-0.151,9109
0.0289,3904
-0.0879,7486
0.045,3917
0.0082,4723
-0.167,9115
-0.169,7597
0.101,2374
-0.00935,5651
0.354,640
-0.181,9051
0.0026,4741
-0.132,7198
-0.0136,5628
-0.00798,5358
-0.172,9545
-0.133,7898
-0.115,7016
-0.231,8149
-0.02,6368
-0.0388,7488
-0.106,8933
-0.0711,7738
-0.531,10002
0.0183,4189
0.0176,4223
-0.118,7786
0.186,1213
-0.224,8825
-0.314,9769
0.0397,3748
0.011,4791
-0.0872,8119
-0.16,9399
0.141,934
0.121,2520
-0.0622,6969
0.0486,3513
0.104,1270
-0.0291,5560
-0.00813,5530
0.0424,3847
0.107,1880
0.0313,3278
0.0292,3784
-0.00844,5032
0.226,2403
0.179,1968
-0.0931,7225
0.00248,5053
-0.161,9910
-0.00664,5548
-0.101,8441
-0.18,9153
-0.0304,6314
-0.185,9791
0.062,3297
0.225,1948
-0.127,7752
0.32,1238
0.125,2235
-0.0728,8445
0.121,2771
0.12,2358
-0.0465,8442
-0.224,8026
-0.344,10270
0.0943,1115
0.175,796
0.0905,1848
0.915,1633
0.426,1422
0.393,327
-0.000988,5055
0.0628,2858
0.11,3008
-0.0308,5504
0.0514,2697
-0.128,9329
-0.0258,5526
-0.0197,5739
-0.0936,9647
-0.223,10241
0.169,1345
-0.0893,8387
-0.153,9180
-0.0452,7071
-0.144,9110
-0.0991,8430
0.0505,4037
0.169,2474
0.0726,2787
-0.14,8702
0.00836,4822
-0.0746,7430
0.141,2428
0.104,2562
0.11,455
0.0878,1048
-0.225,7217
-0.855,9839
-0.752,10378
0.154,2212
0.18,157
-0.174,10265
0.0983,2312
-0.0883,7359
0.0815,2726
0.0495,3389
-0.0175,5812
-0.0073,4948
-0.121,8244
0.0686,3204
0.0425,3430
0.034,4162
0.084,2794
-0.0051,5358
-0.00253,4958
0.0521,3817
0.0207,4653
-3.68e-05,4939
-0.00672,5464
0.0424,3103
-0.145,8944
-0.00375,5016
-0.0346,5409
1.15,126
-0.134,8844
0.0215,4403
0.508,270
-0.288,9516
-0.0147,5587
-0.196,10024
-0.0547,7226
0.064,2531
0.0227,3801
0.169,2157
0.0238,4228
0.119,2134
0.133,1398
-0.167,10041
0.415,29
-0.349,10429
-0.00134,5153
-0.0515,5593
0.131,529
-0.031,6339
-0.0731,6713
-0.105,6483
-0.0563,6798
0.0578,3753
-0.0759,8392
-0.0393,5962
0.0852,2358
-0.0121,5488
0.193,2153
0.2,1150
0.0968,1850
-0.0198,5982
-0.0818,7779
0.12,2073
0.338,633
-0.0547,7555
0.0131,4469
0.161,2290
-0.19,6995
-0.069,7398
0.162,1183
0.192,535
-0.118,8343
0.019,4193
-0.264,9900
-0.193,8940
0.159,1029
-0.319,10462
0.187,1797
0.282,563
0.00073,4982
-0.205,8139
-0.137,6798
0.0388,3341
-0.0298,6133
0.062,2714
0.264,235
0.0769,3365
-0.0426,5694
-0.065,8489
0.0434,3271
0.295,1320
0.089,1501
0.0429,4089
-0.0831,6723
-0.15,9041
-0.167,9425
-0.0602,8767
-0.157,9396
-0.0219,6174
0.107,2046
0.0927,1761
0.135,952
-0.198,8904
0.0723,2931
0.141,1494
-0.0282,5251
-0.367,9900
0.0502,3096
-0.0954,7923
0.292,326
-0.154,9193
-0.535,10454
-0.13,8416
0.0608,2683
0.263,1912
0.0203,4077
0.022,4465
-0.0563,6426
-0.161,9988
0.13,1186
0.0488,2880
0.189,2392
-0.114,6821
-0.494,10458
-0.151,9452
-0.17,9617
0.00726,4789
-0.366,10192
-0.0955,7471
-0.23,9716
0.129,2000
-0.131,9159
0.138,2880
-0.316,9834
-0.0443,5458
-0.103,4150
-0.14,8600
-0.0655,6721
0.135,1901
-0.122,8556
0.219,139
-0.0442,6986
-0.142,7613
0.0636,3402
-0.0316,5945
0.0519,2595
-0.00996,5958
0.0577,2619
-0.0327,5473
-0.137,8137
0.03,4396
-0.0677,7546
-0.0293,7128
-0.203,10292
0.0252,4288
-0.277,9028
-0.0527,5912
-0.0595,6057
0.101,2144
0.00743,4618
-0.147,8938
0.138,1854
0.257,425
-0.0479,7003
0.0605,2433
-0.00858,4778
1.05,1578
-0.197,8997
0.212,776
0.0512,3665
0.0561,3733
-0.0637,7076
-0.108,7400
-0.0858,7335
-0.0755,8379
0.0767,1901
-0.205,10008
-0.279,10151
0.028,4272
0.0241,4468
-0.159,9722
-0.151,9135
-0.146,8246
-0.0724,6411
0.0253,4424
0.00431,4919
-0.0146,5176
0.623,12
-0.0749,7049
-0.0691,6992
-0.0811,8236
0.00792,4990
1.55,966
-0.106,7942
0.499,2100
-0.00763,5696
-0.0767,8499
1.03,1392
-0.922,9655
-0.192,9027
-0.132,7486
0.382,1118
-0.0244,6063
0.156,810
0.133,2591
0.228,2239
-0.0898,6958
-0.082,8355
0.0035,4962
0.0161,4678
-0.0512,6599
-0.331,10065
-0.368,7768
-0.000721,5154
-0.00979,5514
0.0826,2845
-0.313,9734
0.164,1294
0.189,1139
-0.165,10343
-0.444,10421
-0.136,7965
-0.195,9850
0.234,1881
0.549,63
-0.154,8770
-0.0236,6264
-0.165,9692
0.171,1749
0.056,3381
-0.174,9373
-0.0561,9625
0.0231,3586
-0.321,9942
0.104,2166
0.218,109
0.164,1595
-0.051,7381
-0.0616,7568
-0.0166,5027
-0.0733,6183
-0.536,10170
-0.0637,6435
0.188,1312
0.0463,3854
-0.311,10380
-0.207,8454
-0.27,9797
-0.0521,6326
-0.0979,8340
-0.341,10202
-0.234,9563
0.162,2745
0.0684,3350
0.187,1083
0.0663,2254
-0.0474,6559
-0.0731,9136
-0.0362,6613
0.265,615
0.0558,3745
-0.0436,6564
-0.0792,8004
-0.0238,6104
-0.0958,7461
0.744,390
-0.123,9959
-0.254,10283
0.0746,2180
-0.107,7467
-0.344,9354
0.0129,4659
-0.211,8087
0.12,1401
0.146,2237
0.0326,3990
-0.0171,5888
0.0302,3610
-0.0858,7940
-0.0862,8032
0.0714,2906
0.337,464
0.127,1388
-0.0784,7344
0.396,154
0.00858,4672
0.116,1348
0.23,882
0.0794,3085
0.0375,3418
-0.0822,8097
0.122,1421
-0.172,9538
-0.118,7973
0.0973,2208
-0.0938,6680
-0.161,8231
0.0511,3399
0.0533,2549
-0.0528,6491
-0.661,9896
-0.269,9661
0.0299,4225
0.119,2343
0.0181,4412
0.0597,3668
-0.268,8967
-0.0103,5479
0.17,1031
0.0892,2729
0.167,532
2.06,223
0.00703,4709
0.162,1414
0.696,576
0.189,522
-0.195,8892
0.0469,3542
-0.143,9179
0.061,2965
0.027,4348
0.00215,5212
0.0453,3265
-0.0399,5695
0.416,305
-0.0535,6631
0.106,1359
0.112,998
-0.0935,9720
0.00814,4533
0.0285,4238
-0.0276,6191
0.231,753
0.0211,4139
-0.0445,6767
-0.21,10233
0.186,1641
0.0694,3660
-0.0601,7544
0.054,3236
-0.0508,6551
-0.0483,4709
-0.0547,7702
0.0586,3956
0.199,669
0.0643,1542
0.47,639
0.635,44
0.027,4102
0.0368,3647
0.453,50
0.163,279
0.0794,2731
-0.354,9933
-0.261,9397
0.0581,3971
-0.31,8578
-0.154,9586
-0.102,9282
-0.0136,5781
0.294,851
-0.208,9282
0.0315,4278
-0.107,8276
-0.0818,7568
-0.23,9869
-0.0916,8138
0.147,2616
-0.244,8942
-0.0855,8154
-0.00107,5366
0.0328,4346
0.0164,4451
0.356,872
-0.0211,4761
-0.119,9629
0.242,1004
-0.144,9058
0.417,10
-0.198,9668
0.0466,4095
-0.0472,6365
0.0351,4331
-0.00325,5315
-0.128,8224
0.131,2225
0.0743,2433
0.00565,4809
0.0669,3982
-0.0172,5207
0.34,53
-0.0944,6169
0.304,746
-0.0317,7244
0.0508,2885
0.0514,3567
-0.148,9765
-0.165,8997
0.253,165
-0.122,7681
-0.0942,8887
-0.0537,6770
0.129,2534
0.568,228
-0.0117,5517
-0.193,9322
0.346,257
-0.0384,6055
0.0765,2782
-0.175,9932
-0.161,7255
0.0331,3369
0.106,1281
0.039,3140
0.0324,3757
-0.1,8943
-0.294,10242
-0.525,10368
-0.338,10228
-0.142,9495
0.282,768
0.055,4121
-0.114,7696
-0.391,10416
0.0482,1740
0.145,1791
-0.207,9926
-0.242,9613
0.306,1077
0.0359,4086
0.0754,3175
0.0382,3813
-0.0184,5503
0.112,1671
-0.17,9900
0.0655,2649
0.0414,3598
-0.0454,6155
-0.0328,6537
-0.218,7997
0.263,953
-0.175,9361
-0.11,9279
-0.0866,6847
0.0326,3896
0.00885,4717
0.0821,1025
-0.0709,6760
0.102,1089
0.136,1805
0.00381,5091
-0.0631,6257
-0.112,6417
-0.0445,5630
-0.113,7486
0.117,2210
0.108,2773
-1.43,10474
0.0868,3146
0.13,2607
-0.121,8738
-0.0174,5507
0.0395,3688
-0.171,10190
-0.188,8315
0.0914,997
-0.0178,6605
-0.0998,7122
0.141,2366
0.0547,2122
-0.662,10396
0.0539,2480
0.0626,2312
0.222,877
-0.121,8233
0.225,1251
0.124,2668
-0.146,8696
0.0984,1804
-0.0413,6590
-0.0616,7186
-0.441,10409
0.0139,4418
0.198,1052
0.0423,3227
-0.146,9150
0.334,1200
0.233,1355
0.045,3842
0.0481,2685
0.0259,4121
0.0362,3508
-0.168,8030
0.346,844
0.158,2000
-0.0243,6433
-0.00547,5514
-0.241,9198
0.503,343
-0.257,8483
0.134,2812
-0.0181,5272
-0.201,9350
0.256,499
-0.0749,7466
-0.14,7001
-0.209,9714
-0.12,9201
0.311,613
-0.241,9126
-0.0717,7879
-0.398,10046
-0.0839,6028
-0.0363,6875
-0.207,10004
-0.0836,7011
-0.298,10163
-0.395,10399
0.149,2021
-0.126,8907
-0.0204,5551
-0.013,5538
0.16,1870
0.274,2529
-0.214,8630
-0.00859,5343
0.161,2000
0.213,682
-0.202,9784
0.363,117
-0.0261,6055
-0.0264,5939
0.101,2160
-0.00883,5238
0.0157,4499
0.125,1955
0.278,707
-0.172,9574
0.043,2843
0.0383,4022
-0.156,8240
0.16,677
0.348,696
0.269,4
0.0838,1228
0.156,2325
0.192,907
-0.0314,5884
0.0448,3679
-0.0665,6599
0.0117,4671
-0.123,8247
0.418,839
-0.259,10028
-0.107,6590
0.00083,4967
0.0329,3544
0.474,141
0.278,240
0.11,2088
0.809,272
0.116,1326
-0.0347,6612
-0.0318,5933
0.155,620
0.0885,2722
0.0831,3203
-0.0497,6449
0.0055,4842
0.065,3109
0.112,1585
0.00721,4827
0.174,751
0.115,1268
0.00817,4903
-0.0736,5647
-0.105,6918
-0.2,8585
0.00303,4952
-0.0518,7847
0.0553,2378
-0.278,10196
-0.01,5147
0.147,3428
-0.111,5236
-0.0374,6160
-0.00593,5607
-0.21,9746
0.0195,4460
-0.0212,5857
0.123,2981
-0.0463,6873
-0.0104,5594
-0.201,9764
0.094,2827
-0.0398,6553
-0.00654,4957
-0.0019,4905
0.000831,5127
-0.161,7836
0.0801,2885
-0.0169,5658
-0.118,8008
0.109,1475
-0.124,9271
0.00243,5181
-0.028,5707
0.0445,4150
0.00745,4789
0.0197,4141
-0.234,7664
-0.0774,8591
0.234,696
0.153,1949
-0.183,7690
-0.0519,6851
0.0469,2851
-1.09,10465
-1.24,10471
-1,10460
-0.567,10291
-0.981,10462
-0.926,10457
0.0949,3275
-0.0883,7291
-0.0891,7016
-0.111,8670
-0.0728,8247
0.335,341
-0.168,10255
0.238,1144
-0.0484,6465
0.288,2265
0.0861,2388
-0.167,5901
0.212,911
0.25,816
0.347,81
-0.239,10232
0.0292,3753
0.139,2192
0.0135,4619
-0.311,8729
-0.121,10055
-0.198,9895
-0.141,9763
-0.0388,6125
0.329,197
0.0681,3152
-0.22,9799
-0.12,8366
0.0536,4112
-0.345,10343
0.0237,4341
-0.0646,6682
0.164,868
-0.275,10355
-0.0285,6864
-0.075,6057
-0.183,5719
0.487,559
0.0322,3981
-0.08,7045
0.251,79
0.155,1641
0.0999,2734
-0.184,7933
0.0129,4895
0.095,2457
-0.0502,7103
-0.153,8591
-0.143,9187
-0.178,7611
0.259,1713
-0.00738,5225
-0.179,10411
-0.0302,6688
0.0706,3197
0.388,1011
-0.0407,5091
0.129,634
0.0712,1816
0.122,2688
0.271,1100
0.236,2666
0.148,961
-0.0287,6283
0.163,380
-0.0156,5535
-0.188,8452
0.0171,4196
-0.0637,8341
0.0911,1180
0.014,4493
-0.105,8036
-0.213,10287
0.0755,3130
0.0647,3132
0.0131,4805
-0.0836,7939
0.195,1545
0.306,213
-0.106,6855
0.0094,4761
-0.0335,6038
0.00627,4886
-0.177,9368
-0.0282,5404
0.379,2400
-0.0337,5866
0.0524,3511
-0.0652,6560
0.0848,3655
-0.0681,9182
0.0976,1923
0.0397,3885
-0.0261,6433
0.0539,2981
-0.103,6727
0.0125,4782
-0.1,7618
-0.0378,6150
-0.0601,6795
0.173,981
-0.0676,7392
0.00274,4960
0.0532,3483
-0.0827,6749
-0.0054,4954
-0.112,7963
-0.0643,6896
0.971,228
-0.0938,6831
-0.0658,6570
-0.206,8923
0.318,82
-0.251,9898
-0.124,8976
0.124,2375
-0.0411,7749
0.0116,4730
-0.0876,9302
-0.341,10124
0.16,2777
0.00307,5087
0.0674,3411
0.296,34
0.00204,4959
-0.00847,5228
0.263,341
0.392,1138
-0.252,8874
-0.137,9535
-0.161,10183
-0.115,9008
0.0125,4434
-0.133,9951
0.0104,4905
0.156,2235
-0.224,10297
-0.116,8997
-0.00819,5272
0.0833,2624
-0.000323,5229
0.122,3002
-0.0662,7312
-0.117,6398
0.198,2150
-0.00563,5335
0.133,1537
-0.0346,5839
0.0292,4178
-0.0285,6202
0.0772,2399
0.00668,4853
-0.202,9736
-0.2,9546
-0.161,7362
-0.0593,7150
-0.16,9400
-0.116,9129
-0.22,9163
0.0118,4792
-0.0735,8249
0.0452,3655
0.116,1710
0.0155,4541
0.2,1933
-0.0128,5184
-0.0732,6169
-0.0203,6053
0.000725,5090
0.512,461
0.259,586
0.0934,2934
0.121,1630
0.148,1107
-0.133,8020
-0.0483,6568
0.0467,3523
0.129,2590
0.0955,1986
0.0314,4122
-0.0204,6142
-0.0344,6611
0.227,1216
-0.139,7550
-0.102,7502
-0.19,8549
-0.237,10444
-0.359,10316
-0.0549,6604
0.11,1609
-0.0594,6074
0.0625,2050
0.0997,1803
0.202,2495
0.198,2630
0.00868,4855
-0.106,8662
0.0927,475
0.0185,4125
-0.222,7339
0.146,3142
0.0881,2999
-0.0525,6221
-0.0536,6515
0.0292,4260
0.355,2319
-0.949,9751
-0.518,8053
-0.242,7991
-0.00806,5358
-0.418,10452
-0.111,8258
-0.064,3942
-0.109,7183
-0.091,8434
-0.0633,9180
-0.0289,5732
-0.238,9705
-0.00203,5119
-0.132,6925
-0.0465,6642
0.158,652
-0.261,9211
-0.118,8367
0.299,1495
0.0413,3757
0.00469,4643
0.0883,1841
0.0783,3218
-0.0188,5059
-0.149,7912
-0.0592,8152
0.389,445
0.191,209
0.06,3370
-0.188,9068
0.174,967
-0.0689,7803
0.0268,4152
0.0814,2554
0.0298,3905
-0.115,7646
0.272,2086
-0.0262,6042
-0.118,10425
-0.123,8899
0.172,2180
-0.0168,5437
-0.256,8942
-0.109,9228
-0.0146,5506
-0.422,10390
-0.299,9655
-0.0556,6688
-0.498,10317
-0.382,10297
-0.139,9685
0.0884,2855
-0.312,9870
-0.0457,6786
-0.0332,5007
0.0591,2834
-0.119,9133
-0.0253,5996
-0.348,10423
-0.118,7680
0.114,2375
-0.0736,6996
0.0858,3318
-0.0824,6997
0.179,1589
0.0944,2991
0.198,2348
-0.134,8092
-0.263,10435
-0.0172,5674
-0.0378,6294
-0.287,10293
0.0144,4634
-0.0506,7593
0.0696,1840
-0.225,9396
0.948,150
-0.359,9337
-0.0528,5840
-0.264,10289
-0.187,10338
-0.0364,6549
0.148,2699
-0.319,8647
-0.0368,6204
-0.208,8699
-0.173,8004
0.0732,3102
-0.0151,4948
0.0406,4133
-0.271,10461
-0.255,10352
0.0656,2690
0.224,796
-0.147,8875
-0.153,8993
0.11,1828
-0.0056,5203
0.0203,4040
0.146,2323
-0.0947,7146
0.0951,3343
0.0392,3974
0.0605,2385
0.149,393
-0.0201,5140
0.0667,3411
0.0541,4017
-0.324,10118
0.0412,3598
-0.0905,8600
-0.353,10408
-0.141,8488
-0.169,7816
-0.252,9851
-0.0643,9046
0.0823,1816
0.261,946
-0.0324,5837
-0.153,9439
0.108,2659
0.128,1668
-0.0674,7605
0.249,250
-0.732,10378
-0.372,9208
0.0403,3966
-0.000336,4949
-0.231,10206
-0.0022,5133
0.162,1328
-0.0567,7022
0.051,4008
0.148,759
-0.0503,7232
0.0416,3741
0.164,858
0.0162,4684
0.0643,3762
0.0783,1142
-0.123,8136
-0.11,6905
0.0492,4057
-0.0566,6013
-0.111,6094
0.198,432
-0.0215,5903
-0.065,6736
-0.0815,7533
0.13,1965
-0.0842,7056
0.192,218
-0.0549,7604
-0.0508,6888
-0.13,8203
0.023,4437
0.105,2343
-0.0389,7826
0.0396,3722
-0.182,9582
-0.157,9666
-0.106,8560
-0.113,7432
-0.096,7029
-0.0249,6319
-0.14,9409
0.107,2265
0.128,1690
0.263,1614
0.116,898
0.0365,3588
0.159,1031
0.45,73
-0.168,8082
-0.0718,5634
-0.051,7107
0.0387,3864
0.0335,3756
0.0668,2668
0.421,35
-0.0143,5467
0.0372,3305
-0.0264,6493
-0.289,10445
-0.22,9643
0.72,529
-0.149,8636
0.0789,2563
-0.096,7214
0.0853,2528
0.029,4583
0.201,1047
-0.574,9830
-0.057,6820
-0.15,9307
-0.268,10346
-0.195,9797
-0.651,10447
0.289,474
0.00941,4632
-0.0132,6046
-0.0919,7991
-0.0195,5713
0.0192,4797
-0.679,10394
0.0421,3772
0.203,714
-0.262,8120
0.536,1046
-0.137,8727
-0.00784,5235
0.133,1984
0.132,1816
-0.000258,5007
-0.0767,7088
0.161,1358
-0.254,9486
0.0597,3241
-0.0274,6280
0.319,192
0.168,619
0.187,2072
0.135,3225
0.0899,2427
0.0117,4380
-0.654,10355
-0.106,7879
-0.193,10193
0.0659,2135
-0.0353,6833
0.0882,2495
0.0765,2647
0.00629,4857
-0.0843,6535
-0.00986,6013
-0.0763,8975
0.0999,1897
0.0579,4073
0.325,926
-0.0535,6501
-0.172,8765
-0.00992,5676
0.128,1434
-0.262,10133
-0.237,9442
-0.558,10470
-0.126,9375
-0.151,10326
-0.243,10440
0.0631,3541
-0.161,9161
-0.24,8394
-0.0573,6096
0.127,2595
-0.115,9904
0.134,3015
0.112,1991
0.395,885
-0.125,9444
-0.117,9900
-0.0165,5811
-0.41,10378
-0.163,7483
-0.118,7788
-0.151,9798
0.0257,3681
0.341,40
0.0746,2987
0.274,1825
0.0627,3893
-0.0761,6604
-0.0959,8546
0.0566,2896
0.0885,3494
-0.0148,5299
-0.0848,7414
0.0525,3729
0.0502,2855
0.171,1179
0.0269,4400
0.141,1461
0.19,1430
-0.0375,6704
0.453,2400
-0.259,10163
-0.099,6447
0.218,797
0.284,1746
-0.157,8226
-0.0163,6206
-0.0713,6965
-0.933,10325
-0.204,8123
-0.0891,6339
-0.198,7864
0.0601,2545
0.0176,4272
-0.945,10102
-0.861,10289
0.344,2727
-0.0892,7106
-0.562,10292
0.118,3219
0.00321,4852
-0.241,8533
-0.101,8542
-0.285,10436
-0.505,6871
4.52,17
-0.201,7850
0.0327,3691
-0.0772,8336
-1.03,10202
0.267,2012
-0.194,7515
0.131,2887
-0.217,9733
1.57,996
-0.482,10079
-0.134,10174
0.216,1120
0.123,1789
-0.0971,7217
-0.253,5633
-0.0354,5977
-0.0267,5578
0.456,90
0.413,45
0.256,2933
-0.0633,5820
0.292,348
0.169,3169
0.000884,5279
-0.0592,6941
0.801,221
0.152,2111
0.193,1904
-0.0521,3995
0.068,2407
0.212,337
0.00376,4899
-0.25,10455
-0.11,7106
-0.205,9400
0.203,216
-0.116,9398
-0.0119,5175
0.221,1514
0.294,401
-0.372,10422
0.191,737
-0.0287,5298
-0.0985,8158
0.0128,4805
0.125,228
-0.103,7472
0.174,740
0.185,891
0.00652,4840
0.0484,2539
-0.265,10414
0.078,4157
-1.2,10416
-0.0917,5667
-0.0315,4884
-0.287,7804
-0.109,8386
0.0568,3490
-0.118,6438
0.0539,3469
0.169,851
0.0455,2664
0.00859,4765
0.0965,2858
0.119,838
0.173,1695
0.000571,5007
-0.151,9142
-0.163,6136
0.00861,4763
0.0041,4907
0.152,2217
0.123,1032
-0.0462,7929
0.0976,2036
-0.0386,5971
-0.0614,7638
-0.135,9086
-0.034,6350
-0.127,7914
0.0384,3116
-0.111,7378
-0.267,10365
0.0453,3969
-0.0268,6877
0.0544,3180
0.516,73
0.0507,3073
0.0907,3276
0.0047,4903
-0.0157,5876
-0.0132,6697
0.0108,4780
0.0557,3748
-0.0389,6926
0.123,1472
0.174,1385
0.0206,4234
0.0964,2657
-0.33,9282
0.203,1708
0.0787,2627
0.0399,3586
0.236,1234
-0.0991,8290
0.126,2946
0.238,1008
-0.166,7883
0.0234,3829
0.0267,4007
0.0964,2418
-0.168,9265
-0.0783,6471
0.0965,3355
-0.0692,7191
0.144,927
-0.0504,8127
0.364,139
0.022,4455
0.0192,4458
-0.0134,5423
-0.157,9368
-0.0589,6605
0.0961,3085
0.0249,4400
-0.631,10040
-0.0107,5428
-0.0993,9049
-0.0103,5576
-0.0817,7491
0.425,1178
-0.0804,8917
0.0751,1034
-0.0487,6588
-0.0273,5514
-0.176,8379
0.137,1988
-0.0077,5131
-0.0106,5398
-0.144,10139
-0.0245,5945
0.266,361
0.0371,4413
0.335,1922
0.0465,3144
0.0252,3657
-0.248,8453
-0.0681,6395
0.285,2187
0.0691,3823
-0.103,7269
0.0674,3654
0.542,952
0.176,1586
-0.133,5500
-0.318,10099
0.302,1104
-0.184,7387
0.132,1436
-0.00228,5304
-0.289,9583
0.13,2578
0.0673,1157
-0.286,10031
0.181,161
-0.152,9648
0.449,223
0.184,1167
0.0419,3083
0.0353,3682
-0.214,9590
0.0341,4072
-0.179,8806
0.0243,4125
0.0016,4972
0.123,618
-0.0726,6843
0.00216,4731
0.102,3289
-0.198,9627
0.105,970
-0.142,8812
-0.124,8784
0.0585,2550
-0.192,8602
-0.617,10411
-0.037,7185
0.0348,3270
0.292,503
0.00165,4988
-0.0563,8401
-0.0258,5896
0.135,437
-0.194,10173
-0.0358,5382
0.114,2898
0.307,782
-0.00291,5026
0.253,610
-0.0243,7076
0.256,374
0.102,2030
-0.0201,5686
-0.0535,6202
0.223,402
0.0737,2425
0.344,110
0.08,2127
-0.159,8891
-0.0247,5490
-0.131,9531
-0.237,10202
-0.0288,5634
0.635,152
-0.0676,6118
-0.141,9273
-0.0902,7911
-0.196,8659
-0.171,8766
0.0162,4374
0.132,1649
0.0137,4595
0.199,1766
-0.178,9851
-0.0941,7093
0.0974,2298
0.252,1099
0.0518,3587
-0.1,7401
-0.194,9668
0.0358,4335
-0.402,10277
-0.192,7890
0.0483,3868
0.147,333
-0.0448,6384
0.122,2405
0.267,801
1.14,1367
-0.0538,7900
0.107,1753
-0.117,8943
-0.249,9266
-0.697,10034
-0.0719,6533
0.506,442
-0.0733,7220
-0.0906,7020
-0.163,7440
0.0731,2461
0.189,178
-0.138,9575
0.0387,4115
-0.139,9827
0.177,607
-0.227,10381
-0.0416,5819
-0.0272,5831
-0.0857,8929
-0.113,7362
0.0502,3735
0.311,451
-0.142,7785
0.102,3404
0.0396,4032
0.0741,1174
0.24,645
-0.0125,5500
0.11,1837
0.009,4715
-0.303,9953
0.0755,1041
1.84,873
0.143,2942
-1.71,10426
0.548,1657
0.135,3500
0.321,2670
-0.824,9790
0.374,497
0.0709,3011
-0.0986,7794
0.233,85
-0.0206,5686
0.151,1947
-0.0511,6443
0.154,1866
0.141,1826
-0.00159,5169
-0.00686,5118
-0.377,10350
-0.393,10022
0.0948,2699
-0.0197,5434
-0.285,9856
0.0549,3383
-0.0855,8377
-0.0145,5498
0.131,2677
0.011,4378
-0.11,9891
-0.144,9769
-0.0367,7167
-0.0312,5840
-0.61,10437
0.0182,4179
-0.123,8528
0.166,1414
0.0184,4449
-0.124,7746
-0.241,8409
-0.186,9644
-0.0418,7315
-0.0212,5414
-0.206,9310
0.0685,3213
0.132,1502
-0.195,10109
-0.339,9465
-0.00915,4982
0.379,925
0.0478,3409
-0.138,10128
0.0501,2713
0.0025,4827
0.355,1290
0.113,3139
0.0189,4602
0.0196,4324
-0.203,9383
0.0515,3506
-0.0342,6214
0.0497,4075
0.0712,2369
0.0349,4209
-0.129,7724
0.0281,4102
0.0687,2985
0.134,2087
-0.261,10394
-0.0143,5776
0.0998,2283
0.0431,3787
-0.259,9392
0.23,1268
0.0657,3390
-0.0925,9404
0.15,1206
0.141,475
0.226,938
0.131,2165
-0.142,9729
-0.134,8308
0.127,1497
-0.0588,6925
-0.151,9595
-0.00074,5129
-0.0918,8654
-0.00738,5405
0.166,886
-0.217,9977
-0.00286,5194
-0.0298,6193
0.0216,3777
-0.0243,6079
0.0509,2966
-0.112,7152
-0.114,8175
-0.0968,8618
0.00858,4627
-0.0273,6467
-0.31,10261
0.0795,3090
-0.0847,6950
0.214,1164
-0.00989,5631
-0.0427,7297
0.1,3069
-0.163,8950
-0.263,10343
0.0144,4822
0.0935,2490
0.0467,3667
0.123,1826
-0.151,8509
0.116,2621
0.0346,2937
-0.0806,7298
0.165,975
-0.387,9311
0.849,47
-0.462,9690
0.0729,2570
0.1,1226
-0.122,7519
0.282,1661
0.242,1478
0.0795,3524
-0.0958,8317
0.0902,1948
-0.127,9229
0.0603,3741
-0.084,7072
0.143,2763
0.0473,2715
0.058,2166
-0.156,4459
0.188,1879
0.112,2424
0.0281,4473
0.107,774
-0.0983,8748
0.112,2535
-0.29,9021
0.239,209
0.119,2650
-0.0648,7822
-0.164,10121
0.0526,2736
-0.0468,6642
0.0238,4454
-0.229,9940
-0.0157,6122
-0.136,10197
-0.0542,7452
-0.159,8437
-0.249,9740
-0.0199,5284
-0.0704,6704
0.0985,2914
0.05,4215
0.204,790
0.348,338
0.194,2308
0.2,679
0.159,120
0.0413,3099
0.00663,4804
0.0177,4556
0.133,1463
-0.152,9058
0.0129,4448
0.159,346
-0.127,8148
0.174,518
0.306,351
0.0912,2111
0.125,684
-0.602,10395
0.525,1204
-0.468,10450
-0.149,7565
-0.0219,5697
-0.074,8258
-0.028,5622
-0.0807,7078
-0.145,6928
0.249,2300
0.175,617
0.0272,3978
0.00849,4692
0.431,232
-0.102,7302
-0.143,7939
0.0224,3842
0.153,303
0.206,1143
0.26,482
0.104,3312
0.756,43
0.397,45
-0.232,6059
-0.169,8775
0.225,1595
-0.313,10012
0.0689,2299
0.0136,4828
-0.0971,6233
-0.0846,7698
-0.00187,5073
0.189,2509
-0.0576,6926
-0.228,10142
-0.191,9025
-0.0603,7438
0.137,3596
-0.199,9021
0.212,254
0.205,783
-0.0199,6536
0.644,543
-0.115,8763
0.0661,3278
0.0636,2565
-0.0587,6942
-0.281,10230
-0.179,9871
0.144,417
0.00886,4755
0.162,1334
-0.15,10020
-0.0293,7740
0.149,2685
-0.0829,7857
-0.0159,5735
0.0466,3944
0.15,1308
-0.147,9715
0.211,200
-0.17,8403
-0.333,10454
-0.128,8567
-0.0348,6702
0.146,1027
-0.16,8894
-0.0918,6597
0.0384,3531
0.214,814
0.0503,3740
-0.134,9496
0.012,4691
0.198,1163
-0.0581,6915
0.346,1983
0.047,3635
-0.0105,5978
-0.0332,7119
-0.0348,6337
0.126,1999
-0.0844,7417
-0.0795,7995
-0.0939,7817
-0.071,7444
-0.247,8312
0.00673,4963
-0.0912,8371
0.0935,1049
0.261,105
0.0378,3527
0.0717,2247
-0.0112,4750
0.112,3133
0.00338,4801
-0.204,10299
0.0124,4628
0.131,1415
0.268,1001
0.0417,3654
0.0295,3916
-0.011,5198
0.258,337
-0.0875,6246
0.384,337
0.0648,2612
-0.0479,6527
-0.07,8758
0.119,1947
-0.0697,7286
0.189,1367
0.0141,4435
-0.135,9110
0.136,1720
-0.169,9615
0.0447,3200
0.299,254
-0.19,10278
-0.0985,9107
-0.158,9282
-0.148,9834
0.123,1732
0.0762,3085
0.0759,3140
-0.126,9636
0.0136,4063
0.0014,4924
0.0969,1910
0.191,1835
-0.199,9123
0.138,1732
-0.0757,8736
0.0345,4101
-0.0972,9680
0.00735,4567
-0.13,10398
0.136,1701
-0.044,7442
-0.0204,5805
-0.0768,8155
0.375,1646
0.0761,3630
-0.0165,5741
0.0758,3203
0.00948,4729
-0.0355,6080
-0.33,8883
-0.0961,8157
-0.143,7264
-0.0256,5720
0.0509,3781
0.109,2554
-0.278,10131
-0.196,9405
0.0659,3307
-0.0408,7025
-0.0192,5863
0.258,2575
0.21,1021
-0.129,9184
0.0413,4153
0.101,775
0.0142,4605
-0.262,10316
-0.315,9802
-0.459,10013
-0.000319,5001
0.0664,2032
0.0354,3956
0.267,1333
-0.144,8459
-0.00537,5090
0.0424,3146
-0.258,10345
-0.0306,6243
0.46,102
-0.132,7843
-0.0085,5089
0.0332,2282
0.0191,4216
-0.111,8292
0.12,2560
0.164,1189
-0.0465,5942
0.0135,4691
0.137,1975
0.184,392
0.0446,3266
0.313,214
-0.249,9656
-0.132,8296
-0.285,10285
0.22,1602
-0.132,8681
0.0912,3195
-0.136,9903
0.0598,3193
0.0528,2743
0.0249,3901
0.0582,2490
0.126,1224
-0.0693,6727
0.0781,2442
0.0738,2546
0.00491,5099
0.0287,3825
-0.143,8456
-0.216,8704
0.0437,1583
0.0339,3826
-0.177,8424
0.185,1020
0.0193,4496
0.303,550
0.0689,2614
-0.105,8913
-0.171,9431
0.108,2292
-0.438,10459
-0.391,10456
0.124,1336
0.039,3152
-0.0885,7865
0.0251,4595
0.00159,5078
0.106,3264
0.0254,4391
-0.0929,9284
0.047,2641
0.282,156
-0.0589,6966
-0.22,5189
0.0857,1341
-0.464,10413
-0.102,7396
-0.104,6912
0.00464,4664
0.33,842
0.00333,4920
-0.0308,7645
-0.054,7322
-0.0536,5533
0.109,1950
-0.314,10351
0.000484,5157
-0.0416,6438
0.584,461
-0.0193,5301
0.0609,3392
0.0719,2342
-0.0656,6884
0.126,950
0.0988,2700
-0.16,9461
-0.0187,4967
-0.0253,6013
-0.324,9323
0.0362,4246
-0.00855,5863
-0.0403,7297
-0.0648,7593
-0.0718,6475
0.0863,2478
-0.134,6109
0.0211,4247
0.0796,2472
-0.0659,7915
-0.00744,5266
-0.222,10261
0.372,1287
-0.0479,7368
0.133,674
0.0975,3293
-0.121,8831
0.0508,3662
0.709,122
0.0679,3300
0.000446,4940
-0.00517,5129
0.239,429
-0.0476,6428
-0.113,7378
0.00484,4781
-0.0978,7994
0.172,1034
-0.212,9031
-0.109,9281
0.015,4446
0.034,4253
0.0986,1084
0.586,156
0.00741,4601
0.0647,3326
-0.065,5902
0.214,335
-0.0815,8314
-0.183,9931
0.0869,3657
0.234,772
0.171,832
0.0106,4627
-0.00949,5365
-0.396,10430
0.297,1266
-0.493,10136
-0.128,10118
-0.0416,6085
0.186,370
-0.0637,6932
0.154,1411
-0.0424,6417
-0.232,9343
0.0865,1501
0.0103,4745
0.263,1034
-0.297,10426
0.436,157
0.0738,3211
-0.1,9517
0.0234,4064
-0.00331,4961
0.266,821
-0.054,5875
0.0811,3831
0.0858,2272
-0.182,10334
0.19,311
-0.111,6606
0.0298,4094
-0.0246,6269
0.0242,4187
-0.0842,7615
-0.189,8350
0.356,800
0.0523,3378
-0.0185,5828
-0.00641,5198
0.0228,4394
0.0417,3518
0.114,2268
-0.28,9564
-0.0724,7344
0.0722,1998
0.0291,3737
0.0605,3774
0.119,2162
-0.126,7437
-0.081,7898
-0.00728,5233
-0.126,8472
0.367,784
-0.204,9223
0.237,601
2.28,214
-0.0654,7360
0.0774,1582
0.0644,3325
0.214,812
0.14,542
-0.159,8215
0.0835,1762
-0.126,9405
0.315,189
0.0128,4298
-0.0827,7472
-0.0748,7156
0.0216,3515
0.127,1202
-0.0941,7198
0.0789,1798
0.172,2486
0.0617,2365
0.157,466
-0.0496,7262
0.159,1496
-0.0899,9477
-0.0776,7302
0.00955,4973
0.032,3521
0.0901,2164
-0.0492,5840
-0.133,8493
0.191,1086
-0.00541,5016
-0.127,7278
-0.164,8667
-0.135,9100
-0.294,9410
0.545,263
0.178,1198
-0.12,7280
-0.253,9837
-0.068,6762
0.221,521
0.43,4
-0.0425,5931
0.028,3918
-0.087,7920
-0.335,8999
-0.435,8988
0.173,2319
-0.13,7798
0.117,1240
-0.119,7599
-0.0778,6821
-0.109,9728
-0.233,10192
-0.252,9794
-0.015,6620
-0.0206,6087
-0.115,7965
0.0816,2766
0.127,1939
-0.222,8186
0.06,2962
0.119,1926
0.422,283
0.491,533
0.131,2991
0.291,239
0.0906,2424
-0.0388,6749
-0.325,10411
-0.175,9394
-0.823,10029
-0.0758,6989
-0.0734,7330
0.00841,4748
-0.0228,5971
-0.0772,7511
-0.04,6927
-0.176,9820
0.0694,2275
-0.29,10312
0.347,303
-0.0605,6514
0.14,1633
-0.121,7824
0.169,1223
0.155,1461
-0.0918,7451
0.177,733
0.342,1133
0.0259,4126
0.0306,3366
-0.136,9802
0.167,1182
-0.121,9094
-0.031,5607
0.0442,3114
-0.229,10088
0.0245,3074
0.0101,4913
-0.0541,6301
-0.365,9228
0.0532,3717
0.126,808
0.261,371
-0.086,8916
-0.136,8658
-0.113,9714
0.103,1823
0.00826,4742
0.0206,4730
0.19,2410
0.308,2601
0.13,2923
0.0351,4344
-0.585,10381
-0.178,10024
0.0302,4083
-0.0948,7252
-0.21,9050
-0.552,9599
-0.0668,6628
-0.0446,7697
-0.0928,8916
-0.174,9946
-0.0558,7928
-0.0617,6120
-0.0215,6199
-0.000129,5007
0.524,830
-0.0576,6202
0.161,2379
0.169,3157
-0.084,7944
-0.0554,6916
-0.423,10470
0.127,1844
0.0238,4346
0.0546,3146
-0.046,6973
-0.0611,6935
0.214,800
0.00935,4783
0.0162,4384
-1.17,10037
-0.158,8990
0.0778,2448
0.0614,2578
0.0634,2055
0.305,354
-0.175,9681
0.224,688
-0.0264,5637
-0.0726,6932
-0.168,9935
0.0762,3058
0.0299,3597
-0.0851,8623
0.0179,4234
0.0281,4031
0.0586,3958
-0.0838,8347
0.306,336
-0.045,7238
0.108,1763
-0.183,8508
-0.0561,7830
-0.037,6937
-0.0712,6322
-0.0493,8746
-0.0402,7232
-0.133,9316
0.239,2183
0.201,1833
0.332,467
0.00168,5076
-0.177,9625
0.0535,3842
0.461,690
-0.25,8746
0.0249,4393
0.0493,3285
0.132,1365
-0.191,6498
0.0622,2986
-0.121,7548
-0.0484,5466
0.0657,2599
-0.0141,5229
-0.419,10443
0.105,3386
-0.134,7706
0.096,2958
-0.164,9771
0.0523,3379
-0.0894,7227
-0.137,9446
-0.0755,6625
-0.0182,5528
-0.0368,6815
-0.0638,7977
-0.0238,6047
-0.0566,6214
0.146,1515
0.036,3614
-0.156,9802
-0.105,9209
-0.0448,6200
0.0627,3317
-1.68,10371
0.174,2013
0.0404,3469
0.0631,2362
-0.343,10418
0.0314,3814
-0.408,9108
0.00778,4855
-0.0896,9162
0.0553,2575
-0.182,9615
0.0428,3770
-0.425,10054
-0.0536,5637
-0.139,10032
0.131,3065
-0.54,10211
0.15,1593
0.0895,3289
-0.12,8393
-0.095,7326
0.0342,3467
0.0388,3623
-0.0284,5256
-0.0643,8405
0.158,1717
0.0712,2555
-0.0765,7918
-0.0295,5485
0.147,2659
-0.0926,5793
0.00967,4793
-0.0158,5522
0.0271,4348
-0.0712,6836
-0.154,8343
0.382,993
-0.107,8862
-0.0681,8319
0.159,1652
0.102,1675
-0.163,8946
-0.0859,6863
0.0465,3543
-0.16,8323
-0.151,10188
-0.172,9336
0.0131,4625
0.629,167
-0.11,6690
-0.0537,6885
0.164,1208
-0.0762,7900
-0.173,9161
0.0333,3992
0.0191,4426
0.00718,4915
0.049,2927
0.00625,4838
0.0463,3800
-0.252,10038
0.0315,4309
0.117,1462
0.0596,2179
0.0523,3379
-0.062,8380
-0.106,6207
-0.186,7333
0.0155,4906
-0.0679,7345
-0.0469,10460
0.112,2725
-0.025,5750
0.0837,2210
-0.0524,4104
-0.243,10362
0.0318,3774
-0.075,7128
-0.0892,6957
-0.36,10324
-0.207,8390
0.0772,2310
0.111,1159
-0.144,9583
-0.239,7888
0.118,1762
0.198,2684
-0.108,8531
0.0555,3041
-0.103,7816
-0.203,10041
0.0797,2469
0.137,2144
-0.00459,5478
-0.138,9177
-0.0617,5993
-0.398,10433
-0.295,9543
1.08,266
0.319,28
-0.116,8658
-0.149,9591
-0.0454,6124
-0.356,8578
0.0588,3203
0.116,1571
-0.141,9205
0.134,2729
0.155,762
0.154,1812
-0.109,8896
-0.0956,6771
-0.0309,6379
-0.286,10219
-0.24,10003
-0.223,10066
-0.324,10358
-0.139,10211
0.0346,3304
0.035,3963
-0.193,10112
-0.0999,5936
-0.109,8354
-0.041,6646
-0.00759,5398
-0.309,10429
-0.907,10178
-0.0743,5411
-0.244,9074
0.0368,3820
-0.322,10062
-0.369,10108
0.0518,3194
0.119,2411
0.206,1737
0.0232,4068
0.312,169
-0.191,9442
-0.312,10296
0.0802,2870
-0.214,9541
0.0718,3578
-0.00185,5225
0.19,1263
-0.0442,6316
-0.118,7714
0.026,4380
0.0188,4593
0.0192,4245
0.076,3106
0.0757,3969
0.0192,3870
-0.408,10151
-0.0745,7806
-0.0273,7574
0.138,739
0.43,1414
-0.439,10104
-0.0918,8630
-0.115,8934
0.0659,2041
0.104,2699
0.117,2540
0.16,2653
0.204,2126
-0.0616,7579
0.181,1748
0.192,1167
0.0952,2993
-0.255,10149
-0.44,9913
0.154,939
0.121,1973
-0.099,7278
-0.183,9937
0.0663,3516
-0.134,7694
0.384,23
-0.204,10228
-0.22,10063
-0.0953,8482
0.0433,3127
-0.0525,6746
0.144,1896
0.00124,4874
0.138,1159
-0.0736,8091
-0.153,9629
-0.182,8847
-0.0894,9123
-0.0454,8571
0.0885,2944
-0.18,9570
0.253,2202
-0.175,9756
0.0219,4313
0.202,911
0.0959,2879
-0.0289,6062
0.0684,2766
0.00113,4993
0.213,453
-0.0345,5968
0.0644,2538
0.198,514
0.01,4797
0.275,626
-0.13,9347
0.0486,3591
0.212,936
-0.125,8673
0.138,2400
0.0933,3235
-0.11,9458
-0.195,9630
0.187,1721
-0.0586,7898
-0.19,7921
-0.164,10202
0.00274,4845
0.0253,4356
0.0781,2556
0.0226,4163
-0.229,8792
-0.0785,5271
-0.04,6083
-0.0736,6564
0.0442,4222
0.104,1360
0.774,82
0.136,2421
0.0456,2210
-0.0995,9018
-0.104,9240
-0.00447,5236
0.0596,2386
0.217,898
0.0672,2872
0.122,1274
-0.088,7255
-0.0777,6681
0.0425,4118
0.115,2719
0.129,729
0.0425,3477
-0.0312,5734
-0.0633,6198
-0.104,6336
0.0497,3553
0.111,1523
-0.118,6638
-0.555,10413
0.0311,4279
0.497,1875
-0.063,5908
-0.0366,5881
-0.211,9755
-0.0813,6534
0.271,1577
-0.032,6123
-0.0943,8949
0.157,1073
0.24,1996
0.289,552
0.199,914
-0.256,10227
-0.122,8925
0.0802,1755
0.31,665
-0.0162,5524
0.169,1786
0.333,1040
0.033,3787
-0.1,9496
-0.0466,7399
-0.126,7708
-0.0945,6961
0.0829,3715
0.141,1075
-0.0175,6362
0.498,398
-0.0852,6710
-0.0336,5500
-0.167,10006
-0.129,9781
0.0175,4391
0.118,997
0.0597,3770
-0.0243,5979
0.0498,3854
0.0339,2944
-0.0656,8148
-0.0332,5670
-0.17,9065
-0.12,9195
0.0792,3543
-0.0861,8784
0.00271,5137
-0.167,10081
-0.178,8935
-0.0221,5663
0.173,1858
-0.0016,5026
-0.0593,8093
-0.267,10327
0.0173,4475
-0.361,9239
0.236,1716
-0.16,10365
-0.0443,7223
0.0266,4232
-0.0764,6960
-0.0718,6756
-0.0117,5240
-0.0809,8137
0.129,1535
-0.0702,7120
-0.0151,5336
-0.0658,7316
-0.214,10056
0.0639,2429
-0.104,9379
-0.0498,6291
0.384,420
0.333,849
-0.141,8721
0.0632,2878
0.00898,4339
-0.0397,6485
0.0903,2837
0.106,2387
-0.205,9357
-0.0179,6301
0.00663,4800
0.107,1643
0.108,2804
-0.051,7586
0.0963,2609
-0.119,9461
-0.0591,7355
-0.0305,6102
-0.0264,6366
0.0611,3474
-0.0423,4532
-0.113,9694
0.0296,3717
-0.103,7740
0.106,2898
-0.381,9323
-0.646,9613
-0.221,9835
0.0217,4173
0.0544,3516
-0.0371,6301
0.476,1665
-0.54,9870
-0.00388,4937
-0.172,10252
-0.182,9811
-0.0164,5179
-0.157,7340
-0.0377,6518
0.0264,4305
-0.588,10450
0.00702,4980
0.409,581
0.275,1485
0.127,2832
0.113,1721
0.124,2138
-0.0913,8117
0.0504,3592
-0.0958,8404
-0.0593,6908
-0.0306,7540
-0.0917,8585
-0.00571,5109
0.223,1411
0.1,2364
-0.332,9509
-0.0826,8440
-0.0811,7182
0.0417,3281
0.115,2904
0.469,440
-0.0209,5698
-0.18,9650
-0.00662,5066
-0.653,10469
-0.14,8867
-0.0282,5830
0.149,1711
0.0862,2402
-0.172,9256
0.0533,3234
-0.195,9226
0.0418,4403
-0.0933,5979
-0.0125,5640
0.0787,3174
0.808,14
0.543,238
0.032,4355
0.0512,2840
-0.0756,8048
-0.0723,7095
0.0446,3366
0.0312,4293
0.468,1796
-0.283,10445
-0.00408,5145
0.0405,3957
0.224,1600
-0.0651,8473
0.0397,3678
-0.0919,8476
0.131,2154
0.0431,3863
0.204,414
0.0428,3275
-0.189,9470
0.0154,4577
0.131,1358
-0.195,10307
0.146,2096
0.112,2520
0.16,1515
-0.174,8076
0.14,375
0.0661,2048
0.145,1217
0.419,125
-0.092,7351
0.0105,4624
0.265,245
0.0242,4134
-0.00761,5461
-0.0294,5720
0.0942,2922
-0.206,9441
-0.0803,8799
-0.121,9976
-0.199,9840
-0.187,9058
-0.21,10244
0.0783,2808
0.0206,4156
-0.0366,6657
-0.245,10170
0.131,2922
0.227,1965
0.00158,4944
-0.22,10471
0.131,354
-0.0925,7164
0.14,1071
0.196,2490
0.00571,4650
-0.0906,7899
0.0628,1625
0.00805,4960
-0.141,9492
0.129,110
-0.0545,6705
0.104,1878
0.307,477
0.0468,3787
0.21,1234
-0.0968,7619
-0.214,8916
-0.00147,4984
-0.147,9632
0.0355,4040
0.13,1490
-0.0242,5716
-0.00626,5085
0.134,1477
-0.0475,6976
-0.371,10307
-0.569,10336
1.07,927
0.293,2134
0.258,12
-0.214,9602
-0.0409,6179
-0.0486,6050
-0.344,9548
0.634,326
0.0475,2497
0.0105,4751
-0.0184,5122
0.0263,4368
-0.161,6127
0.142,2710
-0.0703,7743
0.393,2356
-0.0161,5590
-0.207,10232
-0.0475,6942
-0.129,7246
-0.0302,5902
-0.189,10037
0.109,2135
-0.0353,5664
0.0909,2510
-0.247,7991
-0.159,8739
-0.000181,5046
0.134,2054
0.0187,4442
-0.207,9495
-0.0693,7299
0.0181,4216
0.0374,2135
0.115,3499
-0.0712,7297
0.0247,4327
0.0114,4292
0.0423,4032
0.0162,4213
0.17,1428
-0.464,10040
0.143,1818
0.028,4205
0.315,373
0.238,1250
0.348,1105
-0.203,9324
0.209,1559
0.0722,3538
-0.117,6971
-0.0314,6612
0.0979,2394
0.0243,4234
0.0463,3819
-0.35,10388
-0.08,7781
0.0675,1068
-0.188,9579
-0.0937,8256
-0.118,6256
-0.136,9239
0.00741,4932
0.0704,3477
0.0645,3624
-0.0205,5283
-0.447,10385
0.177,3657
0.106,691
0.0958,2754
-0.182,10218
0.634,515
0.127,2560
0.17,1020
-0.0447,7827
-0.108,9309
-0.0813,6464
-0.00155,4914
-0.078,7060
0.205,1952
-0.0385,6772
0.172,621
0.501,336
0.0296,4143
0.185,2430
-0.0237,5670
0.0523,3356
-0.0666,8064
-0.08,7799
-0.0247,5733
-0.0967,7114
-0.0622,7832
0.108,2129
0.0729,2791
-0.0197,6208
-0.208,9880
-0.0259,5784
-0.0754,6625
0.0427,3124
0.0357,3463
0.177,978
0.222,496
-0.0327,5374
-0.141,9562
0.0669,2908
0.126,2539
-0.0184,5191
0.0109,4706
-0.0113,5456
0.0125,4407
0.0491,2774
-0.0764,6767
-0.13,9025
-0.457,10433
-0.164,6782
0.0241,4636
-0.0251,6921
-0.116,9675
0.442,352
0.157,339
0.928,645
0.184,2809
0.185,218
0.173,554
-0.0642,7267
-0.0694,6847
0.0273,4460
-0.0947,6756
0.0409,3626
0.0387,3280
-0.305,9786
-0.232,9425
-0.175,7996
-0.383,9985
0.114,2655
0.0593,2894
-0.0387,6026
-0.0272,5925
-0.356,10142
0.102,3126
-0.022,6628
0.117,1961
-0.123,6375
0.219,1040
-0.177,7759
-0.0338,6336
0.032,2957
0.0943,1467
0.763,7
0.273,378
0.0033,4821
-0.0453,5908
0.0735,3452
-0.00803,5483
0.495,499
-0.0443,6509
-0.133,9056
-0.0445,6696
0.0222,4483
0.0151,3857
-0.0926,8027
0.014,4480
0.00549,4931
0.254,373
-0.0185,6052
0.136,2546
0.0194,3738
-0.0925,8684
0.00885,4659
0.177,1584
-0.145,9334
-0.0655,7925
-0.159,10070
0.219,715
-0.0109,5594
-0.0155,5334
-0.123,8191
-0.0673,7641
0.113,1790
0.16,2238
-0.107,7973
-0.0892,6307
-0.0701,6236
0.0393,2789
0.067,1446
-0.225,5689
-0.389,9814
-0.471,8335
0.273,1363
-0.099,8238
0.0668,1847
-0.389,10354
-0.08,7878
0.064,3400
-0.0653,6379
-0.00855,5617
-0.0309,6684
-0.417,10284
-0.077,8550
0.073,3248
-0.482,10177
-0.235,10324
-0.0525,6527
0.169,1565
-0.263,10255
0.426,312
0.412,741
-0.19,10017
-0.00507,5390
0.0172,4397
-0.0854,6893
0.221,2051
0.00824,4849
0.041,3722
0.0282,3815
0.233,2661
-0.00201,4856
-0.0545,8160
-0.0622,8354
-0.138,7895
-0.0972,8972
-0.0642,6993
0.0461,4075
0.0883,3110
0.0885,1631
-0.115,8072
-0.213,8033
0.0776,2693
-0.0868,6644
-0.00286,5182
-0.15,8723
0.092,1932
-0.0757,8041
0.00791,4764
0.179,550
0.102,3003
0.0979,2779
-0.101,8768
-0.218,9481
0.0176,4505
-0.16,8779
-0.00698,5309
-0.11,9435
0.00114,4965
0.161,1413
0.0479,3836
0.027,4307
-0.0758,7760
-0.00179,4912
0.00757,4667
-0.0452,6371
0.0507,3744
-0.00294,5123
-0.232,7832
0.162,1412
0.0502,2510
-0.00207,5014
-0.0715,7029
0.147,1830
-0.0847,6730
0.0418,3729
-0.151,8932
-0.073,6506
0.00545,5146
-0.22,9633
0.017,4445
-0.108,8503
-0.00417,5106
-0.0776,4962
0.467,8
0.0435,4100
-0.276,8584
0.0867,2595
0.074,1486
-0.0789,8171
-0.131,8253
-0.112,8750
0.109,1686
0.159,653
0.042,2551
-0.00257,5022
-0.101,8652
-0.143,9858
-0.0097,5262
0.00684,4882
0.0298,4232
-0.18,9248
-0.0598,6442
-0.137,9335
0.019,3921
-0.188,10005
0.112,1355
0.3,92
-0.0205,5649
-0.302,10091
0.101,2081
-0.0401,7280
-0.322,10060
-0.869,10365
0.143,1462
0.295,2083
0.00594,4881
0.115,510
0.149,1599
0.365,2789
0.279,1092
-0.0958,8761
-0.213,9617
-0.0351,6372
0.112,862
0.128,1977
0.0405,3489
0.335,396
0.0201,4551
0.0692,2208
-0.108,8366
0.187,2001
-0.0367,6174
0.149,1623
-0.0349,5932
-0.293,10440
-0.144,9159
-0.0426,7065
0.286,1716
0.0778,2445
-0.262,10219
-0.0955,9143
0.074,2480
-0.134,9055
0.177,370
-0.133,8102
-0.106,8313
0.0462,3833
-0.00114,5153
-0.186,9490
0.0496,3408
-0.168,9749
0.089,2507
0.102,2387
0.0705,3007
0.254,758
0.0265,4161
-0.0114,5369
0.552,109
-0.0343,6498
0.0424,3800
-0.126,8674
0.0523,3133
0.392,1630
0.497,267
0.155,1289
-0.17,8491
-0.0261,6132
-0.136,9224
-0.00824,5385
-0.126,8613
0.0553,2583
-0.201,9879
0.228,643
-0.129,7169
-0.0186,5383
0.0399,3626
0.0922,1612
-0.192,9044
0.118,2325
0.158,3151
0.213,1020
0.11,2162
-0.14,8883
-1.25,10050
-0.114,6291
-0.0416,3905
0.0862,3007
-1.22,10454
0.0377,4407
0.384,123
-0.221,8613
0.231,607
0.0358,3496
0.0214,4419
-0.188,8686
-0.196,9882
0.277,260
0.33,514
-0.0511,6818
0.0212,3959
0.063,3571
-0.0973,7593
0.292,1432
0.936,8
0.266,226
-0.00337,5323
0.375,159
-0.0538,6774
0.218,897
-0.303,10091
-0.0201,6138
0.0487,3587
-0.0354,6322
-0.203,10003
-0.0457,6419
0.0589,3706
-0.291,10384
-0.0401,6644
0.118,2448
0.0201,4618
-0.171,9564
0.279,434
0.117,2200
-0.0508,7944
0.965,1474
0.0751,3653
-0.01,5136
-0.181,9001
0.0461,3267
0.206,875
-0.069,8563
0.0587,3544
-0.174,8571
-0.314,9989
-0.0199,5733
-0.0536,9541
0.0401,3796
0.611,1634
-0.022,5980
0.0774,2725
0.137,915
0.0644,2396
-0.329,10316
-0.0738,8961
0.0842,1215
-0.0581,6355
0.0447,3546
0.178,45
0.129,1160
0.226,2761
-0.0475,6307
0.0773,3874
-0.108,6996
0.263,359
0.364,112
0.606,91
-0.165,8237
0.102,2364
0.157,2241
0.0401,3541
-0.845,10267
0.647,1676
-0.112,7725
-0.0575,6380
0.0915,3149
0.0368,2542
0.166,521
0.0315,3149
-0.142,8868
-0.173,8968
-0.464,10412
-0.292,10018
-0.139,7833
-0.244,10290
-0.234,6025
0.322,750
0.0246,4327
-0.0448,6141
-0.0498,6637
-0.124,7971
-0.18,9761
0.0191,4520
0.473,198
-0.0703,6956
-0.0623,8062
-0.0548,6586
0.106,2565
-0.0265,5908
0.448,784
-0.0629,6001
-0.1,9805
-0.0545,7415
-0.201,9605
0.0667,2953
-0.348,10025
0.0118,4764
-0.00406,5357
-0.103,8689
0.0465,3968
0.0279,4264
0.233,1022
-0.204,8407
0.0594,2885
-0.251,10371
0.448,14
0.125,2203
0.395,1260
0.143,2641
0.08,2716
0.0104,4659
0.0313,4282
-0.158,8730
-0.0551,6019
-0.009,5312
0.023,4151
-0.192,9569
-0.0823,7797
0.0606,3629
0.248,1947
-0.155,9449
0.142,1027
-0.247,10268
0.103,2708
0.105,2403
-0.00219,5207
0.106,2060
0.00447,4873
0.028,3256
-0.0148,5318
-0.161,9105
-0.102,7593
0.0526,3807
-0.156,8906
0.103,2190
-0.159,8906
0.225,1530
0.107,2841
0.722,288
0.166,2787
0.44,107
0.288,1576
-0.739,10206
0.186,1896
-0.388,10368
0.117,2442
0.282,411
-0.101,7497
0.279,1522
0.0685,3267
-0.0537,7349
0.136,1461
-0.141,7351
0.148,770
0.111,1923
0.495,40
0.0547,3494
-0.000851,5061
-0.135,8548
-0.0114,5377
1.08,346
0.102,2591
0.00985,4243
0.089,1933
-0.191,8962
0.801,85
0.0894,1479
-0.0409,6278
0.0778,2281
0.155,2173
-0.000846,5326
0.177,1196
-0.273,8452
0.0289,4262
-0.00791,5114
-0.0415,6194
0.229,664
-0.0573,6878
0.12,1194
0.0407,3420
-0.0316,6278
-0.165,10166
0.0201,4199
0.0453,3476
-0.101,7603
0.0205,4555
0.0458,4007
-0.0278,6346
0.301,438
-0.0834,8713
-0.0277,5523
0.0823,2980
0.131,2188
-0.119,8969
0.101,3232
-0.0214,6163
0.147,1758
-0.205,8974
0.0216,3875
0.0446,3098
0.109,2002
-0.193,8945
-0.253,9237
-0.102,7337
-0.175,10398
-0.118,8415
-0.57,8430
0.265,2495
0.0237,3915
0.168,1773
1.29,46
-0.661,10454
0.155,1997
0.15,758
0.301,488
0.117,2763
0.0784,2125
0.008,4832
0.0954,3105
-0.02,4740
-0.0908,6945
0.492,2446
0.0506,3373
-0.462,10030
-0.299,9633
0.0901,2157
-0.167,7128
0.421,145
-0.00605,5530
0.00573,4674
0.158,2473
0.0332,4058
-0.0227,5903
-0.576,10128
0.145,109
0.0189,4255
0.0626,3436
0.312,1070
0.125,2432
0.0251,4452
-0.0208,5632
-0.0185,5703
0.465,676
-0.0578,5489
-0.145,6664
-0.0188,5596
0.044,3779
0.117,1187
-0.194,9005
-0.0417,6316
0.0201,4389
0.026,4558
-0.0403,7641
-0.0586,7589
-0.791,8989
0.0894,2869
-0.247,9386
0.0748,3113
-0.0691,7643
0.0133,4351
0.0608,2675
-0.222,10355
0.0685,4072
-0.175,10464
0.0533,3339
-0.0559,7710
-0.134,9673
-0.195,7486
-0.221,7756
-0.00545,5209
0.0236,4572
0.15,1268
0.0544,2950
0.0975,2887
-0.125,8671
0.0407,3742
-0.0801,8778
0.102,1287
0.209,558
0.117,2660
-0.0995,7709
-0.339,7992
0.0815,2552
0.0372,3837
-0.006,5470
0.187,1924
-0.108,7074
-0.632,10456
0.00546,5038
-0.0987,8224
-0.0588,7250
0.0686,3668
-0.401,10245
0.355,1782
-0.0942,8185
0.229,35
0.486,31
-0.0739,6854
-0.0376,7602
-0.211,8274
-0.0467,7825
-0.00148,5171
-0.209,9101
-0.18,9357
0.0876,3216
-0.0768,6983
-0.15,8220
0.11,1437
0.0583,3348
0.0137,4318
0.455,1134
0.18,888
-0.113,9293
0.119,851
0.0633,3424
0.114,2169
0.363,1894
-0.138,7639
0.163,802
0.0389,2922
-0.0878,8367
-0.076,6330
-0.205,6423
0.0976,2133
-0.202,8834
0.118,593
-0.0881,6255
-0.586,8975
-0.626,10085
0.129,1732
-0.0524,5206
0.0726,3228
0.177,1363
0.133,2914
0.0103,4703
-0.0942,8994
-0.0279,6107
-0.209,8311
0.215,1251
-0.0218,5510
-0.163,9456
0.101,2054
0.00717,4827
-0.102,8669
0.179,1202
-0.0708,8049
-0.0662,7171
-0.0506,6613
0.219,692
-0.147,7182
-0.156,9482
0.567,1321
0.0431,4534
-0.0902,7420
-0.0923,7483
0.224,440
0.145,1186
0.31,218
0.3,336
-0.131,8898
0.274,1113
0.0346,4030
-0.0579,7244
0.206,1817
-0.192,9163
-0.235,8324
0.0305,4108
-0.7,10443
0.418,886
-0.0464,3715
0.0405,3819
0.311,113
-0.023,6000
-0.00942,5309
-0.0242,5444
0.0261,4155
-0.0162,5376
0.0763,3369
-0.0965,8321
-0.0951,6509
0.0749,2183
0.0479,3620
-0.0277,5978
-0.0246,6113
-0.0733,6971
0.0102,4910
-0.0555,6836
-0.279,9577
0.151,1440
0.0556,2725
-0.084,8745
-0.0272,5955
-0.0326,5563
0.201,944
0.0607,3673
-0.0356,7980
0.401,175
0.0466,3858
0.0953,3106
0.0321,4082
0.00227,4942
0.127,2144
-0.0818,8049
0.0825,3541
-0.253,9451
0.264,1307
0.186,1533
-0.05,7420
0.229,109
0.374,816
-0.00219,5031
0.136,2985
-0.389,10070
0.217,2542
0.223,54
0.0594,3428
-0.0757,7683
-0.446,8760
0.156,3281
-0.136,10181
-0.0116,5360
-0.185,9602
0.0142,4598
0.0263,4276
-0.442,10393
-0.0117,5715
-0.041,7355
0.0204,4049
0.179,1301
0.563,1817
0.083,2762
-0.0504,6088
0.0186,4437
-0.0131,5602
-0.0894,6876
-0.383,10179
0.209,703
-0.0172,6054
0.076,2358
-0.203,7000
-0.0261,5189
0.0892,2213
0.343,84
0.0385,3700
-0.191,8097
-0.052,5929
-0.0113,5510
-0.177,8183
0.129,2311
0.0439,3887
0.063,1721
-0.108,6732
-0.0406,6572
-0.0635,7235
0.274,1089
0.0259,3767
0.134,2188
-0.154,9244
0.0524,3532
0.0698,3003
0.578,2
0.0377,3788
-0.288,10050
0.142,1747
-0.235,10139
-0.244,9201
-0.0262,6815
-0.0265,5955
-0.0258,6590
0.0849,2784
-0.359,10410
0.0847,3632
-0.0206,5865
0.0671,2270
-0.0694,7892
-0.0352,5878
0.134,2647
0.111,2811
-0.0317,6282
-0.0702,7521
-0.0363,6424
0.244,934
-0.135,8957
-0.134,9984
0.176,927
-0.222,10161
0.197,285
0.109,2544
0.373,410
-0.0229,5301
-0.232,9984
-0.151,8946
0.115,882
-0.25,9069
0.143,2665
0.329,401
0.349,790
0.134,953
0.0639,2367
0.137,2274
0.202,1752
0.118,2841
-0.0254,5251
0.279,167
-0.0481,6984
-0.213,9755
-0.00707,4999
0.118,1758
0.466,62
-0.0808,8432
0.0639,2948
-0.196,9580
0.198,1218
0.353,731
0.217,2170
0.12,3090
0.0858,2113
0.00911,4921
-0.0536,6045
-0.0344,5823
0.0514,3329
-0.0278,6109
-0.0129,5719
-0.077,6833
0.145,2645
-0.142,9448
-0.00865,4979
-0.0754,7816
-0.192,10440
-0.138,8234
-0.268,9966
-0.0632,7023
-0.134,8621
-0.108,8492
-0.146,10337
-0.0862,7711
0.0988,2005
-0.141,7363
0.0742,2480
0.304,37
-0.165,10442
-0.0448,6339
-0.00255,5091
-0.224,9810
0.317,2522
-0.0886,8734
-0.0816,7913
0.201,267
0.233,714
-0.271,9521
-0.0128,5297
0.161,658
0.0404,4002
0.0248,4555
0.0971,3514
0.169,2272
-0.157,8998
-0.194,10157
0.166,1657
0.0645,3798
-0.0656,6277
0.102,1899
0.0677,4122
-0.0221,5819
-0.0725,7952
-0.184,8760
-0.124,8514
0.0535,3346
0.0624,3398
0.0654,1740
0.206,567
-0.185,9131
-0.0438,7135
-0.537,10448
0.525,395
0.000198,5044
0.118,1145
-0.138,7248
-0.0922,7655
-0.104,7510
-0.109,6801
-0.112,9060
0.0243,3677
0.0116,4884
-0.18,8024
-0.397,10442
0.0655,3081
0.101,1678
-0.034,5983
-0.18,9571
0.041,4261
0.0277,4306
-0.0267,6173
-0.068,7774
0.375,878
0.00326,4995
0.059,3693
-0.0388,4910
0.05,1847
-0.154,9342
0.077,2333
0.233,678
0.132,1083
0.211,1270
0.154,1039
0.0332,3541
-0.232,9274
-0.0182,5070
-0.183,8748
-0.0939,7238
0.0503,3528
-0.0456,6389
0.17,1669
-0.138,9076
0.0775,3278
0.0377,4035
-0.103,9547
0.0315,3479
-0.0516,6011
0.193,898
-0.306,10269
-0.643,10417
0.0192,4272
-0.0237,6486
-0.34,10341
0.0624,2975
0.121,2580
0.159,2570
-0.00829,5613
-0.0292,5890
-0.00436,5475
0.155,2039
-0.0265,5860
-0.011,5654
-0.151,9500
-0.0881,7936
0.0324,4376
-0.0248,6186
-0.303,7876
0.061,3374
0.00936,4736
-0.103,9112
-0.0853,7164
-0.181,9947
-0.194,9518
0.00967,4673
0.0863,1810
-0.081,7270
0.196,1299
-0.216,9449
0.246,1938
-0.012,4640
0.359,26
0.242,300
-0.503,9980
0.163,2430
0.169,2078
0.125,2242
0.0643,2872
-0.0784,7876
0.0105,4775
0.0767,1841
0.00778,4528
0.0638,3373
-0.0671,8292
-0.2,10319
-0.454,6752
0.879,1646
-0.39,8701
-0.675,9897
-0.303,7340
-0.0979,8960
-0.258,8133
-0.311,10284
-0.116,8621
0.0205,4730
0.029,4088
-0.202,10113
-0.0398,6425
-0.088,7100
-0.0953,7290
0.342,2401
0.0417,3729
0.108,931
0.105,2126
0.104,2084
-0.135,8294
0.181,1731
0.0738,2642
0.0328,2160
-0.0481,4889
-0.103,7420
0.489,1088
-0.402,10432
0.154,941
-0.0279,6992
-0.332,9755
0.00419,4528
-0.13,9179
0.0194,4547
-0.0302,6887
-0.00534,6143
0.0599,2974
0.113,1377
-0.00338,4801
-0.0673,7982
-0.0271,6393
-0.395,10311
-0.205,8885
0.138,2584
0.0325,3728
-0.104,8353
-0.0197,5785
0.185,1888
0.316,2144
0.156,2549
-0.264,9350
0.0583,3097
-0.0709,8082
-0.0123,5824
0.156,2132
0.158,1862
0.0136,4740
-0.512,8857
0.155,667
0.0289,3432
0.113,2574
-0.229,8530
-0.0914,7782
0.994,96
-0.154,8882
-0.0599,8052
-0.0363,6219
0.215,1518
-0.0388,6388
-0.0567,6191
-0.0588,7025
-0.162,9219
-0.209,10398
-0.207,9245
-0.0405,6267
-0.0372,5845
-0.231,10427
-0.0627,7352
0.161,1315
-0.226,9759
-0.464,10379
-0.088,6087
0.0128,4219
-0.104,7835
0.169,621
-0.0506,6743
0.0382,3993
-0.343,10142
0.179,932
0.544,178
0.0875,2911
0.0645,3899
-0.143,7434
-0.0881,6529
0.0636,2466
0.037,2423
0.139,3185
0.0721,1563
-0.161,7310
0.0144,4822
-0.268,10065
0.0488,3491
-0.05,7216
-0.0423,6134
-0.292,9292
0.126,1258
0.0868,2882
-0.0519,8581
-0.0676,6907
0.209,1427
0.402,170
0.0347,4230
0.123,1103
0.186,1103
0.157,2556
-0.243,9332
0.0241,3666
-0.18,9023
-0.0487,7019
0.0989,1230
0.00382,4934
0.0945,2764
-0.0825,7359
-0.28,9676
0.142,1989
0.0213,3980
0.839,1790
0.00946,4708
0.019,4513
0.118,3202
0.00864,4783
-0.144,8911
-0.204,8843
0.00247,5057
-0.133,7616
-0.0415,6641
0.229,923
-0.00113,4833
-0.0436,6276
0.0233,3853
-0.174,8203
-0.0468,6085
-0.141,9764
-0.149,9430
-0.436,10459
-0.141,9679
0.0313,4195
0.118,1168
0.112,2586
-0.124,8870
-0.0197,5940
-0.0617,7032
-0.117,8493
0.00156,4952
-0.263,9642
0.21,1225
-0.0181,5478
-0.0223,5233
0.0054,4849
0.198,1762
-0.16,8949
0.163,1364
0.146,1187
0.00718,4890
-0.618,7580
-0.192,9728
0.00931,4937
-0.0514,6776
0.353,2465
-0.36,8893
-1.59e-05,4844
0.301,2046
0.0169,4595
0.0601,3193
-0.488,10417
-0.151,8407
0.0615,2260
0.0469,2578
0.00641,4976
0.247,1755
-0.0793,6550
0.11,1754
-0.0237,6662
0.0637,1873
-0.158,8834
0.0474,2918
-0.0473,7030
-0.153,8726
0.0421,4033
0.246,28
0.45,1133
0.04,3568
-0.0539,7655
-0.0195,5152
0.0433,3587
0.0544,2514
-0.0604,5714
0.0265,4191
0.176,1559
-0.207,10018
0.333,129
-0.059,6646
-0.0114,5137
0.00407,4790
-0.0894,8092
0.831,38
0.0907,1612
-0.000899,5235
-0.235,9429
0.307,924
-0.338,9914
0.0373,4349
-0.0409,7338
-0.0337,6334
0.171,2096
-0.319,10171
-0.00885,5342
0.141,1655
0.217,285
-0.0436,7441
0.0604,2342
0.0572,3733
-0.599,10328
-0.0111,5297
-0.135,8914
0.0236,3595
0.172,895
0.184,2000
-0.00407,5148
0.00708,4965
-0.0139,5751
-0.21,10019
0.0239,4321
0.23,625
0.0435,3754
-0.22,10191
0.0977,1624
0.0465,3376
-0.153,7714
-0.163,9827
0.0852,3301
0.128,2111
-0.0673,6969
-0.193,9946
-0.138,8610
0.00977,4593
-0.108,8652
0.0362,2908
-0.0323,5894
0.159,684
-0.275,10115
-0.00976,5810
-0.0459,6972
0.384,234
-0.0768,8418
-0.0767,7268
-0.0485,7143
0.0226,3992
-0.273,10367
0.0877,2832
0.0039,4952
0.00508,4694
0.0833,2950
0.000954,4876
-0.08,7368
-0.0681,7178
0.128,2483
0.121,2181
-0.257,10034
0.258,972
0.526,139
-0.666,9582
0.0179,4402
0.0193,4365
-0.188,10147
0.137,2484
0.123,1465
-0.125,7158
-0.0615,7834
0.0695,2178
0.0355,3786
0.0296,4462
0.0762,3986
0.172,2128
-0.0759,8504
-0.0608,7593
0.107,2421
-0.0151,5635
-0.0165,5301
0.145,2101
0.251,614
-0.0749,8636
0.233,307
0.0154,4830
0.373,146
-0.0139,5630
0.216,1516
-0.0194,5411
0.00358,4953
0.387,489
0.0601,4144
0.492,728
-0.112,8816
-0.0683,8973
0.232,997
0.707,144
-0.0141,5589
-0.279,9046
0.191,1053
-0.0451,7267
-0.167,8625
-0.0705,7502
-0.00279,4993
0.304,1622
0.0555,3902
-0.263,9958
-0.117,7340
-0.00605,5089
0.148,984
0.098,2359
-0.0504,8318
0.0464,3127
0.102,2629
0.205,562
0.124,2240
-0.0322,6037
-0.0302,6995
-0.0119,5818
0.0629,2987
-0.0414,6296
-0.0483,5850
-0.0536,7145
0.0357,3791
0.0527,2673
0.05,3102
0.0317,4287
0.0827,1140
-0.346,8572
0.0829,2362
-0.0896,8096
-0.0398,5444
0.508,578
-0.0415,6484
0.0849,3277
-0.175,10126
0.0489,2318
0.0465,4008
0.0606,2962
0.0523,3409
-0.313,10460
-0.0597,6974
0.119,2040
0.19,202
-0.0921,7622
0.0788,1085
-0.0414,7004
0.166,778
0.014,4409
0.0406,3728
0.207,1449
-0.0436,5625
2.02,215
0.00444,4813
0.109,1206
0.0992,1915
-0.136,9100
-0.0797,6815
-0.179,9510
0.118,1859
-0.159,10127
0.0847,2709
-0.0364,6218
-0.327,9458
0.0886,2799
-0.0539,7720
0.23,266
0.00229,4869
0.168,799
-0.0111,5279
-0.0108,5722
-0.0283,6217
-0.0607,6630
0.0456,3392
-0.00883,5257
-0.0818,7854
0.249,905
-0.0177,5703
0.0489,3327
0.00816,4721
0.244,1034
-0.0521,6412
-0.296,7576
-0.01,5652
0.0232,4120
0.249,998
-0.786,10125
0.244,356
-0.423,9226
-0.0845,7011
0.0147,4588
-0.352,9443
-0.0208,5730
0.175,2668
0.00438,4794
0.0695,2343
0.0178,4711
0.304,1036
0.256,1542
0.393,322
-0.0287,6136
-0.0965,9318
0.0579,2065
0.0445,4251
0.1,3373
-0.014,5379
0.0489,3868
-0.156,6885
-0.0444,7643
0.258,602
0.0698,2985
0.0499,3956
-0.156,9409
0.428,925
0.0966,1487
-0.0355,6170
-0.146,7350
-0.826,10158
0.18,1034
-0.133,9253
-0.015,5530
-0.251,9679
-0.114,7917
-0.0542,5961
0.0193,4645
0.202,158
0.216,320
-0.00225,4985
-0.0677,7008
0.0523,3544
-0.0161,5741
-0.0364,6888
-0.0395,6754
-0.0406,6312
0.17,1194
-0.15,6296
-0.0273,5871
0.00557,5006
-0.272,10451
-0.305,9840
0.0139,4709
-0.0628,6644
0.0122,4684
-0.00124,5199
-0.2,7275
0.253,355
0.143,2752
0.274,574
-0.0125,5478
0.008,4783
-0.149,9119
-0.0428,5834
-0.0207,6579
-0.117,7831
-0.039,6760
-0.0239,5728
-0.0745,8642
-0.268,9993
0.0483,2988
-0.129,7981
-0.251,10111
-0.000842,5177
-0.0998,9528
0.172,1393
-0.301,10304
-0.0796,7050
0.0651,3253
0.203,1312
0.0879,2038
-0.356,9785
-0.327,9760
-0.29,10407
-0.276,9733
-0.296,10372
-0.122,9807
-0.0357,5970
-0.319,9685
-0.116,8917
-0.0792,6037
-0.184,9665
-0.129,9869
-0.0286,5822
-0.264,7408
-0.0228,5438
-0.335,9980
0.0519,1516
-0.0712,7520
0.0398,3810
-0.238,9915
-0.392,10421
0.157,1546
0.123,1255
0.0809,2664
0.117,2036
-0.146,8855
0.0336,4445
0.00523,4898
-0.0819,8263
-0.168,8715
0.455,408
-0.484,9061
-0.0468,5249
1.06,1307
0.0125,4578
0.111,989
0.0049,4833
0.205,1514
-0.116,8689
0.0622,3307
-0.0282,5966
0.511,633
-0.195,10426
-0.0463,6373
0.009,4688
0.182,747
0.355,204
0.0228,3927
0.0583,3619
-0.219,9866
0.16,916
0.633,571
-0.121,8981
0.104,2810
-0.775,9505
0.256,1134
-0.118,8606
0.191,1939
-0.19,9779
-0.0342,5554
0.0222,4369
-0.0562,6745
0.00784,4567
0.0161,4564
0.0121,4572
0.0897,1629
0.0051,4912
-0.277,9908
-0.117,5746
-0.013,6009
0.00635,4802
0.0512,2201
-0.294,9934
-0.218,8679
-0.428,7514
0.118,3422
0.138,881
-0.171,9093
-0.2,8695
-0.188,10304
0.095,3251
0.0463,4243
-0.0619,6938
0.0208,4420
0.0282,4341
0.00852,4712
0.269,568
0.0709,3426
-0.0487,7517
-0.0957,9194
0.00327,5150
-0.0504,7247
-0.0754,7155
0.247,507
0.0344,4126
0.123,2812
-0.07,7266
-0.282,10363
-0.215,9501
-0.142,8630
0.0414,3256
-0.113,8048
-0.0756,6088
0.26,568
-0.341,10205
-0.314,8813
-0.00608,5197
-0.126,10237
-0.0567,7255
0.0718,1960
-0.411,10459
-0.00219,4937
0.0499,3090
0.052,3284
-0.25,6985
-0.7,10406
-0.0105,5443
0.0737,3773
-0.175,9736
0.0933,269
0.0444,3576
0.0302,3961
-0.161,7890
-0.0627,7660
-0.121,8775
-0.138,8488
-0.239,9825
-0.00848,5446
-0.0424,6333
-0.0685,8309
0.0848,2378
0.0563,2391
0.321,514
0.0425,3478
0.175,1026
0.0449,3611
-0.553,10463
0.145,1814
0.0991,2635
0.332,1048
-0.17,8398
-0.222,9480
0.0487,3051
0.0109,4683
0.0367,3759
0.02,4690
-0.0259,5852
-0.0976,6469
0.0623,2456
-0.0797,7443
0.142,2311
-0.153,9124
0.0794,1919
0.648,434
-0.0949,8733
-0.031,7349
-0.165,8845
-0.0214,5547
0.0854,3198
0.406,1082
-0.0521,6928
-0.0504,6295
0.144,2684
-0.12,7934
-1.14,10315
0.256,1588
0.254,273
0.0421,3659
0.0636,3497
0.104,2343
0.147,1481
-0.13,7514
0.0636,2628
0.0154,4037
0.257,851
-0.0792,7870
-0.154,9463
0.058,3901
-0.0147,5756
-0.132,9190
-0.0474,6656
-0.0342,6028
0.00511,4818
-0.105,8991
-0.0955,7609
0.00725,4690
-0.00658,5114
-0.0101,5430
0.156,713
-0.346,9896
0.0872,1500
-0.0224,5575
-0.148,8227
0.0795,1955
0.374,1239
-0.047,6305
-0.00819,5395
-0.159,10028
0.722,989
-0.145,7510
0.827,101
0.0399,3094
-0.00858,5485
0.131,1901
-0.0889,8087
0.123,2227
-0.00352,5134
0.117,1899
0.0877,3140
0.00784,4634
0.125,2232
-0.0709,6069
0.18,1141
-0.196,8734
0.011,4798
-0.612,9784
0.163,2394
0.257,1151
0.121,2762
-0.161,7473
0.0902,3554
0.0538,4074
0.309,866
-0.0292,5025
-0.025,6053
-0.0803,9242
-0.0163,6135
0.126,1756
-0.253,10349
-0.226,9435
0.204,643
-0.189,10078
0.063,3235
0.327,1513
0.29,598
-0.0845,7822
0.0052,5002
0.183,1825
-0.0357,5702
0.00748,4804
-0.0303,6380
0.131,2305
0.114,1349
0.218,367
-0.0162,6945
0.457,200
-0.275,10032
-0.185,8877
0.0267,4174
0.108,1125
0.034,3979
0.0622,3229
-0.0915,8565
-0.0408,6184
0.0907,3157
0.0295,3939
0.0984,1990
-0.0579,3787
-0.0245,5830
-0.0581,6395
0.139,988
-0.0522,6589
0.017,4563
-0.0359,6200
-0.318,10221
-0.197,8097
-0.754,10447
-0.175,10420
0.154,1541
-0.064,7524
-0.279,9505
-0.016,5512
0.292,1009
0.0353,4205
0.116,1946
0.214,696
0.0434,4186
0.159,607
0.116,2300
-5.55e-05,4934
-0.164,8025
0.116,2117
0.0601,3710
-0.0905,7595
0.309,328
0.099,2169
0.143,726
-0.131,8458
0.409,385
0.201,617
0.124,1948
0.0204,4290
-0.05,6965
0.135,851
0.178,1846
-0.0437,5517
-0.195,8516
0.247,116
0.0851,1362
0.141,1941
-0.00896,5227
-0.258,10093
0.418,676
-0.0223,5521
-0.206,10037
-0.139,9490
0.0525,3573
-0.0193,6006
0.0771,2749
-0.145,9281
0.184,1628
0.0295,4468
-0.0359,5958
-0.205,9949
0.045,4096
-0.115,8365
-0.0906,7409
-0.19,8380
0.189,484
-0.148,7551
-0.00566,4893
-0.143,9348
-0.202,10003
-0.0416,6554
0.00518,4994
0.0926,2088
0.208,1772
-0.098,8304
0.0938,1474
-1.45,10446
-0.177,8942
-0.0842,7035
-0.0318,5777
0.216,362
0.112,2445
0.184,1094
-0.133,7280
0.0509,3076
0.0231,3959
-0.0985,9455
-0.12,9909
0.00334,5019
-0.0416,6706
-0.0627,6319
-0.039,5639
-0.147,9770
0.0382,3577
-0.0316,6141
-0.0252,5588
-0.276,9343
0.00382,4957
0.0712,2404
-0.0561,7210
0.396,1528
-0.0219,6937
-0.0505,8042
0.0665,2186
-0.12,8879
0.619,636
0.124,2042
-0.0214,6916
-0.0659,9599
-0.013,4106
2.52,201
0.071,2068
0.0905,2009
0.0564,3675
0.163,1203
0.0901,3108
-0.191,8951
-0.208,9824
0.0332,3963
-0.0184,5547
0.0484,4247
0.0695,3140
0.101,2121
-0.0141,5472
0.00384,4999
0.112,1442
-0.11,7275
-0.252,8637
0.16,1861
-0.0762,6819
-0.297,9813
-0.0965,9372
0.061,2923
0.137,2092
-0.523,10076
0.338,648
-0.0221,5904
0.207,1293
-0.00686,5301
-0.027,6458
-0.0174,5505
0.5,93
-0.0456,6829
0.172,435
-0.0784,7686
-0.265,10277
-0.11,9094
-0.0829,5896
0.00842,4810
0.0726,2814
0.126,1995
0.0143,4529
-0.132,6786
0.417,23
-0.0459,7367
0.092,2241
-0.174,9769
0.214,1126
0.0802,2442
0.0512,3566
0.143,1450
-0.0315,7577
0.159,1153
-0.2,10137
-0.0604,6118
0.122,943
0.0317,3312
0.0865,1815
-0.0289,6025
-0.337,8290
0.113,1204
0.363,380
0.0429,3278
0.0751,2113
0.153,1249
-0.186,9196
-0.158,9392
-0.13,8220
0.0318,4585
-0.101,8439
-0.0802,6420
0.0105,4815
0.0569,3967
-0.59,10201
-0.127,9448
-0.0858,7043
0.271,98
-0.133,8577
0.148,1368
0.203,990
-0.141,9049
-0.11,9836
-0.0387,6455
-0.014,5458
0.0858,2596
0.0995,2354
0.0584,1972
0.0738,2101
0.0533,3424
0.12,3052
-0.217,9570
0.0903,1770
-0.108,8339
-0.0994,8207
0.261,404
-0.543,10425
0.239,1429
0.265,378
0.0121,4621
-0.545,8477
0.367,2404
0.154,1756
0.167,3250
0.115,976
-0.0708,6448
0.126,2835
0.168,1081
0.134,539
0.326,141
-0.0437,6316
-0.218,7666
0.074,2525
-0.0142,5347
-0.0718,7698
-0.127,9814
-0.0463,6993
0.537,345
-0.196,8679
-0.12,9803
-0.0789,7695
-0.146,9294
-0.103,8127
-0.177,7496
0.193,1405
-0.0168,5431
-0.206,9898
0.124,2015
-0.116,8927
0.0402,3834
-0.184,9128
-0.099,6853
0.0357,3982
0.124,1799
1.31,1212
-0.127,8711
-0.288,9905
0.0172,4382
-0.093,8898
-0.154,9620
0.014,4340
0.178,1585
0.107,2269
-0.183,9151
-0.0934,6743
0.409,212
0.0847,1674
0.0177,4435
-0.225,8023
0.106,2099
0.0437,3279
-0.00558,5486
0.114,1658
0.0511,3974
0.0734,3952
-0.0337,4989
-0.021,5496
-0.0341,7151
-0.129,8762
0.255,2815
-0.243,10086
0.114,1484
0.007,4708
0.0497,3943
0.126,1401
0.242,2240
-1.08,10463
-0.0439,6482
-0.0283,6446
-0.194,9876
0.0253,4342
-0.244,9711
0.0876,3610
-0.0394,7488
0.275,640
0.302,215
-0.0333,6235
0.0125,4745
-0.0527,6724
-0.0234,6221
0.0844,1928
-0.00275,5086
-0.0132,5568
-0.165,8578
-0.246,9069
0.063,3393
-0.24,10275
-0.113,8100
-0.15,9615
0.105,2973
-0.191,9298
0.00937,4741
-0.151,9555
-0.298,9979
0.165,1005
0.157,1420
-0.181,9524
0.0256,4238
-0.0251,6294
0.163,2427
0.288,2804
0.000298,4814
0.343,1619
-0.104,9192
-0.203,10278
-0.162,9180
-0.00642,5194
-0.132,8832
0.148,2499
0.00968,4769
-0.103,8043
0.0368,4107
0.0851,2252
-0.0305,5781
0.0688,2934
-0.0986,8440
-0.127,8528
-0.0958,7623
-0.325,9822
0.265,634
0.0556,3581
-0.0819,8485
0.05,2063
-0.175,8119
-0.137,9022
0.161,1554
0.166,2369
0.0317,4001
0.118,2972
-0.00514,5118
0.0123,4543
0.387,447
-0.00384,5424
0.0971,601
-0.168,6802
0.159,771
0.388,595
-0.0126,5447
0.138,359
0.0865,1356
-0.163,9598
-0.257,10252
-0.0134,5548
-0.182,7245
-0.216,10382
0.117,1118
-0.0723,8030
0.0996,3055
0.454,1359
-0.204,8365
0.208,1721
-0.0202,5757
0.0836,3226
0.0798,1970
-0.0442,5709
-0.0721,6670
0.112,1893
-0.061,8377
-0.288,10366
-0.00469,5302
-0.0123,5327
-0.00057,5077
0.0961,1365
0.107,1411
0.19,2347
-0.165,9191
0.0727,3635
0.0983,3386
0.224,750
-0.0633,6802
0.936,452
-0.248,8284
0.417,2541
0.383,1586
-0.288,9943
-0.0364,6262
0.223,428
-0.128,8838
-0.269,8978
-0.22,7480
-0.00733,5397
0.601,465
0.316,1008
-0.346,10131
0.12,2337
-0.248,8905
0.00104,5117
0.123,1311
0.179,1020
2.91,275
-0.0849,7333
-0.0167,5481
-0.227,9726
0.0793,3150
-0.0474,5828
0.00156,4984
0.591,801
0.108,3184
0.0418,3542
0.201,99
-0.186,9613
0.219,749
0.0544,4135
-0.109,8329
0.102,1699
0.312,208
0.217,555
0.293,820
0.145,1488
0.0645,2954
0.0567,2717
-0.00986,5418
-0.294,10361
0.0233,4450
0.132,320
0.00893,4729
0.0351,3173
0.184,712
-0.182,8993
-0.183,9665
0.158,1621
0.187,1182
-0.0612,8744
-0.0969,8941
0.157,724
-0.0349,6350
-0.154,6447
0.107,2989
-0.00546,5406
-0.00242,5223
-0.128,8842
0.233,1522
0.0267,3957
-0.433,10088
0.187,33
0.0491,2023
0.149,2706
-0.0409,5784
-0.0839,7038
0.153,1879
-0.202,9518
-0.0515,7489
-0.195,9939
0.157,1472
-0.103,6845
-0.00183,5198
-0.0479,8011
-0.26,9464
0.0921,3571
0.12,1917
-0.017,5252
0.227,3048
-0.0776,7936
0.0803,2217
0.0147,4841
1.03,21
-0.0184,5308
-0.0253,5783
0.00261,5103
-0.144,8874
-0.0535,6712
-0.0725,5457
-0.0669,7139
-0.176,9390
-0.3,10475
0.592,267
0.212,1363
0.0359,3721
-0.109,8068
-0.0159,6405
-0.00952,5484
0.2,1224
0.0217,4471
0.0819,3287
0.102,3024
0.0944,1109
0.222,1073
-0.319,8978
-0.109,5475
-0.254,9688
0.137,3459
0.0197,4600
-0.0357,6099
0.0902,1988
0.0297,4187
0.0716,2256
-0.0731,7896
0.191,435
-0.0239,6100
-0.057,6271
-0.145,9192
0.0222,4148
0.115,2049
0.0323,4310
0.0298,4401
0.266,395
-0.111,10169
0.0167,4275
-0.0602,7499
0.281,383
0.125,1985
0.0401,3738
0.211,357
0.206,1018
-0.0764,7441
-0.206,8664
0.13,1979
-0.0239,5325
-0.212,10307
0.123,1725
-0.108,8065
0.00865,4870
-0.154,8168
0.0511,2785
0.114,2153
-0.0388,5819
0.0235,4196
-0.0292,5669
0.336,562
0.0155,4766
-0.149,8676
0.155,117
-0.275,9744
0.0725,1873
0.324,211
0.272,1221
0.0359,3584
-0.0273,6523
0.0873,2719
0.0112,4643
-0.00786,4755
-0.256,8174
0.0798,2415
0.0881,1944
0.0565,1897
-0.0428,6037
0.157,2417
0.0691,3469
-0.107,8201
-0.126,9595
0.0293,3976
0.356,0
-0.0423,6352
-0.014,5766
0.181,789
0.0943,2068
-0.0173,5720
-0.0755,7618
0.0652,3129
-0.196,10255
0.0652,1641
0.0505,3297
0.255,428
0.255,638
-0.37,10446
-0.162,9869
0.0482,4096
-0.228,10357
-0.239,10255
-0.00782,5589
0.0172,4379
0.0441,3941
0.0445,4057
-0.0349,6382
0.0365,3657
0.0516,3998
-0.277,9336
-0.0197,6594
-0.0718,6875
0.0396,4175
0.0621,3012
-0.0228,5417
-0.031,6370
-0.346,9214
0.42,1524
-0.123,7862
0.166,2266
-0.251,9433
-0.182,9703
-0.00798,5382
-0.0339,6921
0.0405,3911
0.0868,2825
-0.0536,6294
0.27,582
0.219,965
-0.158,9448
-0.0689,7502
0.103,2034
-0.0347,6232
0.161,1067
-0.0491,7024
0.0457,3153
0.312,1337
-0.281,9767
-0.262,10322
0.125,2350
0.0603,1896
-0.167,9350
-0.249,10272
-0.0197,5749
0.0726,2790
0.011,4777
0.0921,3154
-0.0116,5544
-0.0692,8320
-0.0808,7374
0.331,202
-0.0787,7356
0.477,71
0.0252,4498
-0.401,10377
-0.0378,6289
0.155,2417
-0.254,7314
0.167,421
0.0788,1154
-0.159,9299
-0.118,8478
0.12,1335
0.13,3360
0.00942,4659
-0.0594,7651
-0.255,9985
-0.322,10119
-0.153,7176
0.0515,3646
-0.0134,5528
-0.116,8728
0.233,743
0.155,1549
-0.229,10304
0.643,621
-0.24,9934
-0.0326,6101
0.136,2171
-0.0984,6930
-0.338,10390
0.0822,3797
-0.0313,6972
0.038,3656
-0.202,10136
-0.155,9433
-0.0435,6315
0.11,3304
-0.292,10434
-0.0416,5829
-0.994,10468
-0.005,5357
-0.117,8514
0.0906,1792
-0.075,8514
0.0413,3114
0.0168,4472
-0.211,10330
0.327,241
0.0213,4371
0.13,576
0.0526,2099
0.00271,4800
0.102,2344
0.347,295
-0.083,7149
-0.242,9994
-0.0977,9070
0.0996,2386
-0.215,8690
0.226,679
0.0157,4408
0.00241,5057
0.18,797
-0.085,6853
-0.15,9174
0.115,2951
0.157,1795
-0.0776,9873
0.111,1601
-0.00213,4895
0.163,1710
-0.71,10449
-0.0355,5835
-0.087,8287
-0.00472,5472
0.0842,2146
0.00231,4917
0.102,3692
-0.327,10320
0.0372,3265
-0.0432,7495
-0.193,7429
0.0556,3053
0.00866,4688
-0.311,9848
0.186,510
0.0889,2004
-0.342,10303
-0.201,8472
-0.0455,6376
0.302,927
0.118,1466
-0.0355,6493
0.251,243
-0.125,8201
-0.0668,7826
0.962,202
0.0143,4569
0.0417,1732
-0.181,8565
0.0227,4396
-0.322,8252
-0.0376,6392
0.0878,1433
0.111,1552
-0.394,10161
-0.283,9548
0.208,1951
0.49,683
-0.0104,5463
0.116,2650
-0.0111,5467
0.066,2732
-0.108,8758
-0.247,9340
0.141,339
0.0115,4839
-0.0872,7277
-0.0105,5686
0.297,2689
0.114,3308
-0.153,9278
0.211,532
0.0109,4740
0.181,2374
0.122,2070
-0.265,8696
0.0048,4990
-0.0932,8074
0.34,210
-0.0205,4654
0.392,188
-0.117,6539
-0.0321,7199
0.106,2304
-0.0216,5940
0.085,2834
0.00758,4911
0.609,102
-0.106,8883
-0.128,7457
0.213,942
0.163,1673
-0.00398,5374
0.217,1524
-0.0431,7643
-0.0607,6541
-0.129,9108
0.23,718
0.445,689
-0.281,10081
0.165,318
0.184,391
0.0266,4355
0.0788,2413
-0.0634,5927
0.0217,4432
0.126,929
0.105,2336
-0.155,8546
-0.0402,6082
-0.0101,5631
0.108,3104
-0.124,9672
0.0437,2498
0.07,2304
-0.0387,6972
0.0827,2562
0.187,957
0.0361,4316
-0.0837,8795
0.0823,2258
-0.1,6965
-0.0628,6558
-0.113,6402
-0.723,10381
0.0731,1128
0.052,2335
-0.202,9065
0.141,790
0.287,614
0.07,3250
-0.0498,7266
-0.119,10361
0.644,1546
0.706,1792
-0.523,7211
0.398,578
-0.516,10143
-0.0369,7302
-0.263,10108
0.147,2085
-0.107,8718
0.00249,4919
0.0541,2751
0.13,1420
-0.122,7707
0.231,1159
-0.159,9364
0.266,323
-0.207,10388
0.172,792
0.238,1185
0.392,443
-0.243,9359
0.136,1409
-0.152,6976
0.12,2797
0.0115,4611
0.0322,4324
-0.164,6664
0.036,4093
0.192,360
-0.208,10280
1.08,952
-0.237,7362
-0.228,7371
-0.14,7790
0.022,3996
0.12,2051
-0.0252,3962
-0.398,9250
0.212,3469
0.0129,3106
0.0531,3435
-1.48,10308
-0.0863,5970
-0.693,10087
0.174,932
0.842,1722
-0.0835,7448
-0.0612,7369
-0.256,10126
0.0461,3772
-0.237,10392
0.0182,4521
0.14,2322
-0.0294,5719
0.0139,4294
0.252,2643
0.0143,4611
0.00237,4910
0.0473,2817
0.377,567
-0.063,8079
-0.0376,6228
0.185,1588
-0.166,8395
-0.112,9558
-0.0402,6506
0.0503,3263
0.15,1252
0.0551,2115
0.0523,2841
-0.0246,5158
-0.164,7871
-0.172,6785
0.176,1001
-0.113,7369
-0.108,10089
-0.0547,4890
-0.444,9335
-0.0586,5974
-0.278,10124
-0.0359,6294
-0.162,9215
0.00534,4812
-0.00478,5225
-0.00941,5151
-0.0944,8051
0.0257,3722
0.0336,3927
-0.024,5510
0.242,880
-0.158,8979
-0.246,9107
-0.087,9347
-0.114,10048
-0.217,7571
0.179,3202
-0.588,9140
0.00829,4786
-0.233,8843
0.174,1235
-0.117,7817
0.306,310
0.069,2626
-0.00367,5291
-0.236,10430
0.146,2819
0.0493,3373
1.46,527
0.0854,3083
0.029,3696
0.171,767
-0.164,8702
0.0158,4356
0.203,1938
-0.0309,5023
0.0937,1271
-0.012,5374
-0.0293,6101
0.0372,4080
-0.0367,6120
-0.0918,8202
0.0306,3467
0.0646,2728
-0.247,8557
0.378,434
-0.262,9930
0.207,2213
0.0868,1631
0.408,217
0.000492,4862
0.103,1914
0.00904,4974
-0.0688,8096
0.292,1009
-0.136,8209
-0.162,8462
-0.187,10111
0.0334,4193
-0.178,10289
0.051,3538
0.0202,3851
-0.0965,7631
0.141,1656
-0.0619,6632
-0.299,8329
0.11,1662
0.0821,2015
-0.0257,5832
-0.0836,8679
0.361,1874
0.0367,4235
0.092,2441
-0.00556,5656
0.0371,4054
0.0347,4369
-0.672,10352
-0.161,6641
-0.211,8292
-0.55,9983
0.112,2475
0.0693,3366
-0.109,8760
0.339,120
0.0357,2776
0.00589,4892
0.166,999
0.167,1220
-0.153,7827
0.0149,4693
0.34,1121
0.0371,3827
-0.287,10334
-0.0755,6652
-0.115,8597
-0.022,5662
-0.0122,5983
0.0351,4253
0.00155,5054
-0.14,7865
0.011,4832
0.242,1240
0.124,1194
0.194,1204
-0.0928,6788
0.0141,4808
0.309,1308
0.135,1301
0.235,1311
-0.0711,8290
0.0984,1681
0.0932,2661
0.215,1375
-0.619,10238
0.143,1303
0.129,1972
-0.0326,6587
0.185,1002
0.147,2095
0.117,1353
-0.0117,5662
0.0845,1641
0.0384,4263
0.173,1618
0.0462,4146
-0.222,9429
0.208,317
0.00631,4880
0.0412,4172
-0.0422,6468
0.244,1164
-0.348,10430
0.133,1773
-0.103,8989
-0.111,6711
0.209,1063
-0.212,9225
0.151,1642
0.0669,3155
0.0242,4015
-0.0544,6732
-0.192,8034
-0.00802,4640
0.0911,2515
-0.277,9827
0.00171,4957
-0.0247,6526
0.184,2023
0.0702,2041
-0.0169,5847
-0.0674,7134
-0.0268,5793
-0.206,9046
-0.482,10088
0.137,2474
0.0837,1571
0.0832,2261
-0.241,6069
0.00475,4740
-0.289,9243
0.0919,1668
0.046,3577
0.0118,4214
-0.187,10429
-0.301,10359
-0.269,9558
-0.374,10447
-0.337,10416
-0.347,10431
0.0117,4610
-0.0981,8620
0.223,1292
0.0339,3655
-0.228,10286
-0.0759,8410
-0.321,10104
-0.032,6645
-0.0515,5954
0.111,2960
-0.238,8608
-0.105,8168
-0.0322,6324
0.152,1405
0.0419,3503
0.322,1028
0.0351,3791
0.0265,3428
0.245,441
-0.101,7425
-0.0119,5667
0.00658,4745
-0.0304,6592
-0.0507,8173
-0.0733,7861
0.2,1012
0.306,1294
-0.0398,5398
-0.065,7485
-0.0652,8365
-0.0523,6199
0.103,2299
-0.0352,5800
-0.181,6466
-0.0805,7275
0.102,2213
-0.398,10302
0.0802,2816
0.244,1541
-0.201,10175
0.328,121
0.196,793
0.0741,3259
-0.0489,6501
0.184,2153
-0.41,9544
-0.0204,5927
-0.033,7451
-0.168,9942
0.743,52
0.0815,2308
0.136,2126
0.0648,2343
0.0256,3891
0.447,975
-0.244,10385
0.118,3477
-0.21,9401
-0.0146,5836
0.133,191
-0.117,8928
-0.0405,6618
-0.0285,5777
-0.0222,6200
-0.186,10365
-0.172,10341
0.364,395
-0.0638,6975
0.0701,3028
-0.208,9945
0.109,3492
-0.058,7987
0.13,1939
0.216,461
-0.094,7204
0.123,1313
-0.0417,6905
0.185,1720
-0.399,10005
-0.00334,4992
0.101,1790
0.018,4504
-0.171,10058
-0.106,8211
0.0274,3863
-0.0598,7177
0.00742,4649
-0.674,8705
0.0515,1114
0.0666,2095
0.233,154
-0.157,9502
-0.0814,6731
-0.0735,7375
0.0606,3258
0.0921,1482
-0.113,8941
0.166,1523
0.117,1919
0.0277,4327
0.262,627
0.135,1355
-0.105,5521
0.151,1401
-0.156,7866
0.138,1826
-0.00573,5395
-0.108,8648
-0.0608,7311
-0.0999,7712
0.109,2926
0.0132,4376
-0.126,7421
0.181,1403
-0.0314,6249
-0.0977,7463
-0.0178,5865
-0.0527,7979
0.0436,3144
-0.0805,7114
-0.00946,5287
0.041,4218
0.529,162
0.464,381
-0.0105,5647
-0.0401,6906
0.016,4434
-0.0817,7530
0.675,638
0.0263,4360
0.0694,1864
-0.0275,5895
-0.0538,6147
0.321,442
0.133,3433
-0.143,8755
0.0395,3557
-0.031,6859
-0.487,10274
0.0749,3076
-0.0236,4896
-0.0777,6482
0.1,2457
0.433,539
-0.102,8267
-0.261,9766
0.016,4487
0.432,626
0.0378,2844
-0.0583,7820
-0.226,9986
0.0119,4625
-0.455,10433
0.199,2169
-0.00331,5017
0.0298,3904
0.208,142
0.147,434
0.0263,4608
-0.202,9906
0.0667,870
-0.0574,6445
-0.849,10475
-0.822,10474
0.237,509
-0.029,5769
-0.0093,5416
0.0488,741
-0.463,10416
0.125,2375
-0.233,8837
-0.341,10452
0.0197,3971
-0.363,10298
-0.0197,4978
0.389,65
-0.0148,5543
0.171,716
0.377,18
0.369,142
-0.0148,5373
0.111,2371
-0.0858,7503
0.0471,3078
-0.16,10373
0.0244,3387
-0.116,7030
-0.00407,5305
-0.186,7220
-0.0117,5744
-0.137,9520
-0.0973,8669
0.164,681
-0.0953,7045
0.0129,4651
0.114,2840
-0.0241,7122
-0.0547,7055
0.0916,2887
-0.0798,7172
-0.166,8989
0.164,1210
-0.0151,5795
-0.0861,8765
0.289,499
-0.281,10024
0.082,1511
0.0519,3186
-0.0476,7743
-0.00354,5254
-0.0605,6037
-0.0552,7355
-0.602,10311
0.00616,4943
-0.0166,5543
-0.0454,8226
0.128,2407
-0.191,9383
-0.00523,5207
0.0638,3339
-0.0519,6398
-0.107,8444
0.284,818
0.217,2403
0.232,1020
-0.0728,6675
0.0978,1618
0.172,935
-0.389,6460
0.297,321
0.212,721
0.101,2939
0.0488,1571
0.0362,3575
-0.0175,5421
0.00683,5093
-0.00895,5380
0.0292,4100
-0.0741,8943
-0.00696,5375
-0.125,7861
-0.212,8842
0.0481,3960
0.0351,4063
0.0315,3318
0.0428,3380
0.0505,3596
-0.0948,6884
-0.0303,6262
0.14,2310
-0.0643,7642
-0.0161,5814
0.454,408
0.211,2169
0.376,2272
0.401,479
0.47,37
0.465,22
-0.219,9089
-0.131,7769
0.141,922
0.14,2541
-0.0463,6934
-0.0282,6331
0.000897,4804
-0.116,7189
0.103,1124
-0.308,9451
-0.0828,6976
-0.174,9895
-0.214,7232
-0.112,8611
0.0828,3245
0.183,2778
0.0551,2740
2.62,424
-0.136,8182
-0.0998,5955
-0.0121,5575
-0.168,9823
0.0209,4370
-0.434,9396
-0.161,8171
-0.448,8189
0.00507,4991
0.0764,3562
0.31,511
0.0886,2995
0.258,1071
-0.0645,5546
-0.07,6945
0.0954,1072
0.173,1754
0.0817,3702
0.556,1411
-0.511,10246
-0.0418,6632
-0.000512,5160
0.0609,2742
0.329,851
0.243,557
0.251,2500
0.534,632
0.0164,4326
0.0929,2216
0.0103,4724
-0.0343,6807
-0.512,9424
-0.141,9052
-0.00105,4964
-0.331,10462
-0.227,5923
0.114,2545
0.0413,4213
0.209,1537
0.00412,4836
0.054,2328
0.12,1932
-0.032,6347
0.15,3268
-0.0708,7632
-0.257,10241
0.251,11
-0.205,8540
-0.0596,6734
-0.029,6082
-0.0381,6360
0.103,2114
0.132,866
0.139,1623
-0.299,10064
-0.262,8858
-0.266,9670
0.236,16
0.237,39
-0.028,5904
-0.757,10247
-0.0836,6691
-0.0173,5717
0.0618,2727
0.0966,699
0.0847,3332
-0.474,10461
0.00151,5107
-0.0181,5287
0.111,2943
0.00613,4885
0.474,204
-0.479,10474
-0.0978,7294
0.0599,3613
0.0141,4866
-0.00488,5217
-0.342,10454
-0.0159,6165
-0.18,8653
0.0261,4409
0.0671,2134
-0.382,10242
-0.435,10208
-0.502,10332
-0.227,7867
-0.32,9953
-0.197,10173
-0.349,10135
0.0447,3845
-0.229,9201
0.00305,4954
-1.17,10454
0.00755,4749
0.0357,4013
0.347,345
-0.2,8079
-0.0451,6207
0.128,1338
-0.0182,5721
-0.188,10282
-0.0891,8844
0.123,1751
-0.21,9129
0.29,435
-0.115,9518
0.085,2068
-0.146,8771
0.0393,3245
-0.431,10131
-0.0133,5433
-0.00349,5384
-0.0421,6708
0.17,996
-0.17,9077
0.257,1403
0.0517,3571
-0.116,9267
-0.0774,7562
0.13,1059
-0.101,8004
-0.133,7828
-0.48,10270
-0.132,9328
0.18,165
-0.264,7839
-0.0585,5740
0.201,331
-0.248,10295
-0.104,8360
-0.285,9758
-0.239,9930
0.181,99
-0.0622,6647
-0.122,9793
0.172,298
0.0675,1341
-0.0279,7100
-0.00501,5413
0.0424,2957
0.0456,3222
0.000707,4941
0.293,270
-0.0278,6196
-0.139,9140
0.0133,4628
-0.265,10190
0.0456,3602
-0.019,6304
-0.0531,5335
0.0799,2968
-0.128,9702
0.041,3890
0.14,3158
0.199,1412
0.06,3224
0.238,342
-0.0115,5405
-0.626,8954
0.284,63
-0.121,7404
0.0206,4539
-0.0338,6618
-0.0784,5828
0.0787,2736
-0.0891,7589
0.179,1448
-0.0293,5669
0.254,304
0.28,499
0.159,1460
-0.035,6052
0.00821,4520
0.136,2577
0.163,2857
-0.0407,5167
0.264,2406
-0.0536,6937
0.164,855
-0.0954,7721
0.156,867
-0.162,7364
0.498,838
-0.126,9148
-0.109,8477
-0.0176,6330
-0.248,8722
-0.13,9215
0.141,2240
0.0414,3013
0.0655,1821
0.0668,3854
-0.0031,5253
-0.228,9931
0.11,1975
-0.00755,5439
0.0559,3689
-0.151,7231
-0.1,8730
-0.246,9484
0.369,16
-0.139,10003
0.142,2106
-0.214,9427
-0.195,9037
0.0739,3802
0.794,380
0.0534,2648
-0.0702,8384
0.132,1481
0.0222,4268
0.376,532
0.257,1806
-0.0134,5597
0.11,2427
-0.233,10211
-0.0629,6329
0.0416,3586
-0.121,8839
-0.193,10042
-0.00395,5149
-0.081,7369
-0.0572,6939
0.176,2475
-0.403,10085
-0.16,9899
-0.0624,8808
-0.0753,7712
-0.286,9575
0.0134,4813
-0.32,6816
-0.307,10466
-0.19,9946
0.443,36
0.569,251
0.00805,4620
-0.251,8936
0.096,242
0.044,3840
-0.129,8908
0.311,322
-0.145,9721
0.0805,1402
0.0325,3840
0.0366,3577
0.492,296
0.0471,3976
0.425,613
-0.254,8407
-0.0955,8694
-0.0415,6854
0.145,2434
-0.0645,7053
0.105,3070
0.0808,3356
-0.173,9865
-0.0428,6971
-0.0801,7035
-0.123,7757
-0.0458,6307
-0.112,9107
0.201,1059
0.203,846
0.358,696
0.566,1086
-0.0694,6199
-0.0563,8280
0.0706,2330
0.0377,4018
-0.311,10168
0.426,460
0.127,1721
-0.0442,6831
0.358,131
-0.179,7855
0.289,660
0.00292,4807
0.017,4418
-0.127,9966
0.156,755
0.259,1029
0.0581,3077
0.103,1852
0.424,1698
-0.145,10122
-0.181,9865
-0.195,9843
0.0775,2623
-0.259,10239
0.381,1248
0.287,1416
0.0543,3172
0.195,2562
-0.0543,6993
0.25,2088
0.264,832
0.0408,3420
-0.0798,6663
-0.0436,6709
0.0334,4249
-0.175,7762
-0.262,6294
-0.077,7929
0.0673,2292
0.184,1414
-0.225,8527
-0.107,5825
0.211,527
0.0721,1771
0.143,563
0.173,818
0.177,1659
-0.239,4213
-0.0413,6619
0.109,2273
-0.0255,5898
0.0571,3106
-0.129,7853
-0.0259,5791
0.0294,4204
0.00883,5031
-0.116,8099
0.341,636
-0.108,9501
-0.0822,8255
0.0547,3428
-0.146,8877
0.179,1271
0.129,2146
0.124,2119
0.0415,4411
-0.145,7721
0.238,209
-0.11,5977
-0.222,9832
-0.0864,8635
0.0584,3742
0.0115,4686
-0.0281,7100
0.112,736
0.316,1251
0.397,232
0.327,513
0.00214,4805
0.0931,2845
0.274,650
0.00605,4722
0.638,991
0.0477,3880
0.0509,3920
0.287,400
-0.12,7360
-0.223,7385
-0.123,8194
0.21,1258
-0.0354,6610
0.0102,4395
0.396,359
0.0349,4146
0.147,3499
0.064,2756
0.0278,4106
0.0518,2946
-0.244,9866
0.102,2939
0.0805,3261
-0.0974,7826
0.0284,3638
0.0527,3082
-0.22,8623
0.0472,3928
0.0198,4371
-0.175,6727
0.0804,3393
-0.139,9921
0.0786,3207
-0.101,7662
0.11,3662
0.0692,3340
-0.0354,6588
-0.138,10014
-0.147,10105
-0.0613,7350
0.0577,3046
0.135,1722
0.0122,4625
-0.11,8265
0.157,1550
0.0676,3811
0.33,1719
0.234,407
-0.0612,6966
-0.0632,7006
0.0539,3944
0.171,2063
0.048,3023
-0.33,9793
0.134,1110
-0.0219,6049
-0.0274,5521
0.213,67
0.263,1361
-0.293,9108
-0.0894,9248
0.0259,3632
-0.224,10148
-0.0942,7357
0.132,2392
-0.0365,5821
-0.127,10305
0.0236,4351
0.254,643
0.281,727
-0.141,5987
0.134,2287
0.00364,4865
-0.0373,7034
2.73,178
0.412,1395
-0.204,9618
0.0543,3997
-0.206,9816
0.0302,3711
-0.784,9983
-0.11,8718
-0.267,9075
-0.11,8076
0.0401,3260
0.0151,4561
-0.082,7064
0.0587,1900
0.355,1293
-0.311,10315
-0.213,9346
-0.0582,8086
0.191,1356
0.254,848
0.0712,2938
0.307,1614
-0.105,8274
-0.0537,7175
-0.128,8341
-0.0504,6409
-0.0308,5777
0.0965,3659
0.0368,3663
0.0572,3034
-0.198,5819
0.788,1757
-0.153,9519
-0.343,10186
0.0491,4082
-0.111,6923
-0.549,10380
-0.0425,6598
-0.0377,6317
0.134,2858
-0.102,7106
0.519,1120
0.339,1592
-0.0353,7158
0.0528,2768
-0.126,7805
0.0622,3147
0.00288,4770
-0.0595,6927
0.0238,3811
0.0715,2635
0.0259,4458
-0.156,6586
-0.321,9699
0.232,455
-0.113,8796
0.21,167
-0.466,10409
-0.0833,7223
0.114,2467
0.157,1628
-0.249,10060
-0.575,10457
0.0799,3591
0.626,75
-0.263,10294
0.184,1619
-0.118,9441
0.0335,3479
-0.521,7040
-0.505,10389
-0.222,8668
-0.0753,9332
-0.132,10252
-0.0962,9605
-0.268,4742
-1.12,10472
-0.0374,5441
-0.319,10144
-0.0256,5397
0.459,2232
-0.367,8648
-0.235,4480
-0.533,9922
0.193,2755
0.0522,3558
0.224,2035
-0.0364,6748
0.132,332
0.429,2318
-0.134,6022
-0.484,8624
-0.126,5128
-0.142,7441
0.0625,3017
-0.0803,6694
0.00903,4763
0.259,807
0.0111,4492
0.167,1222
-0.328,9970
-0.0971,7972
0.0267,4430
-0.0453,7769
-0.0442,7611
-0.252,10283
-0.127,8459
-0.317,10467
0.0822,2317
-0.0069,5144
-0.162,10124
-0.108,9752
-0.423,6129
-0.0196,5051
-0.146,6971
0.304,1092
-0.265,10157
-0.0574,6542
-1.26,9683
0.317,734
0.117,2341
-0.114,7162
0.041,2850
-0.313,9540
-0.0793,4277
-0.107,6540
-0.00595,5662
-0.0335,8964
-0.406,10433
-0.298,10271
0.0786,3317
-0.0756,7567
-0.0651,7327
0.0239,4508
-0.122,8113
-0.268,9304
0.0537,3406
0.0951,3006
-0.155,8780
0.0219,3677
0.477,436
-0.494,10472
0.438,846
-0.0791,8530
0.00211,4931
0.108,2435
0.353,73
0.021,4435
-0.143,7397
0.303,701
0.251,1629
-0.0683,8287
0.0154,4593
-0.137,7352
0.072,3295
0.0135,4623
0.0985,1046
-0.019,5789
-0.271,6902
0.161,2740
0.084,2101
-0.312,9535
0.0509,2612
0.13,2772
-0.0466,5675
-0.142,8081
0.174,1756
0.0848,3036
0.0544,3230
0.037,4278
-0.424,10294
0.115,2972
-0.119,8147
0.0833,846
-0.0343,7028
0.00248,4953
-0.489,9265
-0.146,8512
-0.207,8569
-0.0176,6279
-0.039,6349
-0.117,9381
0.00994,4704
0.276,2060
0.21,938
-0.115,8564
0.145,2130
-0.0607,8596
0.0457,3268
-0.0296,6294
0.273,988
-0.0343,5837
0.0565,2997
-0.0644,7756
-0.141,9229
0.0387,3953
-0.0475,6445
0.0116,4548
0.098,1291
0.103,1936
0.441,101
0.266,723
0.0276,4193
0.123,1308
0.0544,3403
0.0675,1501
-0.0739,7623
0.104,2406
-0.0752,8530
-0.133,8644
-0.187,10340
-0.308,9868
-0.258,10155
0.104,1077
0.36,1651
0.0226,4123
0.00406,4924
0.0344,3968
-0.332,9174
0.414,360
0.0311,4324
-0.0858,8088
-0.0732,8354
-0.00819,5230
0.0156,4540
0.186,1041
-0.0132,5198
0.0437,3314
0.122,1505
0.484,573
-0.188,10111
-0.0223,5579
-0.135,9276
-0.108,7625
-0.0179,6192
-0.0502,6971
0.118,1781
-0.0477,7173
-0.311,9592
0.102,1875
0.0938,1885
0.218,1753
-0.337,9714
0.82,286
-0.021,5983
0.0823,3368
-0.0264,5852
0.0616,3413
-0.00214,4865
-0.525,10380
-0.0462,6351
0.16,526
0.258,162
0.0222,4320
0.0309,3930
-0.184,10219
-0.196,10188
-0.255,10305
-0.0866,7378
0.177,2749
-0.0133,5764
0.126,1974
-0.17,10003
-0.108,7864
-0.0601,6524
0.152,1374
0.249,75
0.03,4223
0.191,1123
-0.157,10426
0.00609,4573
-0.0438,6140
0.0878,2805
-0.0973,7868
-0.43,10214
-0.037,6658
0.000859,4853
0.149,2160
0.0374,4432
-0.00458,5138
-0.0464,6281
-0.00471,5075
-0.216,9990
0.261,916
-0.0826,6824
-0.493,8916
-0.106,7070
-0.0419,5587
-0.0497,7625
0.359,731
-1.07,10335
0.0909,2523
-0.0727,7365
-0.0373,7518
-0.0954,9948
0.131,2988
0.0159,4570
-0.0252,6081
-0.226,10388
0.125,1028
-0.00832,5497
-0.282,10290
-0.037,5495
-0.0038,5363
-0.0041,5309
0.0497,3161
0.0792,1366
0.0646,3440
-0.168,9088
-0.139,7750
0.202,168
-0.0715,6184
0.0244,4309
0.0155,4637
0.142,1366
-0.171,6718
0.282,1054
0.044,3465
0.0881,2448
0.181,1145
-0.241,9858
0.0646,3722
0.145,2127
0.0214,4157
-0.00711,5498
-0.365,10114
-0.208,9533
-0.0496,6672
-0.0939,8330
0.0214,3545
0.166,1018
0.0883,1967
-0.075,7065
0.158,1615
0.0758,3223
0.146,848
-0.0452,6595
-0.11,8247
0.109,1859
0.304,1611
-0.174,6632
0.00951,4514
-0.0801,8546
-0.0759,7462
-0.0146,5503
-0.147,7967
-0.109,8341
0.166,888
0.0118,4295
-0.265,9481
-0.154,8700
0.16,2518
-0.0433,6577
-0.000129,5018
-0.2,10083
-0.252,9978
-0.188,9853
-0.0721,6356
-0.447,9736
-0.166,9499
-0.151,9510
0.278,1053
-0.117,9208
-0.208,9721
-0.278,10329
-0.0559,8076
0.154,431
0.0983,2642
0.216,188
0.206,744
0.0963,2622
0.186,319
0.225,412
-0.0329,6576
0.0242,4184
-0.058,6040
0.0808,2040
0.00144,4797
0.258,792
-0.0956,8455
0.168,2970
0.304,789
0.13,165
-0.0752,7926
0.0664,2527
0.0925,2684
-0.7,10277
0.131,1998
0.0139,4325
0.201,192
-0.0849,7163
-0.0218,6292
-0.172,10146
-0.312,9522
0.0635,2576
0.655,7
0.214,615
0.237,1301
0.546,150
-0.294,7975
-0.0112,5993
-0.085,8497
-0.0619,6616
-0.334,10417
0.247,1347
0.2,196
-0.0919,8881
-0.0226,5881
-0.0714,6552
0.0686,3269
0.0775,3385
-0.143,6255
0.297,503
0.0378,4059
0.382,1117
-0.0451,6417
0.0582,3637
0.492,908
0.468,258
-0.253,9769
1.05,109
-0.0124,5491
-0.262,9772
-0.255,9328
0.00339,4694
-0.102,7110
-0.0352,6118
-0.0198,5372
-0.0764,6890
-0.143,7899
0.0825,3074
0.0714,3162
0.556,235
0.0192,4546
-0.0896,6780
0.0573,3888
0.0401,3473
-0.27,10472
0.214,176
0.248,848
0.0341,3559
-0.228,9654
0.0454,4024
0.0185,4340
-0.447,9900
-0.33,10196
0.173,1414
0.0146,4859
0.0115,4461
-0.101,9349
0.00937,4748
-0.0324,6156
-0.469,10070
0.272,1320
0.181,1515
-0.000724,5312
0.0255,4231
-0.216,8884
0.156,2485
0.0665,3590
0.0672,2591
0.0494,2318
0.0342,3970
0.12,1558
0.0698,3406
0.134,1228
-0.0288,5926
-0.0146,5677
-0.236,8214
-0.394,8961
0.0931,3906
-0.0552,7188
-0.0744,8942
0.288,967
-0.056,6128
0.0302,4412
-0.381,7898
0.0437,2330
-0.178,10048
-0.372,9592
-0.0493,6748
0.213,2175
-0.095,7320
-0.014,5768
-0.115,9500
0.00425,4841
0.00342,4846
-0.104,7136
-0.034,5432
0.0583,3249
0.0562,3710
1.78,560
-0.0331,6562
0.0999,1738
-0.0935,7361
0.0255,3747
0.0252,3571
0.0518,3459
-0.0974,6424
0.152,3496
0.0947,1830
-0.239,9569
-0.00759,5166
0.0716,3513
0.388,8
0.187,905
0.0179,4598
0.153,950
-0.0109,5469
-0.51,7446
0.0783,2269
0.00786,4730
0.241,2029
0.0987,1591
-0.0598,9081
-0.286,6241
-0.0331,6408
0.0318,4264
0.00922,4523
-0.0169,5831
-0.145,9042
0.000789,5209
-0.201,9124
0.0653,2031
0.134,229
-0.21,9584
0.507,328
0.104,3558
0.0845,2867
0.367,960
-0.0578,6469
0.0546,3313
-0.0517,7750
0.0287,3898
0.109,2258
-0.0308,6069
-0.00906,5914
-0.0532,7208
0.667,123
-0.024,5371
1.03,1380
0.0373,4072
-0.0432,6414
-0.318,8950
0.024,4427
-0.0429,5885
-0.000818,4982
-0.11,6667
0.214,438
-0.0355,5087
-0.2,10170
-0.484,10445
-0.32,10245
-0.064,5895
0.184,990
-0.00844,5371
0.0807,2281
0.0298,4038
-0.103,8838
-0.0462,6225
-0.0702,7436
0.184,1055
-0.129,8990
-0.0271,6027
-0.299,10310
0.336,665
-0.701,9413
0.0157,4688
-0.0719,7090
0.0446,3762
0.0415,3752
-0.207,8454
0.0878,1995
0.061,2580
-0.0173,8231
-0.0398,6048
-0.309,9390
0.182,2033
-0.00704,5215
0.0149,4534
0.0435,3475
0.144,510
0.196,295
-0.119,7256
0.278,405
-0.0296,6649
-0.0356,5963
0.226,310
0.13,1475
-0.00263,5052
0.0379,3813
0.088,370
-0.0258,6524
0.00928,4750
-0.0224,6334
0.0913,2204
-0.0362,6028
-0.00837,5272
0.131,1572
0.123,2777
-0.114,7925
-0.0677,7862
0.000911,4957
-0.135,9003
-0.0544,6470
-0.0479,6397
-0.0287,5892
0.0126,4662
-0.174,9898
0.0994,3169
-0.601,9283
0.331,559
-0.055,7162
-0.0423,6843
-0.0702,9074
0.175,3045
-0.0301,5542
-0.399,9873
0.00186,4818
0.0707,2197
-0.0867,8199
0.0817,1289
-0.115,9078
0.297,269
-0.153,8224
0.047,3210
-0.0749,9531
-0.348,10116
-0.0419,6180
0.137,1638
0.0912,3826
0.258,202
0.13,1448
0.0896,2851
-0.191,8764
-0.585,10394
-0.0508,7450
-0.021,6175
0.143,1909
0.0244,4109
-0.0635,6288
0.102,2696
-0.184,10131
-0.108,8514
-0.0149,5625
-0.0975,7551
0.175,1753
-0.0505,6736
-0.0774,8295
0.0154,4553
0.000779,4747
-0.226,9853
0.176,2797
-0.158,9702
-0.201,9146
-0.182,9423
0.0238,3738
-0.114,9918
-0.24,10290
-0.25,10103
-0.104,9358
0.229,1507
-0.089,8572
-0.234,10087
0.257,401
-0.00796,5261
0.333,70
0.555,400
0.0698,2634
0.306,1144
0.094,2234
0.208,797
-0.0712,8342
0.0769,1884
-0.101,7500
0.164,1173
0.042,3818
-0.0231,6852
0.158,1926
0.133,180
0.107,2755
0.111,1973
0.132,1670
-0.587,10451
0.0152,4546
0.0756,2861
0.161,1452
0.341,190
-0.401,8218
0.0721,3098
0.00312,5007
0.372,262
0.142,1997
0.167,340
0.129,1744
-0.268,10406
-0.31,9819
-0.0831,8124
-0.0114,5433
-0.0349,5330
0.176,2445
-0.0923,8264
0.0322,3996
0.0117,4830
0.113,2205
0.0732,2743
-0.301,9916
-0.103,7336
-0.0987,8434
0.00828,4560
-0.487,10405
0.0927,3003
0.266,420
-0.00231,4985
0.00947,4832
0.14,1858
0.0206,4440
-0.0698,6876
0.342,200
-0.113,7726
-0.0547,8141
-0.0854,7797
0.0529,3927
0.247,131
0.244,1312
0.231,1508
0.131,1777
-0.0109,5518
-0.35,8064
-0.0376,5737
0.47,204
0.00345,4818
0.055,3917
0.173,867
-0.0626,6819
-0.168,9492
-0.126,8564
-0.227,9232
0.00216,4780
0.0329,3610
-0.0685,6808
-0.391,10183
0.261,1668
0.113,1882
-0.0157,5956
0.0827,2562
0.0537,3297
0.325,441
0.165,815
0.0467,3811
-0.079,7544
0.032,3447
0.0424,4257
-0.322,10015
0.271,144
0.0445,4121
-0.0256,6358
0.138,906
0.165,1303
0.0947,2393
-0.0734,7943
-0.263,10368
0.126,1225
-0.0155,5668
-0.0277,6233
0.183,1626
0.372,988
0.00978,4632
-0.46,10139
0.108,1485
0.0281,4091
-0.218,9369
0.533,231
0.068,3686
0.183,832
-0.0689,7681
0.183,2972
0.109,2416
0.00448,4886
0.097,2208
-0.0374,7480
0.0296,3417
-0.199,9087
-0.0175,5170
-0.164,9007
-0.104,7193
0.0139,4634
0.0591,2535
0.11,1940
0.0491,3609
-0.215,7754
-0.194,9465
0.0248,4400
0.151,444
0.0606,3731
0.0827,2480
0.0497,4065
-0.15,7936
-0.0411,7341
0.123,1459
0.289,35
0.234,628
0.0332,3419
-0.0445,6877
-0.109,8852
0.00515,4861
-0.0254,5914
-0.152,6955
-0.313,9631
-0.151,9104
0.00647,4598
0.0291,4450
-0.0268,7095
0.167,1865
0.385,35
-0.12,9166
0.0412,3974
0.224,155
0.391,1565
0.283,1093
0.119,2270
0.00464,4635
-0.0264,6194
0.303,486
-0.301,9746
0.0651,2041
0.0112,4654
-0.132,7083
0.0124,4386
0.0528,1848
0.176,1495
0.187,2348
-0.162,9471
-0.0149,5781
-0.0478,6876
-0.369,10474
0.0203,4431
0.0701,3458
-0.364,8550
-0.132,7362
-0.234,9685
0.0535,3399
-0.088,8261
-0.127,8452
0.00184,5056
-0.293,10391
0.0489,2740
-0.0105,5953
-0.215,8379
0.0673,3003
-0.341,10244
0.239,277
0.0436,3105
-0.137,9415
0.251,475
0.466,122
-0.242,7663
-0.254,8449
-0.0572,6742
0.0386,2004
0.0865,2765
-0.0458,7049
0.115,2034
-0.0458,5917
0.211,1042
-0.0776,7763
0.136,2534
-0.298,9702
0.0208,4443
0.0116,4762
-0.0302,6281
0.174,399
-0.0249,6109
0.0366,4182
-0.0457,6334
-0.181,8663
0.0782,1909
-0.154,10303
0.078,3193
-0.0586,6590
-0.0809,6178
-0.0403,6354
0.024,3987
-0.0154,5828
-0.124,8102
-0.0673,7215
-0.00289,5083
0.537,553
-0.0608,6590
0.0061,4836
-0.126,9141
0.11,2481
0.191,394
0.0151,3756
0.00847,4702
0.152,548
-0.137,9915
0.341,1053
0.18,1227
0.0548,2743
-0.0397,5631
-0.00749,5451
-0.191,9348
-0.0531,6988
0.00762,4621
-0.164,7475
0.0233,4295
0.1,488
0.0362,3711
0.0776,3039
-0.0834,6324
0.0103,4791
-0.202,9390
0.0403,3339
-0.249,9568
-0.169,8845
0.0754,3808
0.483,391
0.0876,2242
-0.103,8920
0.28,1100
-0.0104,5084
0.0443,3667
0.197,263
-0.41,10017
-0.124,9312
-0.111,8238
0.0509,3466
0.0576,3070
0.0436,4217
-0.0436,6344
0.0294,4104
0.0469,3838
0.202,1497
-0.0245,5577
0.0312,4156
-0.11,8710
-0.0595,6374
0.322,1675
-0.0731,6888
0.0251,4159
-0.31,10370
0.0783,1397
-0.0887,8934
0.199,1178
-0.22,8441
0.132,2170
0.0187,4505
-0.0757,9657
0.07,2579
-0.256,8792
-0.181,9247
-0.113,7477
0.215,902
-0.0755,7180
0.00648,4708
0.147,1164
-0.116,6233
-0.174,8156
-0.261,9924
0.198,1304
0.00738,4860
-0.121,8702
-0.101,6421
-0.153,8081
-0.0106,5461
-0.0878,7374
0.0107,4829
-0.00143,5075
0.348,159
-0.00868,5146
-0.0249,6094
-0.0238,5923
0.137,610
-0.173,8779
0.00781,4839
0.28,1176
0.242,1092
-0.00318,5329
0.00172,4811
0.0324,3408
0.08,3330
0.0107,4767
0.0135,4720
0.0157,4410
-0.179,9125
-0.0748,6720
0.0495,3342
-0.165,7015
-0.167,10276
0.00672,4872
-0.0538,7061
0.307,511
-0.0434,6974
-0.24,9262
-0.157,8691
-0.135,9559
-0.0232,6882
-0.323,10313
-0.0154,5481
0.508,12
-0.131,7344
0.056,2514
-0.0414,7121
-0.173,9946
0.179,1149
-0.385,10049
-0.229,7967
0.276,997
0.00969,4480
0.5,259
-0.07,7707
0.173,1660
-0.166,7766
-0.0695,9012
-0.179,10084
-0.273,9054
0.168,1128
0.0289,4108
0.0488,3373
0.0602,2006
-0.075,8265
0.136,2166
-0.302,10005
0.423,399
0.022,4514
0.0509,819
0.0612,2341
0.0169,4376
-0.0461,6732
-0.00775,4467
0.541,397
0.0281,4376
0.0174,4484
-0.0214,5649
-0.0154,5241
-0.0601,7631
-0.215,7637
-0.0547,7545
-0.0412,6953
-0.23,10180
0.284,1090
0.217,1971
0.119,2269
0.212,601
-1.35,10464
-0.0686,6729
0.245,645
0.0315,4287
0.0611,3269
0.0125,4603
-0.133,8963
0.263,262
0.0493,3741
-0.262,10165
-0.0906,7270
-0.182,9090
-0.0856,8230
-0.0549,7603
-0.423,9933
0.28,1745
0.177,2033
0.068,2442
-0.0287,6988
-0.0179,5610
-0.121,6929
-0.0138,5082
-0.211,10328
-0.102,6995
-0.222,8963
-0.0786,7561
0.183,1211
0.0403,2978
-0.165,10203
-0.242,10468
-0.0541,7917
0.114,2243
0.149,2592
-0.0912,6223
0.00395,4902
-0.174,7635
-0.0745,6245
0.00196,4812
-0.598,10460
-0.11,9474
0.225,418
-0.313,9668
0.00448,4990
-0.141,7234
0.222,919
-0.0356,6155
-0.231,9681
0.0607,1857
-0.0579,7609
0.091,2131
0.0255,4090
-0.00103,5229
-0.153,9868
-0.445,9876
0.624,789
0.174,1711
-0.199,8961
0.239,163
0.0653,2901
0.404,743
-0.104,6645
0.162,2336
0.0355,4195
-0.0142,6344
-0.294,10421
0.146,2558
-0.0406,7088
0.881,928
0.0739,2884
-0.0451,6661
0.153,1313
-0.131,8296
-0.132,9949
-0.131,7168
-0.279,8077
0.0122,4561
0.0502,3140
0.172,1839
-0.26,9301
-0.14,9524
0.17,3171
0.275,14
-0.0521,7037
0.0673,3207
0.245,366
-0.0462,6348
-0.291,8538
0.0301,3892
-0.0247,5850
0.0761,3362
0.0314,4162
-0.046,6128
-0.0943,7282
0.117,947
-0.199,10209
-0.161,9512
-0.0134,5319
-0.0395,5675
-0.501,10271
0.0358,4159
-0.0391,5774
-0.0882,7164
-0.194,7554
0.0903,2924
-0.0141,5293
0.0784,1399
-0.568,8955
-0.649,10442
0.0598,1919
-0.0898,7500
0.0667,2259
-0.225,10441
0.0893,2797
0.293,724
0.147,2405
-0.105,7324
0.0421,2983
-0.121,9210
-0.11,9015
0.861,1187
0.174,1243
0.127,3355
0.0553,3266
0.0332,3444
0.149,2016
-0.193,9168
0.023,4405
-0.0478,6147
0.0203,4484
-0.172,10330
-0.208,9095
0.263,582
0.0776,3481
-0.0423,5626
0.164,1336
-0.0468,8226
-0.0982,7351
0.121,1845
0.0793,3399
0.155,1767
-0.1,8575
-0.314,10250
0.111,2505
-0.248,9478
0.15,2237
-0.0317,6567
-0.127,9111
-0.0825,8011
-0.188,9800
-0.1,9494
-0.128,8021
0.0448,3122
0.152,887
0.169,887
-0.235,9767
0.103,2228
0.379,1203
0.176,1860
-0.0227,5888
-0.132,8735
-0.014,5432
-0.32,10441
0.026,4133
-0.197,9748
-0.00982,5888
-0.0285,6229
0.115,1639
0.177,931
-0.00398,5305
0.83,35
0.0357,3145
0.0458,3853
0.536,886
0.00457,4949
-0.0945,6447
0.0547,4122
-0.121,9777
0.418,133
-0.0204,5903
0.00668,4735
0.046,4030
-0.0475,6679
0.202,1268
-0.058,7739
-0.151,9237
0.313,368
0.197,3302
0.104,1428
0.0244,3950
-0.06,7388
0.0232,4229
-0.13,7360
0.319,794
-0.447,9862
-0.0091,5713
-0.27,10162
-0.00757,5052
-0.219,8616
-0.0696,8293
0.113,1657
0.0288,4038
-0.0495,7087
0.0519,3327
-0.0864,7967
0.488,382
-0.105,8107
-0.201,8568
0.136,2752
0.0867,3384
0.164,2364
-0.289,10436
-0.245,10009
0.101,2834
-0.0106,5249
0.087,521
0.0153,4624
0.0888,2374
-0.0525,9207
0.0387,4136
0.0227,4170
-0.172,8172
0.0536,3606
-0.0282,6762
0.188,712
0.155,1324
0.585,415
0.01,4708
0.117,1939
-0.00967,5422
-0.269,10466
-1.26,10222
0.142,1912
-0.295,9234
-0.187,9299
0.05,2841
-0.16,10230
-0.356,6385
0.417,530
0.122,2259
-0.0589,6673
-0.0427,7606
0.0248,4012
-0.124,8866
0.0222,4309
0.0969,2241
-0.00107,5070
-0.0147,5824
0.112,1338
0.0291,4289
0.115,1559
0.162,2036
-0.0467,5738
-0.0381,6212
0.00143,4991
0.268,278
-0.0256,6790
0.0791,3434
0.048,4156
0.0149,4311
0.0488,2716
0.279,189
0.223,1346
-0.123,6824
-0.0192,5679
0.0395,3870
0.0684,2123
0.11,2271
0.0408,3804
0.147,1531
0.0396,3889
-0.0682,7488
-0.0838,7851
0.137,1845
-0.0841,7672
-0.187,10168
-0.393,10226
-0.00598,5397
0.0736,2812
0.169,1149
0.0687,2704
-0.206,9781
-0.226,8483
0.0241,4015
0.0732,2719
0.198,1497
-0.134,9196
0.0679,2844
-0.143,9683
0.00795,4558
-0.0403,6731
0.0821,3867
0.0437,3897
-0.00995,5389
0.198,1875
-0.0122,5149
-0.0332,6687
-0.116,8475
-0.316,10425
-0.749,10461
-0.0644,7789
-0.0147,5598
0.171,944
-0.0117,5538
-0.0416,5752
0.0238,4495
-0.0857,7336
0.0255,4069
0.282,419
-0.107,7830
0.134,2649
0.118,1415
-0.163,9500
0.0313,3827
-0.378,10387
0.22,1189
0.0133,4697
0.206,1742
-0.00508,5364
0.127,2414
-0.162,8018
0.125,1315
-0.0491,6237
0.00208,4837
-0.0248,6836
-0.199,9459
-0.25,9661
0.27,1321
0.103,3074
-0.159,9050
0.0723,2154
0.036,3830
-0.274,10042
-0.285,10043
0.258,526
0.0874,2304
-0.12,7960
0.149,1811
0.0844,3146
0.301,745
-0.0435,6201
-0.136,8814
-0.0902,6873
-0.055,6155
0.0671,3187
0.0259,4490
-0.29,9935
-0.15,8578
0.0635,2465
-0.205,9903
0.00811,4775
0.0456,3459
-0.0174,6047
0.0739,1986
0.107,1134
-0.1,8765
0.0292,3823
-0.0417,6249
0.0844,1155
0.226,938
-0.00314,5225
0.0808,1509
-0.0633,6779
0.0183,4753
-0.0315,5506
-0.233,9504
-0.277,10330
0.114,101
-0.223,9888
0.189,1353
-0.162,9619
0.0683,3847
0.357,616
-0.0967,9217
-0.00652,5355
-0.0395,6370
-0.211,8774
-0.203,9963
0.203,66
-0.0401,6115
0.065,3353
0.36,269
-0.0291,6673
0.176,2293
-0.112,10103
0.0446,2672
-0.135,7192
-0.018,5316
0.388,600
0.0155,4625
-0.0207,5921
-0.0183,5481
0.255,1082
-0.113,8467
-0.0236,5555
-0.106,7226
0.0444,2900
0.0574,2742
0.0761,2741
-0.229,10370
-0.0494,5865
-0.227,6704
-0.0888,7348
-0.0726,8009
-0.112,8344
0.0746,3081
0.161,2232
0.0403,3381
-0.15,9289
-0.208,9779
0.173,1054
0.172,890
0.142,1536
0.157,3334
0.1,1455
-0.145,9375
-1.1,10383
-0.748,10407
0.0178,4502
0.171,2321
-0.0278,5765
0.0299,4033
0.0114,4839
0.113,2701
0.0294,4156
0.144,1455
-0.0206,5821
-0.0359,7707
0.0508,3731
0.203,1617
0.0325,4225
0.453,45
0.0898,1305
0.0436,3248
0.0169,4740
0.246,1274
-0.0478,6064
0.214,594
0.0961,2081
0.273,774
-0.0261,5783
0.159,1465
0.961,126
-0.121,8763
-0.379,9905
0.0939,1450
0.0584,2797
-0.0944,7068
-0.212,10186
-0.207,9968
-0.186,10385
0.0199,4378
0.0109,4694
0.0152,4702
-0.0655,6220
-0.0446,5946
-0.107,8213
0.0545,3084
0.168,1964
-0.172,9103
-0.0187,5985
-0.0995,8674
0.013,4637
-0.0289,5919
-0.0263,6350
0.023,4135
-0.0188,6137
0.041,3265
-0.125,9682
0.0145,4370
-0.00156,5345
0.17,2243
-0.0844,9574
0.162,1698
0.118,1916
0.127,2307
-0.0851,7268
0.247,744
0.0935,1937
0.145,1034
-0.187,10360
-0.074,8769
0.292,445
-0.114,8357
0.0232,4599
-0.13,6568
-0.0614,8418
-0.0207,6398
-0.0875,7575
0.274,614
-0.0969,8541
0.0526,4016
-0.0722,7849
0.221,796
-0.777,10395
-0.546,10258
-0.14,8630
-0.0464,5533
-0.546,10427
-0.129,8880
-0.707,9257
0.296,2735
0.413,659
0.215,3276
-0.28,9871
-0.15,8490
0.346,543
0.0769,3577
0.047,3143
-0.216,10155
-0.0278,5626
-0.0281,5730
-0.317,8714
0.239,889
-0.0821,8737
0.15,1301
-0.00364,5219
0.129,1391
0.32,642
-0.0674,7175
-0.0116,6260
0.0993,2223
-0.0036,5119
0.0576,4018
-0.197,10327
-0.00907,5764
0.121,2404
0.218,1718
-0.205,9672
-0.2,8295
0.131,2993
-0.0609,9909
-0.00553,5557
-0.0647,6790
-0.325,10297
-0.0638,7134
0.115,2683
-0.229,9599
-0.188,10349
-0.0134,5509
0.18,1162
0.0926,1857
0.06,3464
0.129,950
0.0175,4435
-0.0495,7456
0.0442,3814
-0.249,9383
0.034,4182
0.0268,4369
0.073,3402
0.00498,4837
-0.0863,7564
0.0609,3973
-0.215,10262
-0.0666,7297
-0.123,9028
-0.0473,7228
0.027,4194
-0.0662,6341
-0.0746,8002
-0.0785,6663
-0.0266,6355
-0.0175,6244
-0.101,8650
0.0299,4088
-0.00954,5413
0.286,1386
-0.0296,6480
0.0143,4764
-0.142,8886
-0.0832,7765
0.0297,4392
-0.167,10344
-0.0939,6745
-0.113,8284
-0.116,8178
-0.147,8994
0.427,1240
0.186,1257
-0.04,7079
0.022,3759
0.0566,3686
-0.026,5690
0.0167,4701
0.0266,3647
0.118,1733
-0.0279,6470
-0.118,9157
-0.0191,5612
0.157,1405
-0.225,8586
0.277,490
-0.081,8278
0.0816,3073
0.0323,3831
-0.708,10448
0.256,1878
-0.264,10414
-0.0878,8998
-0.13,8721
0.101,1602
-0.0109,5453
-0.146,8602
-0.195,8256
-0.081,8711
0.129,1701
-0.0167,5428
-0.216,9810
0.448,256
0.00926,4884
0.0536,3580
-0.0953,7837
0.018,4777
-0.127,7145
-0.086,6679
-0.00464,5548
-0.289,8554
-0.012,5450
-0.124,8910
-0.0949,6884
-0.183,7522
-0.00384,5279
0.0508,2817
-0.0109,5326
-0.605,10430
0.319,537
0.731,249
-0.101,8472
0.225,182
0.162,1373
0.0231,4224
0.176,1935
-0.205,10090
0.0729,3230
-0.163,9021
0.282,613
-0.229,9398
-0.0595,6665
-0.0233,5890
0.117,2264
-0.122,7824
-0.0405,6379
0.285,1525
0.208,1216
0.0981,2506
0.513,453
-0.16,10368
-0.201,10376
0.231,42
-0.208,8075
0.154,2543
0.00992,4694
0.159,285
0.251,2001
-0.00507,5435
0.106,2519
-0.104,7757
-0.235,9183
-0.0342,8522
-0.0527,6802
0.0032,5008
0.395,787
0.215,1474
-0.101,8802
0.0117,3625
0.105,1673
-0.0051,5044
0.229,481
0.0289,3880
0.172,757
-0.0235,6042
0.106,3751
0.174,946
0.231,992
-0.08,7267
-0.38,10308
-0.0741,8664
-0.0698,7158
-0.173,8904
0.0677,2755
0.0506,3626
-0.0342,5867
0.104,1909
0.00102,5048
0.161,1114
0.221,2483
0.163,1098
-0.00507,5591
-0.0205,6619
-0.44,10430
0.104,2568
0.0292,4026
0.0372,3830
-0.0469,7618
-0.0715,8480
0.39,68
0.112,2411
0.185,1325
0.0419,4077
0.047,4205
0.0234,3918
0.0841,2694
-0.0313,5554
-0.0599,5742
0.131,2103
-0.215,10031
0.03,3326
-0.144,9238
0.179,598
0.139,2242
-0.12,8140
-0.0172,5812
0.093,2028
-0.382,7580
-0.176,9052
0.0456,3631
0.428,289
-0.211,10381
-0.0584,7652
0.195,1116
-0.001,4961
-0.119,8121
-0.0164,5508
-0.0652,8015
0.142,545
0.0325,4228
-0.34,10078
0.196,831
-0.722,8851
-0.0336,7447
0.15,1047
1.13,264
-0.106,8355
-0.064,6642
-0.201,7263
-0.0757,6913
0.138,1408
0.0708,2214
0.0411,3570
-0.18,9133
-0.0268,6908
0.0764,2861
-0.0758,6788
0.0442,3849
0.095,2319
-0.198,8199
0.0665,3131
-0.0476,7313
-0.173,9957
-0.0622,6770
-0.0121,5838
0.215,1853
-0.0338,5368
-0.171,9710
-0.0361,5688
0.154,1742
-0.152,7566
-0.124,8047
0.0337,3208
-0.0374,7515
0.0393,3086
0.000888,4991
0.0252,4518
0.0131,4548
-0.109,6760
0.116,1569
-0.149,9098
0.0136,4524
0.0174,4609
-0.0693,8067
-0.152,9177
-0.355,10089
0.211,1173
-0.292,10420
-0.303,8257
-0.0185,5645
-1.05,10303
-0.136,9649
-0.0843,9379
-0.198,9593
0.0606,3297
0.193,1948
-0.376,6423
0.0738,1321
-0.073,5410
0.0213,4369
0.103,1677
-0.558,7149
-0.356,9511
-0.00153,5361
0.174,1035
0.294,200
0.201,401
0.305,52
0.266,525
0.346,40
0.121,491
-0.354,10431
-0.0495,5888
-0.0669,4905
-0.193,7962
-0.0304,6617
-0.0171,6252
-0.165,7165
-0.139,7201
0.154,1299
0.0831,3072
-0.0269,6134
0.128,1170
-0.0925,8338
0.0868,3072
0.455,1421
-0.49,10395
0.0745,1706
-0.224,10346
0.31,1421
-0.222,8895
-0.261,10207
0.13,2202
0.0477,3105
0.0716,3042
0.217,942
0.113,1212
-0.0856,8678
0.0154,4372
0.0282,4227
0.101,2271
0.402,397
-0.121,9566
0.186,292
0.0121,4621
-0.0978,7805
0.0952,3220
0.0219,4273
0.0442,3340
0.169,200
0.336,610
0.168,860
0.00813,4808
0.314,377
0.576,621
0.0049,4834
0.0638,3676
0.069,2824
-0.278,9910
-0.116,7691
-0.0319,6345
0.0352,3921
-0.324,9791
-0.173,9396
-0.196,9984
0.045,4331
0.0183,4135
-0.0595,7032
0.314,2569
-0.00953,5328
-0.0309,5535
-0.156,9193
0.104,594
0.0392,3392
0.143,2142
0.0131,4570
0.0364,3869
0.208,1446
0.1,2230
0.27,429
-0.219,9023
-0.0959,7624
-0.0613,7955
0.0614,3058
-0.192,9495
-0.108,9929
-0.173,9691
0.0743,2864
0.0104,4719
-0.00475,5334
0.11,2780
-0.0892,9336
-0.547,9285
0.503,542
0.0611,4263
0.187,1551
0.0461,3168
-0.0823,8395
0.013,4586
0.0895,2700
-0.211,9347
-0.0015,5049
0.0548,1687
0.204,1379
-0.00406,4985
0.101,3369
-0.142,7559
-0.0424,6004
0.152,2119
0.0929,2170
0.0528,3487
-0.084,8060
-0.0593,7528
0.00378,5081
0.0182,4625
0.123,2049
-0.137,7904
-0.17,8089
0.0124,4533
0.0524,3456
-0.0561,7192
-0.123,7886
0.207,1054
-0.169,8685
0.355,1286
-0.0722,8368
0.0718,3190
0.0334,3988
-0.267,9826
0.0844,2440
-0.0805,9671
-0.411,10239
0.202,330
0.0672,2483
0.013,4508
-0.189,9169
0.053,2155
-0.0581,7051
0.3,533
-0.086,6626
0.0873,2981
-0.239,8121
0.145,922
0.000493,5019
0.0848,2606
-0.0209,5886
-0.0122,5090
-0.128,7069
-0.111,9637
0.156,1766
0.289,701
0.637,67
0.273,1814
0.459,212
0.0607,3101
-0.0973,7251
0.0689,3668
0.157,1296
-0.218,8760
-0.118,7131
-0.0969,7294
-0.132,9909
-0.126,9908
-0.265,10294
0.118,2172
0.0142,4539
0.133,815
0.0443,3183
-0.051,6540
0.25,914
0.458,1166
0.0674,3912
0.0111,4673
-0.0782,7921
0.4,577
0.00586,4759
-0.263,9976
-6.96e-05,5117
0.0309,3697
-0.296,10301
-0.0308,5801
0.000998,5035
0.297,256
-0.00692,5482
-0.11,7985
-0.0972,8228
-0.0928,9183
0.275,863
-0.461,10025
-0.132,7069
-0.0765,8415
-0.0909,8465
-0.11,8399
0.0124,4665
0.125,2507
0.0311,4529
-0.113,9413
0.0143,4106
-0.299,9270
-0.15,7706
-0.0203,5631
0.17,734
0.208,1198
-0.0589,7425
0.0962,2485
0.0907,3197
0.362,166
0.0195,4331
-0.118,7037
-0.166,9594
-0.0559,7624
0.129,989
0.0818,2836
-0.0872,6852
-0.0842,8745
0.148,947
-0.152,9162
0.045,3954
-0.044,6764
0.00408,4822
-0.208,10132
-0.0497,6628
0.0837,2619
0.0533,3070
0.29,1034
0.105,1754
0.0679,2752
0.188,344
-0.581,8419
0.265,1109
0.0932,2975
-0.0683,6286
-0.103,6724
-0.11,8594
-0.164,8186
-0.98,10295
-0.00487,5424
-0.0156,6008
-0.00813,5765
-0.213,9969
0.0494,2404
0.109,2814
0.698,140
-0.0526,6606
-0.139,9588
-0.0315,5700
0.118,3434
-0.0125,5039
-0.204,8232
0.147,817
0.0811,1356
0.202,940
-0.274,10010
-0.0117,4977
0.0372,4145
-0.138,8818
0.0249,3435
0.165,2185
-0.271,10223
0.0113,4737
0.284,1444
-0.297,10269
0.00518,4630
-0.238,10119
-0.0234,5366
0.127,2347
-0.178,3791
-0.0256,6094
-0.0724,8953
-0.235,10269
0.222,740
0.00194,5325
0.0138,4358
0.127,1630
-0.177,10315
0.0639,3054
0.0674,3408
-0.0421,5881
-0.153,8585
-0.0513,6392
-0.0145,6270
0.177,705
-0.243,9347
-0.0114,5297
0.196,1581
0.103,1191
-0.1,8393
-0.0574,7214
-0.243,10114
-0.022,5650
-0.0728,8560
0.174,227
-0.0945,8372
0.0829,1912
0.0379,3775
-0.0528,7010
-0.0919,6313
0.0129,4799
0.0494,2280
-0.039,6506
-0.00456,5271
0.328,758
0.0204,4409
0.143,1719
0.268,74
0.0961,2318
0.0544,3899
0.0812,2265
0.0971,3011
0.0872,3513
0.0376,3339
-0.00474,5117
-0.133,7030
-0.108,9296
0.0261,4157
-0.00295,5227
0.0651,3841
-0.118,7830
-0.0802,7728
-0.0308,6749
0.114,2078
0.204,1296
0.00264,4941
-0.033,5608
0.752,497
0.201,1955
-0.0739,8771
0.00993,4784
0.0718,2545
0.129,3007
-0.0315,5316
0.00483,4932
-0.15,10279
-0.248,10130
0.0591,3341
-0.147,5557
0.237,1681
-0.038,5753
-0.131,9382
0.0977,1920
-0.253,10331
0.205,576
-0.0556,5927
0.337,409
0.214,1474
-0.0486,7814
-0.0469,7158
0.143,2669
-0.1,7555
-0.0879,7958
-0.0573,7254
0.0701,3193
-0.241,10339
0.17,304
0.125,1900
0.127,708
-0.157,9278
-0.0819,7920
0.129,2009
0.0557,3954
0.119,2024
-0.0884,7729
-0.0292,5939
-0.237,9557
0.132,1998
0.117,1949
0.237,1932
-0.0727,7735
-0.0251,5963
-0.0894,7335
-0.025,6187
0.0186,4655
-0.0154,5451
0.0107,4508
-0.202,10049
0.155,3210
-0.0929,6258
-0.00809,5688
-0.135,9217
0.203,586
-0.102,9769
-0.0852,8319
0.133,874
0.168,890
-0.0185,5264
-0.162,9826
-0.0794,9595
-0.0025,5054
-0.195,9085
-0.077,6529
0.0092,4636
0.0696,3003
0.000204,5048
0.0372,4282
-0.356,10441
-0.29,9258
0.0291,4572
-0.0455,5746
0.27,418
0.0841,2628
-0.0262,5466
-0.541,9638
-0.00209,4619
0.034,3787
0.0312,4265
-0.142,5086
-0.54,9056
0.0273,4609
0.00843,4855
0.0227,4548
-0.0101,5664
-0.232,10386
0.161,2076
-0.0579,7197
-0.0583,6760
0.0905,1601
0.00835,4484
-0.0271,6023
-0.084,8465
0.0192,4381
-0.35,9894
0.0456,2250
-0.0759,9421
0.0432,3402
0.0322,4204
-0.113,8287
-0.147,8201
0.186,462
0.0453,2608
0.214,868
-0.0924,9219
0.001,5166
0.42,526
0.0819,2159
-0.0746,8187
-0.0999,8733
-0.343,10458
-0.432,10304
-0.0454,6483
-0.0332,6359
-0.0584,7442
0.0675,3352
0.0963,2217
-0.339,9290
0.13,2619
-0.222,10324
0.167,1695
-0.00364,5307
0.176,1628
-0.0163,5252
0.172,175
-0.0139,5313
0.183,1369
0.0727,3579
0.0278,4173
-0.307,10164
-0.128,7969
-0.0692,7917
-0.0127,5555
0.105,2475
-0.0141,5374
0.0264,4147
-0.225,9013
-0.0361,7130
-0.0629,8511
-0.017,5018
0.0396,4282
-0.0226,5199
-0.126,8233
-0.27,10165
0.0248,4193
0.000426,4915
-0.128,7916
0.03,3952
-0.258,9385
-0.211,8795
-0.148,9114
-0.0346,6319
0.0161,4643
-0.083,7046
0.456,1173
0.147,998
0.102,2333
0.016,4183
-0.276,9933
-0.158,6612
0.0683,2574
0.158,1777
0.0946,1658
0.373,1581
-0.203,9185
0.0219,4208
0.066,3019
0.000648,5079
0.187,292
0.0324,4006
-0.156,9997
-0.0635,5918
-0.188,9283
-0.0205,5778
0.0383,3846
-0.327,10114
0.0326,4180
0.212,1098
0.0968,2833
-0.0398,6536
-0.158,8064
-0.0423,7096
-0.136,9700
-0.0326,6536
0.168,143
0.0404,2835
-0.047,7637
0.0292,3962
-0.0486,6230
0.273,747
0.0351,4124
-0.055,9106
0.0843,2246
-0.017,6207
0.029,4154
1.09,29
-0.00935,5160
-0.1,6864
-0.0815,8019
0.109,3261
0.0738,2304
0.16,197
-0.128,7520
-0.0381,6515
-0.0915,7953
0.00197,5091
-0.169,9088
-0.166,8372
0.0705,2141
0.181,143
0.183,111
0.158,138
0.128,1455
0.139,3021
0.137,2478
0.052,2772
-0.0277,6250
-0.0382,5771
-0.0309,5688
0.145,1585
-0.0176,5811
0.15,1052
0.00913,4722
-0.112,8629
-0.185,9000
0.00712,4764
0.124,1029
-0.0615,7139
0.324,490
0.0175,4494
-0.198,9720
-0.0403,6807
-0.243,10145
-0.139,9117
0.00827,4894
0.838,279
-0.103,6247
-0.00192,5155
0.219,1854
0.00988,4591
-0.0573,7124
-0.00726,4875
-0.161,8017
-0.00041,4846
-0.0191,5314
-0.167,9910
0.0713,2156
0.169,1796
0.0314,4052
0.198,1204
0.266,1152
-0.105,9230
0.197,1027
0.0552,3384
-0.0999,8020
0.0882,1596
-0.269,9398
-0.0309,6143
0.0947,1281
0.147,1810
0.0227,4333
0.0438,3393
0.0266,4273
0.0205,4392
-0.325,10015
-0.119,7731
-0.178,9763
-0.67,9880
0.0378,4172
0.00252,4801
-0.00549,5124
0.0519,3100
0.00975,4856
-0.278,10167
0.222,643
0.095,2388
-0.0704,7849
0.0427,3450
-0.191,9787
-0.225,10076
0.212,631
-0.0256,5863
0.0591,1909
0.0623,3594
0.0557,2454
0.0137,4909
0.0959,2854
0.0664,3787
0.143,1661
-0.164,9106
-0.0912,7018
0.0597,3926
-0.24,9757
-0.138,10262
0.101,1331
-0.0587,6330
-0.0897,6960
-0.0771,8244
0.0713,3318
0.0624,981
0.0227,3183
0.0284,4009
-0.323,10058
-0.0468,6630
-0.00262,5108
-0.0489,6888
-0.133,9859
-0.0376,6061
-0.0552,7171
-0.0482,5664
-0.195,6797
0.0905,2390
0.565,142
0.237,759
0.302,767
0.00346,4928
0.0216,4520
-0.233,9725
0.0763,2319
-1.47,10398
-0.0249,5664
0.461,405
0.152,2641
-0.0287,7250
0.0666,3087
0.178,1128
-0.255,10398
0.0588,3101
-0.0102,5142
0.058,2351
0.134,882
-0.00309,5429
-0.0231,5354
-0.142,8582
0.0885,3751
0.122,450
0.0044,4785
-0.261,9790
-0.0896,7373
-0.188,8065
0.353,1062
0.0298,4014
-0.0067,5351
-0.0796,6653
0.111,1377
0.195,947
-0.0425,6007
0.0719,2192
0.0474,987
0.0254,4431
0.224,1976
0.243,968
-0.171,9503
-0.047,7878
0.00343,5171
0.0672,3017
0.0126,4407
0.141,1971
0.00883,4731
0.0183,4293
-0.229,9855
-0.0904,7435
-0.0509,7171
-0.135,8000
-0.0137,5732
-0.239,10287
-0.0822,9514
-0.153,7035
-0.0358,6574
0.0471,4016
-0.00636,5541
0.069,3568
-0.0266,6339
0.0375,3384
-0.0591,7684
0.0028,4736
0.22,1557
0.011,4543
-0.00579,5381
0.0608,2845
-0.0953,6406
-0.167,7805
-0.0629,6135
-0.0719,7139
-0.0403,6836
0.125,1065
0.16,1157
-0.127,9057
-0.0692,6301
0.0458,3128
0.0439,2915
0.0333,4142
-0.0412,6361
0.154,2080
-0.012,5525
0.0421,3058
0.123,2208
-0.129,8388
0.516,28
-0.104,7079
-0.0903,6805
-0.0252,5756
0.119,561
0.174,2567
-0.166,8430
-0.0274,5829
-0.11,7789
-0.0725,6760
0.041,3371
0.0799,2958
0.0381,4262
0.248,1443
-0.0766,6960
-0.0847,8027
-0.0243,5460
-0.0632,6018
0.157,1589
0.00403,4497
-0.0664,6588
-0.0153,5590
0.181,913
-0.0372,5803
-0.0874,7574
-0.0131,6056
0.23,640
-0.205,9924
0.24,1240
-0.0308,6325
0.434,59
0.0635,2465
-0.0369,6147
0.108,1391
0.183,136
0.293,1742
0.0189,4532
-0.315,8185
1.5,15
-0.106,7942
0.927,4
0.122,2736
0.0588,3434
0.246,212
0.226,1150
-0.0922,9036
0.0566,3078
-0.00532,5287
-0.233,9079
-0.00611,5514
-0.188,8492
-0.0584,6427
-0.123,8379
0.278,723
-0.205,9925
0.0567,3451
-0.783,10412
0.0276,4063
0.0151,4366
0.0636,3274
-0.0333,6606
-0.115,8695
-0.0721,6509
0.0762,947
0.0569,2470
-0.00244,5168
0.124,1117
0.168,3003
-0.243,5945
-0.141,9818
0.0109,4571
0.023,4434
0.11,3405
0.172,3345
-0.205,8170
0.114,3387
-0.325,8128
0.2,512
-0.371,10439
0.423,169
0.108,2883
-0.0366,6192
-0.0862,8122
-0.00364,5326
0.059,2680
-0.44,10358
0.00643,4989
-0.117,9676
0.119,2272
-0.193,9522
-0.000834,5022
0.0118,4536
-0.0698,7109
-0.0184,6167
-0.0835,8846
0.164,1595
-0.206,9197
-0.0613,7335
0.105,2988
0.183,422
-0.157,9825
-0.136,7203
-0.43,10370
-0.37,10384
-7.87e-05,5083
0.624,323
0.217,737
-0.0881,8619
0.0626,3055
0.403,731
-0.121,8148
0.0548,3061
0.114,2008
0.0555,3313
-0.016,5691
0.0427,3643
-0.065,8165
0.00264,4952
-0.209,9245
-0.0736,5702
0.398,1245
0.067,3002
-0.154,9341
0.0744,1970
0.034,3654
-0.195,9912
0.023,4148
-0.0805,6527
0.0807,3321
0.00609,4741
0.18,1226
-0.209,8397
-0.221,9461
0.369,660
-0.338,8958
0.103,1993
0.0331,4043
0.0748,1464
0.188,2036
-0.165,9038
-0.246,8733
0.044,2770
-0.019,5528
-0.251,10255
0.0595,3857
-0.34,10248
-0.29,9386
0.0737,2990
0.0134,4673
-0.191,9364
-0.0531,6472
-0.0573,6578
0.055,3620
-0.0856,9165
-0.139,7926
-0.0908,8263
-0.0767,7764
-0.0843,7533
0.404,149
0.101,2809
-0.0556,8205
0.126,2749
-0.0492,6462
0.176,2352
0.0155,4697
0.262,87
-0.186,9829
-0.19,8982
-0.14,7704
-0.167,8023
-0.219,7442
0.121,1760
-0.0389,6845
0.0802,2543
0.116,2357
0.212,407
-0.447,10030
0.0718,3145
-0.118,9072
-0.0123,5119
0.0493,3660
0.331,642
-0.181,9734
-0.0362,6763
0.246,98
-0.246,10393
-0.0888,7063
-0.0725,6582
-0.142,8335
-0.0879,8096
0.00649,5130
-0.165,8969
0.00736,4762
-0.00884,5599
0.0233,4399
-0.0289,6910
-0.0309,6302
-0.0633,7955
0.0655,3511
0.104,1880
0.326,1495
-0.106,8728
0.0138,4477
-0.0186,5858
0.168,1848
0.108,2592
0.0844,3336
0.127,1648
-0.113,9730
0.0423,3444
-0.0301,5761
-0.0842,6781
0.395,411
-0.0411,8433
0.438,2397
0.223,1384
-0.228,9384
-0.0159,5539
-0.0848,7931
-0.00237,5060
-0.305,10411
0.265,677
-0.284,9624
-0.025,5315
0.2,1755
-0.0142,5754
-0.0169,5404
0.127,3494
0.0674,3422
-0.415,10086
0.25,554
-0.104,9147
0.104,976
0.289,1162
0.0154,4548
0.595,59
0.173,1779
0.0704,2816
-0.000157,5115
-0.0205,5603
-0.212,6918
0.0689,2212
0.362,950
-0.111,9447
0.0844,1888
-0.148,8245
0.133,1761
0.12,2008
-0.126,7534
-0.0111,5823
0.132,1654
-0.0835,6173
-0.14,9704
0.076,3391
0.226,805
0.13,1028
0.0529,3423
0.0346,4187
0.0669,2493
0.0402,4154
0.134,1539
0.144,1577
-0.0179,5847
-0.245,8880
0.161,2397
-0.154,9412
0.121,2790
0.326,41
-0.031,6791
-0.0886,7717
-0.0095,5625
0.229,2228
0.316,311
-0.296,7859
-0.0409,6197
-0.0497,5741
0.136,2172
-0.183,7747
0.0401,4096
-0.00757,5581
-0.149,9520
-0.0851,5994
-0.255,10173
-0.0715,7509
-0.169,8724
0.0374,3779
-0.08,9097
0.125,3061
0.0852,3324
0.0575,3288
-0.0348,6008
-0.16,9731
0.137,1502
-0.112,8100
0.236,1169
0.257,893
-0.215,9692
0.0681,2220
-0.0569,8966
0.341,484
0.132,1995
0.117,3006
-0.0829,7690
0.0265,3983
-0.103,8320
0.0122,4555
0.0337,3684
0.0875,2804
0.0704,3504
0.234,49
-0.0272,5973
0.0488,3460
-0.0749,7482
0.267,2144
-0.374,10134
0.0658,1610
0.0783,2464
-0.225,9937
-0.146,8637
-0.0758,6107
-0.143,8626
0.0879,2199
-0.0956,8546
-0.00981,5440
-0.208,8696
0.252,485
-0.0662,5871
-0.0799,9375
-0.117,8969
0.209,706
-0.0076,5118
0.37,822
-0.242,9206
0.332,185
-0.0822,6416
-0.0933,7360
-0.158,9463
-0.0108,5381
0.128,1872
0.0617,3660
0.009,4743
0.193,1425
-0.0443,6069
-0.368,10066
-0.144,9280
-0.00364,5317
0.0557,2822
0.337,147
0.0554,3863
-0.246,4977
0.135,1634
0.0874,2763
0.0454,3303
-0.0527,6380
-0.288,10193
0.049,3339
-0.0777,6316
-0.0643,8506
0.0556,2463
0.0655,2275
0.228,683
0.383,420
-0.253,8707
-0.013,5821
-0.0891,8263
0.0802,3392
0.0228,4263
0.0465,3535
0.0104,4694
0.0314,4257
-0.062,7768
-0.0919,9239
-0.0841,7669
-0.114,7226
-0.522,10403
0.0945,1777
0.0137,4651
0.0979,3109
-0.0293,5861
-0.0624,7180
0.129,559
0.0177,4368
0.00348,5078
0.0756,3087
-0.273,9827
-0.515,9481
0.0398,4194
0.093,2531
-0.0823,9252
-0.0502,5650
-0.052,6184
-0.0391,6229
0.137,2834
0.00746,5006
-0.139,8764
-0.0212,5777
-0.158,9243
-0.109,8354
-0.187,7520
-0.0331,7714
-0.0507,5942
0.0357,4246
0.0892,3021
0.106,2006
-0.119,8841
-0.214,9699
0.146,699
0.169,454
0.132,2250
0.458,670
-0.11,7776
0.0377,3517
0.237,1128
-0.167,8856
0.0318,3982
-0.15,8006
-0.00404,5377
-0.0764,7852
0.591,13
0.000865,5051
-0.274,9506
0.178,1672
0.295,1116
0.0098,4657
-0.0952,7924
-0.0381,5828
0.117,2504
-0.279,10224
0.181,2162
-0.176,9471
-0.279,9820
-0.117,8846
-0.0172,5795
-0.0833,6673
0.151,586
0.0111,4558
0.0832,2519
-0.055,5610
-0.17,9275
-0.29,9387
-0.212,10322
-0.0247,6183
-0.0646,8526
0.171,581
0.326,189
-0.286,10106
0.0128,4411
0.0623,1898
0.0607,2402
-0.449,8908
0.0209,4591
0.0643,2387
0.133,1558
-0.0793,7321
0.078,2125
0.175,1187
-0.074,6665
0.0961,2703
-0.0982,7005
0.168,581
-0.0958,7793
0.127,1598
0.00492,4823
-0.0268,6249
-0.285,9444
0.0628,2196
0.117,1557
0.0501,3724
0.0646,2948
0.00621,5019
0.0137,4525
-0.0861,6983
0.167,1532
-0.0933,8032
0.0633,2429
0.247,266
0.216,1772
-0.159,9213
-0.0341,6514
-0.0978,6957
-0.0797,6906
0.0191,4643
0.0425,3267
-0.126,9799
0.261,467
-0.0742,7253
-0.0708,6462
0.414,1112
0.0159,4788
0.146,1786
0.417,217
-0.0019,5249
0.143,1768
0.198,1581
-0.166,7838
-0.012,5689
-0.0248,5866
-0.0446,7005
-0.0116,5427
0.205,1276
-0.0075,5894
0.116,813
0.148,1211
0.0303,4527
-0.0303,5829
0.083,2876
-0.247,9318
0.0109,4210
-0.0244,6251
0.0536,3092
-0.0866,7106
-0.441,9610
-0.0713,6243
0.0277,4027
-0.0249,5532
0.11,1656
-0.271,10289
0.193,889
-0.0619,7376
-0.0795,8528
0.236,346
-0.265,10281
0.368,104
0.216,743
-0.0325,6009
-0.158,8619
-0.0702,6751
0.0201,4454
-0.27,9888
0.106,3130
-0.00182,5133
0.0409,3380
0.0683,3428
0.268,486
-0.0607,6460
-0.00688,5729
-0.294,10017
0.295,415
-0.141,10157
-0.0869,9129
0.0402,4039
-0.281,9828
0.0601,2502
0.0555,2790
-0.0137,6283
-0.125,9060
-0.0715,8006
0.173,1898
-0.0467,7252
-0.353,10105
0.0119,4583
0.216,1247
-0.0268,5445
0.119,1948
-0.173,7980
-0.248,9070
-0.0752,8708
0.0485,3854
-0.0161,5442
-0.203,8494
-0.00024,5146
0.198,868
0.0053,4890
-0.00445,4952
0.0345,4293
0.109,1498
0.168,2477
0.0363,3738
0.00663,4785
0.0667,2557
-0.131,7194
-0.44,10468
-0.00788,5443
0.00557,4802
0.00622,4709
0.168,834
-0.109,7330
-0.126,8502
0.0409,3666
-0.232,10201
-0.0397,7066
0.131,3171
0.0691,2859
0.313,121
-0.322,10047
0.092,2213
0.0867,1828
0.282,673
0.116,2935
-0.0149,5955
-0.132,7162
0.24,149
-0.175,9743
-0.0169,5854
-0.204,9694
-0.39,9822
-0.063,7450
-0.0291,6428
0.016,4397
0.162,2460
-0.111,6885
0.389,479
0.00233,5196
0.112,2999
-0.00794,5125
-0.125,7772
-0.0684,7359
0.00208,5008
-0.0189,5776
-0.0593,7757
-0.133,8945
0.207,401
0.384,1262
-0.0216,5682
-0.0034,5265
0.0694,2771
-0.104,7838
0.177,2010
0.148,1210
-0.166,7807
-0.0302,6132
-0.0249,6393
-0.08,7073
-0.0622,7911
0.027,3998
0.104,1599
-0.16,8679
0.147,673
-0.0103,5273
0.171,1778
0.157,133
-0.295,10178
-0.191,10176
-0.0896,10040
0.154,417
-0.185,9856
-0.27,10094
0.193,1258
-0.46,10388
0.0163,3903
-0.0236,5917
0.0602,3567
-0.203,9791
-0.0329,6781
0.1,1525
0.0518,3571
0.0867,2242
-0.116,8637
0.0978,2892
0.0117,4863
0.111,2940
0.135,736
0.0156,4328
-0.144,9408
-0.174,9574
0.00962,4762
-0.266,9978
0.0908,2050
-0.107,8745
-0.0574,7050
-0.0121,5325
-0.0864,6600
0.199,1526
0.322,299
0.0145,4400
0.737,4
0.282,1432
0.0879,2381
0.0607,3417
0.105,2104
-0.172,9175
-0.105,7305
1.14,296
0.329,177
-0.0495,6444
0.0687,3018
-0.0244,6454
0.0126,4868
-0.124,8659
-0.0267,5575
-0.14,7941
0.0142,4274
0.0742,879
0.0281,4378
-0.413,10456
0.0511,2846
0.0301,4342
0.0916,2280
-0.0501,7239
-0.0344,6390
-0.0651,7224
0.0211,4194
-0.296,9127
0.143,1433
-0.0188,6598
-0.293,10339
-0.0645,7576
0.0877,3306
-0.228,10012
-0.072,9234
0.026,3573
-0.122,8492
-0.185,9762
-0.0734,6826
0.148,890
-0.0497,6503
0.0234,3801
0.00604,4938
-0.13,8226
0.0331,4228
0.24,1303
-0.0295,6376
-0.0333,6872
-0.0152,5611
-0.0639,7031
-0.013,5633
0.113,1504
0.00705,4525
0.0314,3547
0.191,926
-0.565,10456
-0.0399,7322
0.0853,3730
-0.218,9261
0.0751,2966
0.0918,3473
-0.213,10224
-0.0621,7918
0.0845,3532
-0.227,10029
-0.0445,7042
-0.119,8890
-0.426,10396
-0.217,9970
0.163,1167
0.132,1412
0.0267,4117
-0.036,5784
0.215,1713
-0.0402,5786
0.0226,4315
-0.128,8870
0.309,128
0.07,3612
-0.0743,8013
-0.131,8717
0.0846,2852
0.0332,3806
-0.0264,5606
-0.0762,7300
0.124,1429
0.0437,3852
-0.0387,5661
0.0211,4509
-0.0232,5648
0.455,156
-0.0558,5963
-0.0315,6369
0.0944,2875
0.00876,4802
0.119,1661
0.196,825
-0.0938,7424
-0.155,8054
-0.226,8142
-0.132,9562
0.17,1357
-0.215,10311
-0.0663,7640
-0.324,10098
0.108,2855
0.0973,2471
-0.123,9421
-0.0669,6431
0.0918,2954
-0.911,10383
-0.23,9242
-0.0423,5911
-0.0972,8317
-0.0241,5605
-0.0953,9190
0.155,1348
0.213,252
0.0823,1742
-0.0137,5285
-0.0475,6676
-0.224,10041
-0.106,5703
0.0836,2140
-0.032,6616
-0.0734,6626
-0.14,8735
0.135,2570
0.0428,3975
0.00265,4823
0.229,612
0.401,158
-0.197,8771
-0.0348,5849
-0.0565,6274
0.233,421
-0.00234,4942
0.096,2996
0.181,392
0.179,842
0.106,2875
0.0192,4168
-0.00876,5309
0.0262,4291
0.0177,4483
0.129,1734
-0.164,8165
-0.0172,5886
0.00684,4713
0.422,1208
0.088,2691
-0.204,8278
0.0423,3667
0.00518,4896
0.113,2911
-0.268,9403
-0.136,8550
0.15,1321
0.0216,4670
0.0763,2960
-0.259,10438
-0.0541,6287
0.0572,3551
0.176,955
0.0189,4300
0.0596,2708
0.0163,4411
-0.426,10441
-0.0118,5398
-0.173,9373
0.146,1261
0.0433,3759
0.269,137
0.432,112
0.0283,3789
0.208,569
-0.0549,7189
0.0255,4224
-0.0225,5576
-0.229,8919
0.0268,4143
0.111,3089
-0.0584,7511
-0.17,10347
0.132,864
0.153,453
-0.127,8394
-0.0403,6786
-0.0765,8800
0.0459,2194
0.0689,3159
0.255,201
0.0448,3928
0.0471,4068
-0.165,8371
-0.197,9276
-0.0307,6182
-0.11,8083
-0.176,9363
-0.204,8820
0.0341,3478
0.183,1269
-0.118,8861
0.167,862
-0.065,6135
-0.356,10383
0.202,522
-0.0877,8327
0.28,313
-0.518,10475
0.259,371
-0.168,8469
-0.0472,6911
-0.12,8843
-0.26,10387
0.0534,3831
0.171,2263
-0.184,9265
0.0944,2338
0.0351,3867
-0.144,8356
-0.267,9506
0.116,2628
-0.208,9792
0.224,75
-0.0511,7171
-0.0358,5932
-0.214,10266
-0.172,9419
-0.0506,6431
0.103,1466
0.113,2588
-0.0227,5639
0.0793,1907
0.0797,2413
0.000659,4992
0.0612,2309
0.123,3417
-0.0451,5889
-1.34,10255
-0.331,6619
-0.0845,8298
0.202,1287
0.115,3223
0.22,1347
-0.205,10050
0.167,1134
-0.00694,5452
0.0212,3706
0.232,685
0.0821,2854
0.0843,3218
-0.128,8217
0.221,513
0.34,587
0.509,183
-0.0196,5568
-0.124,8254
-0.152,8058
0.152,1943
0.117,490
-0.105,6437
-0.134,8178
-0.00331,5060
0.0881,2816
-0.00156,5305
0.0607,3774
-0.0949,7846
-0.187,10449
0.286,2757
-0.0196,5966
0.104,1251
-0.043,7153
0.0533,2977
-0.0663,6314
0.105,2587
-0.0995,6733
0.124,337
-0.0591,7085
-0.0744,6524
0.00462,4780
0.0459,4407
0.112,2493
-0.0834,8326
0.0764,3275
-0.16,8409
-0.101,7642
-0.18,7392
-0.241,8636
0.0466,3440
0.108,2341
0.118,2714
0.247,457
0.271,5
0.114,2540
-0.00766,5435
-0.0902,7596
-0.0112,5340
-0.208,9663
0.11,3144
0.109,2537
0.114,1087
-0.014,5846
-0.00182,5300
-0.263,9798
0.248,750
0.124,2109
-0.0685,8742
-0.0452,7073
-0.203,8717
-0.145,8434
0.0454,3858
-0.1,9343
0.0452,3667
0.154,905
0.0892,3137
0.183,2470
0.171,2182
0.262,606
-0.0219,7481
-0.253,10416
-0.0864,7977
-0.558,10434
-0.107,9275
-0.196,8169
0.0528,2682
0.0234,3849
-0.172,8915
0.0238,4256
0.546,165
0.00577,5157
-0.0324,6634
-0.00228,5149
0.0939,1522
0.072,2009
0.00639,4837
0.071,3273
0.162,1659
0.047,3493
0.259,349
0.0829,2738
-0.239,8945
0.342,695
0.0311,3386
0.0448,3337
-0.155,9092
-0.0805,7111
-0.173,8786
-0.231,10399
-0.153,9447
-0.0758,7038
-0.345,10473
-0.338,10472
-0.579,10423
-0.296,10443
-0.22,10412
-0.0464,6678
0.0418,3284
-0.159,9623
-0.127,8563
-0.0775,6839
0.0844,2106
-0.262,10462
-0.029,5642
-0.14,8847
-0.149,8688
0.066,2985
-0.0821,8727
-0.0267,6390
-0.131,8742
0.191,1513
-0.0856,5454
0.0292,4157
-0.0196,6416
-0.141,10348
0.118,2752
-0.333,10386
0.28,1860
-0.0625,6823
0.0385,3568
0.259,785
-0.0388,6804
-0.107,7990
-0.0718,6177
0.0122,4600
-0.186,10040
-0.0578,7462
0.104,2267
-0.178,9556
-0.244,9750
0.128,734
-0.086,8052
0.0348,3334
0.12,1255
0.0203,4564
-5.43e-05,5056
0.0016,5105
0.0558,2118
-0.107,6858
0.0308,3954
0.0586,2016
-0.104,7255
-0.127,8556
0.102,1621
0.0163,4406
0.333,341
0.0705,2248
-0.0262,5472
0.195,1412
0.0568,2110
0.238,210
-0.271,8268
-0.086,7542
0.0375,3804
0.0494,4309
-0.388,10471
0.0545,1984
-0.103,8256
0.123,2813
-0.0538,7621
0.000376,5072
-0.277,10215
0.16,1161
0.167,1445
-0.0648,7591
0.135,1463
0.107,2040
0.123,323
-0.0947,7382
0.0158,4436
-0.129,9997
0.106,2283
-0.0414,5995
0.0558,2396
0.00361,4841
-0.182,8765
0.0526,3554
0.00554,4836
0.126,3023
-0.0016,5307
-0.072,9633
-0.155,8245
-0.0424,5631
-0.172,10298
0.191,1601
-0.211,10261
0.0739,2081
0.0459,3522
0.126,1426
-0.119,7972
-0.181,8155
-0.143,10200
0.0327,3423
0.112,2271
0.248,369
0.0144,4594
0.213,1686
-0.0107,5432
-0.00851,5504
-0.00378,5278
0.0469,3697
0.047,3462
0.0924,2520
-0.0319,6706
-0.146,9859
-0.058,6314
-0.036,6038
0.129,1419
0.14,1700
0.102,2499
0.202,844
0.37,542
-0.0482,6498
0.0596,2547
-0.101,7389
0.136,2297
-0.116,7874
0.0423,2653
-0.0297,5734
0.0151,4626
-0.0242,6153
-0.249,8968
-0.0694,6825
-0.203,9647
0.212,716
0.0503,2720
0.0582,2589
-0.181,10065
0.0895,2723
-0.0664,6620
-0.187,10355
-0.0572,7936
0.256,1098
0.0769,3236
0.178,1350
0.112,1025
0.0273,4062
-0.053,7001
-0.185,8938
-0.0228,5875
0.213,1228
-0.0154,6000
-0.101,9204
-0.162,9306
0.066,2788
-0.0636,7686
0.00623,4688
-0.079,8555
0.127,1432
0.0202,4227
0.0821,3384
-0.119,9540
-0.116,8656
-0.123,8572
0.186,614
-0.112,8211
-0.0782,5376
0.557,825
-0.208,9953
0.05,3468
0.0464,4243
-0.164,9082
-0.058,6862
-0.0353,6604
-0.0876,8398
-0.00617,5399
-0.0277,6887
-0.0732,8477
0.0699,2987
-0.0689,8248
0.0944,2421
-0.0573,6131
-0.0126,5404
0.0678,2510
0.0414,3686
-0.0602,7374
-0.171,9823
0.0616,3508
-0.00962,5810
-0.101,8235
0.00207,4994
-0.0153,5842
0.00754,4897
0.0234,4154
0.0203,3979
0.0456,3021
-0.134,9128
-0.0175,5667
-0.00414,5216
0.0888,3509
0.0634,3388
-0.0297,6736
0.198,2142
0.488,631
-0.0983,7588
-0.0451,6390
-0.0488,6050
-0.114,7521
-0.114,9222
0.0174,4393
-0.0489,6546
-0.166,9869
-0.0382,6664
-0.00616,5370
-0.662,8561
-0.722,9593
0.075,3777
0.0428,3920
0.0106,4734
-0.0553,7448
0.0643,2925
0.0206,4489
-0.00992,5348
0.061,3441
0.0791,2617
0.241,1280
-0.0932,7564
-0.0801,7862
0.182,386
-0.162,8747
-0.0443,5483
0.211,1162
0.144,2440
0.0251,3402
-0.111,9121
-0.107,8256
-0.0188,5631
-0.316,9939
0.072,2290
-0.159,9919
0.104,1460
0.228,608
0.0845,2427
-0.186,9787
0.0655,3276
0.0508,3334
0.0455,3010
-0.0676,8401
0.0187,4399
-0.143,8729
0.374,173
0.161,803
-0.0208,5482
-0.0167,5602
-0.0848,7447
0.952,251
-0.0469,6050
0.0702,2583
0.102,2345
0.0432,4081
0.444,45
-0.253,9184
0.0443,3912
-0.0692,7655
0.0827,2633
0.125,2242
-0.411,9196
0.347,420
-0.439,10430
0.158,888
0.113,455
-0.0222,5268
-0.0567,7438
0.103,1499
0.00284,4969
-0.107,8095
0.228,169
-0.222,9887
0.373,595
0.0452,3617
-0.0372,6069
-0.0144,5774
-0.0479,6734
0.04,4295
0.117,2369
-0.0516,7081
0.0581,3759
-0.0485,6433
-0.0586,6271
0.143,1037
-0.00827,5672
-0.00144,5567
-0.0909,7998
-0.0642,7475
0.196,814
-0.0796,7245
0.136,1098
0.0646,3920
0.268,2547
-0.0537,7072
-0.13,8980
0.281,633
0.0947,3124
0.0138,4585
-0.0109,5503
0.00235,4957
-0.065,7700
0.194,497
0.102,2999
-0.201,8423
0.0869,3078
-0.026,6338
-0.102,7686
0.0565,2547
-0.177,9261
0.099,2196
-0.107,7031
-0.0932,9349
0.0664,2985
0.396,73
-0.0443,6355
0.0845,2143
0.00761,4646
-0.101,8052
-0.00549,5209
-0.048,7089
-0.226,9493
-0.105,8244
-0.291,10275
-0.122,9179
0.0653,3171
0.131,2266
-0.0679,7415
-0.144,8754
-0.107,8849
0.113,998
0.0843,2237
-0.177,10085
0.642,1895
-0.143,7479
-0.069,6294
0.0294,4236
-0.0463,6763
0.0869,2470
0.41,607
0.0655,2778
-0.032,5307
-0.0049,5691
-0.163,9504
-0.269,9102
-0.0318,6003
-0.37,9439
0.301,1139
0.0453,2626
-0.142,8993
-0.192,9019
-0.12,7365
-0.313,9414
0.103,1461
0.193,60
-0.192,9809
0.00192,4932
0.0216,4366
-0.157,6990
0.0836,3225
0.216,662
0.0882,1719
-0.0891,7264
0.254,1750
-0.11,7952
0.0947,2399
0.0219,4201
0.0392,3880
-0.0197,5353
-0.251,9694
-0.699,10365
0.256,262
0.0375,4344
-0.0451,6190
-0.0832,8123
0.0271,4110
0.405,1721
-0.151,9097
0.0116,4700
0.0666,1409
0.116,1814
0.172,1792
0.053,4127
-0.0523,6241
-0.0759,8548
0.105,599
-0.374,10001
-0.165,8102
0.224,1465
0.412,317
0.0504,3032
0.0992,1799
-0.154,10052
0.011,4717
0.188,1031
-0.344,10363
0.0797,2138
0.245,665
-0.197,9848
-0.0819,7858
0.0972,2184
-0.226,8773
0.286,114
-0.0181,5600
-0.0119,5464
-0.179,9619
0.0354,4187
0.125,2049
-0.114,9231
0.164,1870
-0.0447,5487
0.178,654
-0.00796,5194
-0.107,7586
-0.0119,5489
0.0542,2438
-0.0938,8749
0.0878,2090
0.0532,3655
-0.213,7489
-0.117,9220
0.0377,3258
0.0591,3879
-0.239,10312
0.246,591
-0.0504,6531
0.0855,2603
-0.0895,9137
0.0668,2987
0.0742,3540
-0.166,10029
0.0485,4067
0.0752,2454
-0.0141,6104
0.207,918
0.394,801
-0.0587,6469
0.0537,3214
-0.133,9541
-0.0724,6736
-0.177,10093
-0.307,10356
-0.108,8105
0.0838,3334
-0.0864,7744
-0.0215,6238
0.161,1587
-0.00485,5312
-0.149,8388
-0.095,5535
0.0137,4432
-0.0494,7993
-0.0476,6297
-0.12,9332
0.032,4395
0.207,415
0.0411,3190
0.224,312
0.0403,3573
-0.314,7406
-0.143,8706
-0.41,10265
0.232,395
-0.112,7518
0.0206,4552
-0.057,7229
0.633,1761
-0.264,10348
0.105,1652
-0.0941,7543
0.0824,2985
0.0438,2890
-0.249,10090
0.522,1554
0.0029,5075
-0.00282,4978
-0.0721,7842
0.031,3663
-0.151,8561
0.0338,4093
-0.164,8676
-0.107,9601
0.121,1806
0.103,2125
0.0154,4439
-0.00552,5075
0.0349,3986
-0.0767,7910
0.063,3404
-0.115,9427
-0.0931,5528
0.0875,1930
0.0812,2623
0.628,7
0.261,734
0.104,2350
-0.314,8881
0.111,1506
-0.1,6839
-0.103,8046
-0.0752,6064
0.111,1159
0.443,266
0.0827,936
0.114,905
-0.0192,5629
0.178,452
0.282,14
0.0315,4153
0.0583,3497
-0.0122,5842
-0.00541,5113
0.357,479
-0.11,9464
0.035,4057
-0.0324,5810
0.197,2359
0.256,256
0.253,299
-0.128,9610
-0.0793,7322
-0.0841,6275
-0.0728,7674
0.226,1652
0.14,1944
-0.0253,5767
0.0406,4029
-0.0244,5953
-0.0229,6372
-0.0328,6694
0.183,2369
0.176,1987
0.104,3319
-0.141,8389
-0.101,9854
-0.101,9782
-0.188,8347
0.163,1211
-0.175,9929
-0.141,9583
-0.0213,6022
-0.109,9670
0.0193,4563
0.00428,5161
-0.685,10316
-0.0645,7982
0.243,271
0.106,664
0.284,718
0.0341,3336
-0.232,7345
-0.0161,5189
0.0462,3703
-0.0352,5148
0.0583,3363
-0.111,7942
0.181,2040
0.028,4218
0.00114,4909
-0.0728,7894
-0.0304,6334
-0.229,9913
-0.275,9778
0.0985,2237
0.154,278
-0.234,10193
0.216,490
-0.0235,5093
-0.301,9403
0.00562,4864
-0.0133,5690
0.0663,2481
0.123,1647
-0.0147,5479
0.397,47
0.111,2826
0.0373,3448
0.162,901
0.219,842
-0.0322,7394
-0.0194,5123
-0.00997,4943
-0.168,9270
0.33,136
0.0432,3808
0.0114,4911
-0.0277,5793
0.0997,2476
-0.169,9991
-0.0894,7162
-0.204,9501
0.175,744
-0.378,9644
0.194,714
0.217,104
-0.0357,6685
0.283,1157
0.00363,4907
0.0342,4363
0.0141,4569
0.0204,4007
0.0469,3256
-0.187,7704
-0.251,10272
0.259,1373
-0.17,8737
0.226,1748
0.111,1918
-0.113,9109
0.104,2249
-0.166,7911
-0.591,10462
0.0467,4111
0.0367,2822
0.0906,3113
0.171,741
-0.264,9335
0.0678,2378
-0.0384,6890
-0.127,8313
0.355,432
-0.165,8098
0.358,2218
-0.0254,5238
0.402,6
-0.0652,7774
0.0694,3261
-0.0151,4994
0.0694,3615
-0.0692,6362
0.219,592
0.114,1712
-0.274,10391
0.36,1048
-0.046,6469
-0.243,10218
-0.083,8092
-0.107,10224
-0.531,8339
-0.0422,5547
0.00912,4596
0.0428,2727
-0.0445,6952
-0.103,9303
-0.0994,7488
-0.207,9075
0.172,1174
0.301,535
-0.0986,8834
-0.103,8762
-0.00254,5132
-0.201,8972
0.154,2663
-0.0952,7198
0.097,1727
-0.108,8992
0.175,1570
0.0428,3707
0.0614,4061
-0.000333,5352
-0.0132,5446
0.0661,2831
0.0108,4649
-0.359,9610
-0.254,9429
0.0401,3780
-0.161,8685
0.0229,4434
-0.0412,5347
0.00969,4780
-0.0221,6062
-0.0926,6470
-0.0399,6015
-0.297,9903
-0.219,9066
-0.0149,5162
-0.053,7796
0.116,1400
0.0497,2913
0.0749,2120
0.321,69
-0.282,8684
-0.238,9698
-4.42e-05,4779
0.0731,2287
0.116,1326
-0.0782,7532
-0.205,8891
0.00863,4787
-0.0449,6380
0.0508,3768
-0.125,6868
-0.0684,7211
0.0951,3356
0.134,3078
0.0423,3956
-0.176,10133
0.0295,3803
0.0414,2960
-0.0584,6271
0.243,2046
-0.0394,5827
-0.194,9527
0.0309,4026
0.0549,3448
0.167,694
-0.101,7791
0.275,1160
-0.0676,8977
0.0942,1318
0.146,1601
0.0194,4270
0.169,2808
-0.032,5598
0.0292,3595
-0.209,9806
0.0806,2761
0.0217,4327
-0.274,10165
-0.2,8519
0.0651,3213
0.218,1346
-0.0178,5562
-0.237,10147
0.0338,3392
0.16,675
-0.0608,6565
-0.125,9027
0.0624,3262
0.00843,4882
-0.206,7031
-0.0909,9478
0.0746,3043
0.141,1761
0.0261,3969
0.143,1270
0.00196,5104
-0.0957,6439
-0.226,10430
-0.0819,8310
0.00625,4869
0.0778,2679
0.0631,2902
0.15,2304
-0.0371,6674
-0.068,7489
-0.106,8060
0.229,842
0.506,729
-0.0222,5400
0.2,208
-0.0864,7351
-0.154,6621
0.121,1970
0.343,84
0.0487,2988
0.0748,2728
-0.207,10273
-0.0245,5776
-0.386,9487
0.486,887
-0.166,9832
0.0263,3474
-0.122,9025
-0.0624,7146
-0.0396,6954
-0.0667,7856
0.0475,4132
-0.453,10474
-0.0593,7433
0.000328,5099
0.014,4515
-0.0793,8383
-0.0516,6362
-0.0228,6695
-0.102,8272
0.00849,4863
0.489,1316
-0.0232,5464
-0.188,9933
-0.435,9820
0.12,1553
-0.232,10401
-0.268,9567
0.534,183
0.104,2328
-0.0717,8060
0.0726,1931
-0.128,6836
0.199,921
0.229,682
-0.0486,6976
-0.0427,7245
-0.0573,8058
-0.235,9285
0.153,1287
-0.39,9129
-0.0543,7488
-0.105,8867
0.26,185
0.806,49
-0.0941,7697
-0.101,8227
0.00992,4749
0.00565,4831
-0.0368,6319
0.122,2223
0.516,1096
-0.155,7213
-0.0978,7959
-0.198,10387
-0.0505,7037
0.143,1493
-0.0077,5001
-0.311,10061
0.0573,3714
0.217,491
0.0761,1998
-0.0464,5637
0.0251,4117
-0.006,5134
-0.0921,9374
-0.232,9943
0.582,200
-0.0623,7941
-0.0678,8333
0.0243,4327
-0.108,10251
-0.172,8695
0.0917,1045
0.0825,1851
-0.116,8616
0.24,559
0.0173,4358
0.209,1039
-0.182,9117
-0.199,10147
0.242,989
-0.16,9655
-0.272,8689
1.29,32
-0.109,5901
-0.152,8148
0.0797,2385
0.393,1112
0.0703,3277
-0.0797,8147
0.0313,4009
-0.0872,8029
-0.0118,5642
0.055,3390
-0.26,7598
-0.027,6535
0.0953,2480
-0.389,10275
-0.0967,7232
0.322,1048
-0.113,6596
-0.0348,6775
-0.00383,5277
0.0731,2494
-0.261,10415
-0.104,8411
-0.147,7861
0.00882,4565
0.0865,1902
0.0878,3625
-0.0041,5167
-0.245,9628
0.0552,3212
0.0586,2650
0.127,1698
-0.188,9131
0.169,985
-0.281,8180
-0.329,10359
0.102,1093
0.0853,2664
0.0746,3019
0.00827,4828
0.0637,3130
0.00164,4906
-0.0168,5696
-0.0812,8662
0.0724,3388
0.0129,4847
0.166,3125
0.0106,4708
0.0449,3927
-0.00765,5249
-0.0635,6702
0.171,1470
0.112,1997
-0.502,10080
0.24,1031
0.216,267
-0.103,8382
-0.0246,5962
-0.0253,5954
-0.0945,7337
-0.0253,6169
-0.352,10415
0.0949,2305
-0.263,8379
0.147,714
0.00107,4992
-0.134,8826
-0.0999,8696
0.0574,3405
0.0523,3472
0.304,413
0.0279,4256
-0.167,10006
0.00567,4979
-0.476,6897
-0.129,7803
-0.116,9495
0.073,3412
-0.0658,8413
0.178,3165
0.0131,4432
-0.145,8780
-0.085,9427
0.337,2710
0.0294,4472
-0.038,5666
0.491,184
-0.00122,5120
-0.00508,5172
-0.102,8180
-0.066,7004
-0.179,7344
0.0264,4244
0.0969,1129
-0.0418,7899
0.124,1351
-0.133,7885
-0.111,9250
-0.109,7304
-0.0332,6702
-0.00274,5391
0.112,2746
0.0784,1919
-0.436,9576
-0.207,9774
-0.0897,7296
0.135,2489
-0.0624,6242
0.0225,4436
-0.0664,7133
-0.374,8857
-0.215,10078
-0.148,8250
-0.0408,6156
0.0208,4167
0.127,3149
-0.232,10351
0.151,1404
0.125,1261
0.0311,3871
-0.0207,5422
0.126,2947
0.106,2161
0.00403,4947
-0.00514,5287
0.666,293
-0.00769,5012
-0.0317,6039
0.0761,3051
0.074,3279
0.054,3273
-0.0763,7330
-0.129,7524
0.153,2579
0.154,1637
-0.0602,9349
-0.0506,7234
-0.248,10272
0.0666,3511
0.513,91
0.419,155
0.0675,3358
-0.143,9454
0.0331,4070
-0.126,8016
0.153,1818
-0.0739,5775
0.00366,4993
0.4,479
0.0901,2506
-0.0824,7625
-0.0606,6955
0.021,4494
-0.129,9928
-0.129,10016
0.139,1057
-0.0384,5716
-0.095,6905
0.159,2940
0.135,604
0.0318,3859
0.00505,4639
-0.246,9598
0.0796,3376
-0.192,8723
0.0548,1753
-0.0764,6541
0.0767,2362
-0.122,8468
0.082,3228
-0.0476,5696
0.0246,3994
0.0684,2561
-0.82,10467
0.0133,4662
0.0988,3143
0.0957,2323
0.349,25
0.123,1623
0.00638,4516
0.128,566
0.0506,2877
-0.026,6093
-0.0936,9277
0.0756,2130
-0.39,10432
-0.288,9122
-0.0705,6165
-0.00855,5235
0.0892,1879
0.0357,3663
0.118,900
0.00383,5003
0.613,181
-0.0848,8215
-0.0372,7276
0.122,1700
-0.118,8536
-0.147,8387
0.0753,3550
0.00398,4945
0.0294,4261
-0.00394,5060
0.26,1830
-0.25,9791
0.0235,4531
-0.166,10092
-0.175,9704
0.0336,3760
0.201,949
-0.0487,6119
0.0234,4231
0.347,133
0.0697,2390
-0.109,9498
0.115,2138
-0.525,10322
0.0753,3702
-0.0748,7352
-0.0252,6589
-0.339,10383
0.0884,1401
-0.242,10179
-0.152,9198
0.0875,3213
-0.0828,6802
0.229,460
-0.00916,5592
0.0593,3335
0.281,750
0.0481,3671
0.341,946
-0.105,9899
0.0901,2719
0.272,1503
0.102,2214
-0.0645,7130
0.436,828
-0.0344,7017
-0.0771,7927
-0.0216,5884
0.159,1330
-0.0142,5313
0.0293,4018
-0.0176,5741
-0.0713,7345
0.0348,4240
-0.0425,6118
0.174,2786
0.087,2146
0.115,1916
-0.0532,7233
-0.255,10378
0.174,575
0.0725,3069
0.805,6
0.108,2628
-0.0388,6038
-0.123,8356
0.119,2407
0.1,3327
-0.273,9133
0.0499,3233
-0.00497,5385
-0.0172,5728
0.158,1096
0.329,558
-0.0946,8085
-0.258,8651
-0.0558,7124
0.0132,4581
-0.0313,6230
-0.113,7984
-0.0898,7667
0.115,139
-0.133,8437
0.0242,3997
-0.11,7630
-0.188,9998
-0.272,10027
-0.0921,6743
0.1,1287
0.0974,2001
-0.0166,5603
-0.0779,6887
0.328,576
-0.168,8472
-0.296,10247
-0.0246,6167
0.127,2163
0.0999,2238
0.263,792
0.00805,4697
-0.211,9480
0.0925,1882
-0.205,9751
0.168,2028
-0.0259,5828
-0.252,9007
-0.0171,5961
-0.00352,5017
0.165,2161
0.184,631
0.403,1372
0.282,1757
0.329,6
-0.116,8912
-0.0161,5352
0.138,1863
-0.238,9917
0.0658,3878
0.103,1061
-0.166,9293
-0.0603,7346
0.0887,2913
-0.0676,7437
0.149,3531
0.0524,2430
0.0147,4395
0.17,1628
-0.179,9593
0.0984,1646
0.364,626
0.152,353
0.0213,3775
0.1,2774
-0.0746,7658
-0.211,8959
-0.133,7862
0.237,1267
0.555,205
-0.0998,6994
0.138,2220
0.255,1303
-0.169,9381
0.0488,3306
0.0537,3080
0.182,2385
-0.279,10252
0.126,2545
-0.122,8960
0.0941,987
0.0617,2217
-0.0605,7074
0.229,1284
0.575,1511
0.094,3230
0.00677,4832
-0.199,9480
0.274,1643
0.0792,3194
0.0497,4042
-0.146,8409
-0.116,8307
0.00622,4917
-0.0953,6892
0.0148,4607
0.14,1405
-0.165,9450
-0.0279,6394
0.079,3428
1.22,263
0.132,1724
-0.0471,6150
0.141,2384
0.0514,3993
-0.0439,7422
0.236,474
0.221,65
0.0869,1705
-0.0285,5814
-0.0132,6059
-0.142,9355
0.158,1845
0.181,1513
-0.014,5199
-0.0851,6264
-0.0787,6123
0.0245,3734
0.344,180
0.274,290
-0.113,8675
-0.112,7575
0.00874,4713
0.269,687
-0.131,7616
0.00497,5008
0.0459,3695
-0.0499,6924
-0.0157,5818
-0.0665,7830
0.0902,3201
-0.153,8719
-0.128,8627
-0.125,7901
0.473,16
-0.0301,6173
-0.0947,7455
0.11,2448
0.404,1008
0.322,1604
0.148,1800
0.151,2117
-0.000665,5061
0.0768,2600
-0.0239,5760
-0.0085,5060
0.025,3986
-0.164,10097
-0.106,8201
0.259,520
-0.0275,5643
-0.0904,7452
-0.013,5613
-0.0962,7906
0.548,111
-0.103,8805
0.124,2393
0.237,1422
-0.135,10450
0.057,3571
0.108,2181
0.147,1383
-0.215,9657
-0.319,8766
0.0847,2815
0.0523,2477
0.224,539
0.0125,4530
0.0757,3342
0.0805,2807
-0.684,10454
-0.000542,5088
0.0408,3911
-0.0397,6928
-0.342,9799
-0.15,8076
-0.197,8636
0.0701,3356
-0.139,8198
0.167,2113
0.0593,3325
-0.0625,7182
-0.0667,7963
0.215,99
0.05,3789
0.0486,3959
-0.111,6996
-0.18,8464
0.0256,4314
-0.0468,8235
0.0496,3280
0.148,1219
0.0521,4058
-0.216,9977
0.00336,5030
-0.0257,5761
-0.012,5336
0.188,1693
-0.327,10250
-0.0395,6467
0.082,1938
-0.088,9583
0.0348,4110
0.111,2620
-0.145,8653
-0.283,9668
0.561,39
-0.252,10351
0.163,872
-0.0363,5482
0.174,1999
0.0177,4521
0.122,975
-0.155,8522
0.172,1638
-0.0077,5563
-0.288,10225
-0.018,5819
-0.0245,6185
0.000423,4847
0.00896,4840
-0.0879,7074
-0.000634,4840
-0.0948,6737
-0.00152,4889
-0.0908,7226
0.0868,2149
-0.0243,5427
0.0805,1623
-0.201,8856
-0.161,9427
0.309,369
0.0447,3618
-0.119,9254
0.141,1333
-0.0882,6413
0.0619,3372
0.0803,3400
-0.132,8621
0.142,1327
0.0497,3513
-0.081,7107
-0.104,8638
-0.0926,9751
0.0969,1643
0.0103,4525
-0.237,9137
0.0211,3941
0.018,4107
0.0805,2792
0.0988,2592
0.0979,2459
-0.202,8910
-0.2,8757
0.0337,3665
-0.129,9719
0.352,393
-0.164,9401
-0.0123,5622
-0.0124,5681
-0.0311,7423
0.00954,4615
2.19,480
0.0941,3616
-0.0811,7377
0.155,1632
-0.000168,5143
0.00393,5153
0.151,2767
-0.0416,5921
-0.00126,4844
0.0643,3329
0.0185,4238
-0.0995,7464
-0.00538,5338
0.084,3746
-0.106,6389
-0.0824,7910
-0.0818,7465
0.158,1530
0.0742,1498
-0.238,9822
-0.189,9489
-0.119,7831
0.0812,1582
-0.17,9528
0.167,630
0.0393,4161
-0.221,7937
-0.00344,5213
0.216,376
-0.0198,6024
0.0761,2675
0.183,781
-0.302,10309
-0.0201,6069
-0.518,10369
0.143,1683
0.00727,4689
0.0234,4614
0.0439,4177
-0.229,10165
-0.101,8383
-0.0109,5445
0.183,1495
0.00788,4679
0.142,956
0.0334,3910
-0.0484,7721
-0.1,7064
0.0239,4450
-0.0115,5065
-0.137,9022
0.0548,1591
0.172,835
0.0493,3451
0.0401,3160
-0.0643,7453
0.146,1572
0.103,2095
-0.114,8614
0.134,1882
-0.184,9130
-0.12,7935
-0.0654,7163
0.0722,3364
-0.184,9321
-0.108,9371
0.053,3559
0.255,638
-0.135,7829
0.0515,2694
-0.324,9934
0.0878,1945
-0.172,9251
0.322,487
-0.0468,5840
0.0304,4161
-0.122,9758
0.0914,1869
0.5,333
0.467,874
-0.171,6771
-1.63e-06,5116
-0.13,8873
-0.0751,6641
0.0677,3198
0.0172,4234
-0.472,9974
0.00678,4840
-0.031,5859
0.0227,4266
0.0527,2752
0.0311,4204
-0.0181,5670
0.0212,4131
-0.0231,5998
-0.181,8950
-0.0667,7253
-0.159,7038
-0.085,7058
-0.116,9599
-0.0969,7620
0.0839,2126
0.0522,3748
-0.284,6761
0.183,2777
-0.0882,9092
-0.383,9968
0.0144,4407
-0.172,9066
-0.143,7458
-0.0469,5293
0.0555,3018
0.318,1541
-0.0886,6090
-0.044,6701
-0.118,6614
0.0352,3978
-0.141,10033
0.0169,4517
-0.111,8870
-0.0238,5197
-0.103,8280
-0.11,8493
0.02,3946
-0.106,8962
0.206,1669
0.291,968
-0.198,9510
0.0698,3798
0.108,2057
0.0541,3354
-0.117,8284
-0.0445,6053
-0.101,8388
0.0438,4027
-0.0955,9236
-0.023,5812
0.0644,2822
0.0736,2005
-0.228,9030
0.189,1624
0.0561,3385
0.00415,4848
-0.0553,7201
-0.0386,6339
0.223,366
-0.433,10026
-0.0129,5716
0.0138,4444
0.0477,3453
-0.107,7963
-0.302,10354
-0.202,9708
0.275,380
-0.00701,5558
0.17,2148
0.0773,3483
0.188,430
0.0266,4518
-0.212,10290
0.149,246
-0.103,7633
-0.0647,6316
0.00276,4801
0.0447,4255
-0.176,10187
-0.0911,7877
-0.139,6775
0.0124,4499
-0.159,9281
0.0944,1942
0.114,1616
-0.0721,8016
-0.000218,5156
0.0347,4150
0.0928,3209
0.424,646
-0.135,8431
0.00775,4750
-0.0918,9189
-0.0284,6684
-0.145,7558
0.0611,2889
-0.131,7969
-0.067,7817
-0.142,9856
-0.0887,7098
0.0735,1676
-0.162,9453
0.0989,2136
-0.17,9786
-0.0348,5503
0.0886,2034
0.336,1199
0.0977,3003
-0.0462,7661
-0.11,9777
0.257,398
-0.0619,7063
-0.126,10047
0.101,3027
0.144,1192
0.148,776
0.102,2723
-0.11,8163
0.141,1475
-0.278,10043
-0.259,10406
0.00489,4743
0.188,709
-0.00632,5283
0.164,2180
0.191,620
-0.09,8653
-0.00947,5161
-0.0699,6482
0.111,1735
-0.0021,5116
-0.343,10402
0.0171,4206
0.0897,667
-0.0132,5362
-0.013,5684
0.155,1501
-0.0605,6650
0.0349,3705
0.044,2374
0.0624,3058
-0.258,10332
-0.202,9816
-0.648,10266
0.0915,2333
0.169,270
0.0924,3311
-0.0277,6728
-0.0253,5779
0.0829,2827
-0.252,9907
0.0716,2311
-0.141,8793
0.167,1235
-0.162,8727
-0.346,8986
-0.2,8101
-0.215,10145
-0.0944,6345
-0.0121,5515
0.0204,4482
0.243,1618
-0.0487,6615
0.104,1637
0.393,295
-0.11,6694
-0.365,10409
-0.0441,6697
-0.0575,7849
0.0403,3211
0.0407,3678
-0.392,10323
0.131,1634
0.0823,3870
-0.17,8569
0.00577,4797
-0.321,9784
0.166,1504
0.445,733
-0.0759,6268
0.168,1371
-0.0498,7694
0.0957,1472
0.137,689
0.294,510
-0.301,9590
-0.167,9991
-0.188,8831
0.0243,4618
-0.106,7483
-0.137,7945
0.216,510
-0.12,8137
0.136,393
-0.0463,6240
-0.196,9598
0.0801,3214
-0.108,8076
0.102,1327
0.0795,968
-0.0739,7439
-0.133,6033
0.0754,3299
0.272,785
-0.0155,6401
-0.0765,8288
0.103,2423
-0.0478,6903
-0.096,7470
-0.231,9369
0.0995,2244
0.00101,5314
-0.0581,7166
0.0813,1476
-0.0299,5999
-0.0294,6205
0.186,494
-0.116,8611
0.122,2473
0.359,1555
0.216,2036
-0.0378,6835
-0.0639,7579
0.216,1095
-0.147,8049
-0.045,5906
1.18,764
-0.0594,5779
-0.0414,6639
0.04,3482
0.218,767
-0.0776,6831
-0.141,6926
-0.0135,5363
0.13,1874
-0.253,10322
0.0373,3941
-0.0696,7231
0.628,245
-0.0334,6790
0.0189,4203
-0.0362,6347
0.067,2898
0.0701,3802
0.386,343
-0.0608,5138
-0.00605,5247
-0.0223,6079
-0.187,9236
-0.11,8366
-0.257,9661
-0.164,8631
0.115,1866
-0.0408,7314
-0.172,9891
0.211,733
0.141,2004
0.0227,4333
0.1,818
-0.127,9954
-0.149,8646
-0.0761,7573
0.0718,1237
-0.296,9917
0.0966,1976
-0.168,10194
0.0678,3281
0.259,1360
0.147,2288
-0.0234,6354
0.0356,3578
0.0518,3044
-0.0166,6072
0.0341,3733
-0.102,8270
-0.412,9138
-0.0403,6558
-0.00395,5128
-0.00272,5249
0.0962,1551
-0.125,8603
-0.0107,5710
-0.0648,9864
0.219,290
-0.0273,6012
-0.0996,7933
-0.00362,4918
-0.0673,5506
-0.0433,6295
-0.0661,7718
-0.061,6034
0.27,1366
-0.0165,5757
0.324,1211
-0.111,7494
-0.0204,5907
0.0646,2927
-0.12,7762
0.0357,3924
0.0119,4595
0.00394,4925
0.00699,4996
-0.187,8619
-0.0236,5564
0.132,2169
-0.155,8030
0.499,233
0.118,961
2.78e-16,1525
