coef,rank
-0.381,7903
0.16,2163
0.334,456
-0.267,8551
-0.254,7433
0.206,870
0.0124,4477
0.0572,3506
0.241,906
0.00786,4798
0.095,2113
0.25,39
0.0202,4422
0.498,82
0.0849,3637
-0.222,6024
-0.0112,5966
-0.0531,8446
-0.0587,6996
-0.0897,7962
-0.21,9213
1.03,76
0.0249,4275
-0.0146,5501
-0.261,8612
-0.247,9563
0.0505,3216
-0.486,8437
0.104,2936
0.00548,4940
0.184,1103
-0.323,9145
-0.0644,6600
0.138,2953
-0.0539,6928
-0.000179,5059
-0.0521,7113
-0.263,9452
-0.0889,7523
0.0342,3887
0.032,3482
0.0071,4826
-0.0427,6053
-0.0839,8241
-0.0638,6586
-0.085,6820
0.00797,4401
0.111,394
-0.0962,6980
0.0495,3356
0.146,1514
-0.0554,6166
-0.0174,5664
0.00659,4741
-0.000328,5380
-0.0178,5437
-0.362,8785
0.213,1347
-0.0558,8046
-0.102,9021
-0.191,8901
0.0247,4173
0.0547,2911
0.049,2452
0.217,173
-0.0638,8022
-0.0856,8645
0.199,384
-0.0354,6083
1.06,237
-0.111,9429
0.0514,3072
0.134,1793
-0.0412,5923
0.0617,3980
-0.138,9256
0.0474,3329
-0.00122,4990
-0.0591,7735
-0.0517,7074
0.65,853
0.00875,4543
-0.0641,8378
-0.00782,5349
0.141,1384
0.0982,3180
0.0103,4792
0.0125,4588
-0.116,9876
0.0443,2676
0.0724,3459
0.0263,4391
0.0211,4648
-0.0525,6320
-0.182,9225
0.093,1570
-0.261,9352
-0.0813,8480
-0.0253,6033
0.139,1637
0.122,943
0.15,1073
-0.0277,6216
0.0406,4022
-0.00165,4954
-0.0468,6103
0.407,412
-0.098,7535
-0.0825,7068
0.112,2395
0.416,1069
0.279,529
-0.137,10049
0.0484,2451
0.0594,3593
0.0754,2737
-0.145,9854
0.0158,4378
0.108,2394
-0.00994,5434
0.0116,4722
-0.12,9691
-0.292,9403
0.0249,4526
-0.0293,6392
0.0739,3679
0.0741,3470
-0.0339,5839
0.0433,3819
-0.24,10141
-0.0637,7845
0.0404,4097
0.0462,4026
0.0841,2455
-0.42,6469
0.265,1594
-0.123,9399
-0.00517,5263
-0.0841,5894
-0.0496,7620
0.0504,3874
0.114,2254
0.0808,2627
-0.0752,8124
-0.357,10365
0.153,1995
-0.138,9823
-0.104,7176
0.0516,3429
0.19,235
0.0734,3729
0.232,732
0.392,648
-0.0885,7639
0.265,393
0.0122,4688
-0.281,9616
-0.0924,7944
0.0384,3980
0.167,1227
0.101,2766
-0.112,9985
-0.23,10035
0.0309,4405
0.132,982
-0.0382,7040
-0.0365,6318
0.0648,2631
0.141,1661
0.196,1940
-0.133,9466
-0.199,10368
-0.00238,5344
-0.114,8683
0.00467,4771
-0.0669,6502
0.11,3378
-0.0839,9504
0.0222,4038
-0.0516,6330
-0.193,10288
-0.0672,8134
0.0948,1113
0.0929,351
0.156,941
0.101,1556
-0.0381,6087
0.018,4480
-0.236,7812
-0.084,8397
0.0471,3260
0.00326,4948
0.0934,2099
0.487,44
-0.158,7629
-0.0435,7002
-0.0891,7704
0.299,1034
-0.0436,7579
0.0576,3655
0.185,932
0.0503,3990
-0.146,10104
-0.167,8861
0.0382,4113
0.0102,4831
-0.0809,7482
-0.159,8600
-0.0756,8082
-0.0108,5697
-0.0592,7642
-0.0288,5802
0.215,928
-0.0506,6224
0.175,31
0.106,1322
-0.217,10039
-0.0746,7166
-0.21,8413
-0.556,7689
0.0576,3565
0.121,780
0.134,286
0.208,1268
0.00827,4736
0.0162,4488
0.183,621
0.00696,4631
0.0797,1530
-0.126,7423
0.0119,4627
-0.082,6518
-0.0136,5438
0.00573,4717
0.209,897
-0.0991,7643
-0.254,7580
0.132,1891
-0.102,7061
0.346,1503
-0.0375,5576
-0.0534,7256
-0.175,9995
0.019,4366
-0.0152,5492
-0.151,8907
0.256,1018
0.124,1407
0.325,458
-0.00696,5416
-0.0498,7960
-0.265,9348
1.15,3
0.272,1097
0.0299,4469
0.135,1404
-0.125,9295
0.111,1636
0.124,1892
-0.266,10213
0.0375,3941
-0.104,8868
-0.0087,5498
-0.185,8515
-0.0988,8320
-0.156,8849
-0.135,6230
0.0478,3993
0.0871,733
-0.0433,6350
-0.276,10414
0.0651,3379
0.00685,4989
0.185,746
0.197,1451
0.155,1224
0.0166,4498
-0.22,9361
-0.0347,6288
-0.032,6039
0.203,1363
-0.103,7770
0.0259,4486
-0.0493,6227
0.0227,4303
-0.109,9700
0.092,2627
-0.241,9725
-0.126,7917
-0.025,5313
-0.349,9935
-0.0272,6658
0.202,261
-0.267,9176
0.118,1552
-0.195,9213
0.147,2784
-0.133,9014
-0.0886,8161
0.204,912
-0.277,10343
0.0523,3813
0.053,4152
-0.0503,7407
0.0305,4582
-0.00227,5232
-0.0675,5657
0.158,2116
-0.141,9822
-0.0621,8413
-0.138,9315
0.0459,3851
-0.088,6357
0.0426,4167
-0.000693,5073
0.151,2912
-0.105,7640
-0.0298,5350
-0.0408,6417
0.0384,4122
0.798,119
-0.0376,7039
0.0568,3186
-0.0983,8759
-0.0606,6699
-0.0315,6696
1.2,97
-0.09,9101
0.0149,4438
-0.0482,6088
-0.155,8628
0.309,576
-0.313,5213
0.0379,3603
-0.0159,5937
-0.0455,6673
-0.0849,8464
0.209,326
0.401,605
-0.044,7304
-0.35,6074
0.0976,3178
0.03,3352
-0.0599,8295
0.0272,4457
-0.112,9518
0.039,3873
-0.733,8144
0.216,2852
-0.0831,3781
-0.338,6047
1.21,516
-0.03,5521
-0.106,7118
0.0691,3142
-0.0109,5099
-0.0669,8655
0.00573,4536
-0.422,8084
-0.0323,5618
-0.0592,6142
0.748,330
-0.0321,5892
-0.0851,9021
0.189,2443
-0.00923,5154
0.037,3918
-0.0218,5783
0.0183,4629
-0.141,9890
0.141,1666
-0.162,8501
-0.025,5680
-0.0419,5567
0.108,2427
-0.036,6561
-0.0302,5675
-0.0558,8402
-0.0404,6272
0.377,1841
-0.00825,5550
0.0168,4114
0.0436,3846
-0.0428,6422
0.146,2579
-0.0959,7891
0.101,2270
0.117,1434
0.0276,4118
0.0561,3968
0.00404,4903
-0.159,7770
-0.283,10166
-0.0139,5790
0.0649,3905
-0.0614,7339
-0.0589,6543
0.0511,3551
-0.00932,5407
-0.107,8879
0.0689,2955
0.152,2239
0.0144,4581
-0.752,10321
0.00336,4719
0.11,1481
-0.104,7137
0.0835,3469
0.0204,4580
0.353,319
0.0667,2258
-0.029,6936
-0.0402,9836
0.107,2112
0.0827,3542
-0.117,8493
0.0275,4352
-0.043,7595
-0.11,8088
-0.134,8228
-0.0794,7512
-0.235,9436
0.108,2816
0.0451,3134
-0.286,10354
-0.248,9617
0.0248,4520
0.265,370
-0.0385,7070
-0.0725,8135
0.286,605
0.078,2722
-0.0629,6698
0.0399,3781
-0.0839,6898
-0.157,9777
0.0422,2857
0.22,2707
-0.0653,6130
0.00381,4970
0.378,1096
0.102,1411
0.399,39
0.0474,3837
0.00604,4849
-0.0614,6271
-0.2,8854
0.0166,4513
-0.308,9657
-0.1,6573
0.0595,3648
0.136,2087
0.0275,4266
-0.0939,8632
-0.0828,9435
-0.164,8846
-0.0533,6653
-0.0969,7608
0.0478,3851
-0.136,9603
0.168,1736
-0.0727,6836
0.158,2275
-0.0819,7254
-0.0292,5829
0.0487,3494
0.0211,4416
-0.0361,5804
0.105,2632
-0.0218,5998
-0.144,9065
0.111,2120
0.209,1332
-0.0358,6640
0.133,2726
0.116,1770
-0.203,9868
-0.0629,7761
-0.0953,6637
-0.0223,6212
-0.167,8802
-0.333,10253
-0.161,9543
0.0682,2785
0.00873,4732
0.158,689
-0.113,9175
0.117,1651
-0.0218,5638
0.0183,3376
-0.148,9377
0.115,1367
-0.241,8696
-0.342,9516
0.014,4574
0.0428,3812
-0.117,9169
-0.101,7836
-0.275,10306
-0.157,8038
-0.0287,6279
0.0932,824
0.0732,2416
0.215,1870
0.147,1300
-0.352,9515
0.145,2638
-0.116,7373
0.0225,4033
-0.374,8987
0.0531,4004
0.222,1796
0.351,1375
0.139,395
-0.0519,7645
-0.136,9557
0.108,1917
-0.0644,6173
0.00932,5061
0.21,119
0.0034,4965
-0.187,7814
0.0674,3611
-0.00393,5085
-0.257,8278
-0.0636,8184
-0.02,5730
-0.0738,7313
-0.157,9691
-0.107,8402
-0.002,4942
0.00878,4933
-0.0627,8870
-0.276,6170
-0.37,6003
-0.219,6842
-0.171,9339
0.0884,3081
-0.142,9530
-0.112,7681
0.494,82
0.0522,3456
0.101,2156
-0.00526,5241
0.0688,3186
-0.0604,7297
-0.534,9629
-0.479,9463
0.108,1365
-0.0461,6052
0.183,625
0.027,4570
0.0169,4533
0.0809,2912
0.0574,3495
-0.267,10180
-0.135,8934
-0.0811,8199
0.0447,3925
-0.104,8150
0.0348,3619
-0.135,9309
0.0719,2610
0.0392,3678
-0.112,7534
0.00204,4856
0.112,1551
-0.0413,6107
0.154,1494
-0.0613,6803
0.0307,4220
-0.215,9704
0.092,2448
-0.0644,8116
-0.268,8738
0.107,1875
0.189,1901
-0.0413,5559
0.109,1456
0.0165,4307
-0.16,8164
-0.0116,5547
0.133,851
-0.208,8878
-0.11,9192
0.000712,5127
-0.11,8337
-0.0244,6184
-0.244,9393
-0.302,9214
-0.0464,8001
-0.238,10169
-0.232,9618
-0.199,9564
-0.0431,6506
0.0821,2262
-0.0311,6159
0.0811,2189
0.0449,4070
-0.0203,5266
-0.02,5703
-0.0611,6461
-0.0319,5987
0.107,1144
-0.174,8515
-0.0512,7524
0.281,1320
-0.46,10389
-0.0542,6896
-0.0763,7914
0.0139,4826
-0.035,6466
0.0655,3548
-0.39,10402
-0.0673,7289
-0.07,7985
0.0948,1229
0.121,1931
-0.107,8549
0.0174,4545
0.0799,2047
0.0729,3295
-0.134,9808
-0.223,5464
0.0793,3966
-0.124,9232
0.0563,2367
-0.0133,5721
-0.0113,5740
-0.321,9929
-0.236,10067
0.0164,4516
0.213,5
-0.0509,7122
-0.253,9947
-0.242,9164
0.309,490
0.0694,3094
-0.145,8479
1.58,382
0.0249,4201
-0.0822,6438
0.134,2005
-0.142,9903
0.01,4412
0.319,3063
-0.15,9842
0.634,263
-0.0274,5525
0.0477,2723
0.0383,4171
-0.212,5978
-0.711,9486
0.095,3320
0.654,81
0.0278,4333
0.0984,3036
0.0398,4275
-0.0454,8069
-0.0345,5888
0.0217,4728
-0.16,6143
0.121,992
-0.0535,6800
-0.0513,7473
0.135,2387
-0.0317,6308
0.338,1134
0.0908,1874
0.238,423
-0.0542,7063
-0.254,9790
-0.0896,6503
0.0638,3646
0.0422,4113
-0.0143,5799
0.00662,5013
-0.0352,5782
-0.0885,8930
0.0674,3673
-0.162,7900
-0.124,9291
0.329,538
0.181,1646
-0.355,8064
0.0211,4461
-0.014,5451
-0.0571,6609
0.0214,4168
0.135,2415
0.0544,4081
-0.127,8118
0.447,509
0.04,3935
-0.145,9052
0.11,2031
0.151,3476
-0.0422,6116
-0.00412,5092
0.00546,4731
0.0769,2711
-0.0297,6381
0.0543,3493
-0.189,7848
-0.538,9195
-0.105,9129
0.0926,1511
-0.0336,6670
-0.0523,6136
0.0462,2653
-0.0886,5859
0.19,668
0.0491,2889
-0.151,7781
-0.0688,6729
-0.0769,7153
0.0354,4277
-0.011,5365
-0.0616,7660
0.274,1935
0.000925,4712
-0.165,6282
-0.231,8752
0.0594,2193
-0.0813,7126
-0.152,8358
0.136,947
0.0649,3318
-0.321,9248
0.126,1955
0.0911,2490
0.193,887
0.0235,4138
0.882,81
-0.168,6582
0.109,1388
-0.117,9821
-0.0296,5945
-0.196,9714
-0.0911,7347
-0.185,8944
0.148,733
-0.144,9166
0.0591,3488
0.63,305
-0.145,9129
-0.153,9982
0.0284,3972
-0.00184,5033
0.101,2323
-0.169,8025
0.0637,2011
-0.165,9377
-0.177,8436
0.066,2220
-0.176,9245
-0.0085,5109
0.117,2202
-0.125,7291
-0.158,9444
0.244,633
0.0105,4807
-0.111,6797
-0.339,10251
-0.204,9310
-0.0291,6684
0.0766,3568
-0.125,6425
0.044,3737
-0.355,10129
-0.0701,6616
-0.143,9512
-0.0593,6853
-0.168,8093
0.0667,2327
-0.245,8527
0.284,943
-0.0714,6919
0.02,4034
0.0812,2888
0.0281,4333
0.315,329
-0.108,7397
-0.0437,7018
0.13,1755
-0.0868,10433
0.0151,2750
0.0142,3322
-0.00363,6160
-0.0266,9710
-0.398,5987
-0.122,7613
-0.509,7051
-0.0815,7914
-0.37,10458
-0.132,6939
-0.262,9320
-0.189,8530
0.0248,4062
0.262,1019
-0.118,8649
0.112,3158
-0.0623,8866
0.0724,2851
0.119,1793
-0.262,7458
-0.199,6756
0.292,1560
-0.215,6547
0.0162,4756
0.0786,3145
0.333,2126
-0.16,8396
0.0104,4953
-0.318,8564
0.00964,4848
0.109,1870
-0.254,8628
-0.0913,7688
-0.147,9836
-0.0864,8673
0.433,760
0.227,999
0.215,584
-0.0561,5859
-0.335,10358
-0.0279,6398
0.00642,4691
0.0619,3366
-0.204,9969
0.039,3961
-0.0321,5525
-0.0766,6732
-0.12,8528
-0.0849,6734
-0.14,9032
-0.2,9445
0.0573,2800
0.0267,3953
-0.222,10036
-0.0671,7141
0.0261,3976
-0.257,9229
0.64,268
-0.207,10132
-0.0813,8093
-0.228,9082
0.0916,2086
-0.108,7502
0.0801,3619
0.142,1028
0.0131,4775
-0.183,7704
0.000154,5249
0.0928,2867
-0.0647,7450
0.101,1802
0.103,1763
-0.135,9528
-0.0608,7146
-0.029,5787
-0.0477,5903
0.0113,4748
-0.0105,5803
0.0663,3886
0.109,3042
-0.157,9417
-0.0965,7615
-0.0886,7659
0.118,1129
-0.0224,6090
0.0356,4105
-0.101,7968
0.0404,3809
-0.322,7876
-0.0448,6822
-0.459,9006
0.0284,3676
-0.0969,8607
0.176,334
0.128,3266
0.92,964
-0.275,8265
0.232,2229
-0.015,5756
0.0174,4650
-0.0197,5692
0.16,842
0.297,192
0.0102,4725
-0.00596,5036
0.142,1734
0.204,963
0.0977,1970
-0.171,9768
0.0368,3621
-0.0734,6569
-0.0784,8076
-0.137,8106
0.018,4408
-0.232,9849
-0.165,9343
-0.22,5423
-0.494,6379
-0.0754,6861
0.159,2775
-0.268,9684
-0.102,7069
0.0429,4131
-0.162,9605
-0.056,6595
0.104,1343
-0.179,9801
0.0734,938
-0.0849,7446
0.118,2522
-0.0831,7131
-0.00257,5150
-0.098,7234
0.0948,1255
0.11,3302
0.277,652
0.388,841
0.115,2475
0.136,472
0.00582,5058
0.657,498
-0.0414,6443
0.0703,3053
0.189,2053
-0.0255,6388
0.0748,3293
-0.0491,5515
0.138,1536
0.0883,2556
-0.129,7571
-0.0442,7925
0.089,1909
2.01,200
-0.508,8576
-0.182,8496
0.082,2013
-0.367,10012
0.0266,4324
-0.0738,6199
0.103,2997
-0.179,9637
-0.252,8999
-0.0489,7560
-0.127,7953
1.35,622
0.164,3129
0.394,1984
-0.0351,6188
0.0457,3711
0.225,619
0.268,1485
-0.218,7773
-0.168,6148
-0.0239,6599
-0.0614,7195
-0.11,6595
-0.265,10232
0.0824,3886
-0.145,9514
-0.00758,5444
0.0188,4142
0.168,54
-0.108,8240
-0.0506,7441
0.0527,2710
-0.00848,5567
0.0321,3491
0.114,2067
0.0827,1965
-0.339,9616
-0.395,9665
0.0147,4508
0.00165,4731
0.0889,2464
-0.0818,6902
0.206,893
0.0122,4548
-0.00678,5109
0.0368,3738
8.11,4
0.0873,3466
0.0688,3850
0.218,1775
0.082,3095
-0.151,9260
-0.102,7037
-0.0838,7304
0.106,1864
0.00106,5050
0.0108,4723
-0.0415,8880
0.176,1753
0.0691,3785
-0.0388,5357
-0.317,10380
0.0628,2354
0.176,799
0.0398,4074
0.096,2039
-0.00924,4928
0.105,1502
-0.176,9353
0.118,816
0.265,792
-0.0564,6176
-0.373,9622
-0.0428,5817
0.372,528
0.057,2905
0.266,503
0.0702,2715
-0.119,7765
-0.103,6040
-0.178,9974
-0.109,8790
0.818,8
-0.0234,5530
0.151,1698
-0.0307,5351
0.0362,3529
-0.0252,6085
-0.0275,5539
0.0451,3799
-0.0413,5735
0.673,109
-0.0398,6388
0.0404,3683
0.0446,3370
0.174,1484
0.113,1429
-0.281,7974
0.018,4023
0.0541,2928
-0.0347,5578
-0.0356,5738
0.26,1771
-0.0999,7811
-0.0426,6152
-0.245,9535
0.127,2627
0.207,1151
0.000553,4987
0.0967,1811
-0.0044,5491
0.0507,3320
-0.062,7468
0.0156,4372
0.103,2735
-0.0303,5932
0.058,2710
-0.0135,5673
-0.19,10184
-0.0352,5571
0.011,4612
0.153,2455
-0.189,9635
0.119,881
0.142,2785
-0.118,8131
-0.0912,7543
-0.0745,6005
-0.198,9685
-0.214,10194
0.0123,4660
-0.0953,8066
0.982,795
-0.011,5552
-0.177,9703
0.041,3632
-0.109,9133
0.379,142
-0.197,4752
0.0736,2473
0.145,1600
-0.177,10165
-0.223,8542
-0.0873,6128
-0.133,9081
0.0398,3584
-0.0528,7557
-0.332,10452
0.118,2375
-0.0898,7135
-0.169,8934
0.0123,4598
-0.0258,6280
0.117,1111
0.132,1528
-0.0917,7033
-0.0786,6636
-0.015,5898
-0.0286,6603
-0.0191,5538
-0.201,10109
-0.282,8786
0.0262,4503
-0.0894,7357
0.234,778
0.231,801
0.188,1676
0.16,2513
-0.0479,5796
-0.201,10330
0.145,577
0.226,1738
0.0104,4765
0.0402,3991
-0.074,6692
0.0647,2549
0.086,1596
0.0114,4630
0.0478,3859
0.0131,4678
1.59,121
0.0308,4035
0.0539,2712
0.107,1463
0.0209,4553
-0.0134,5719
0.0856,3544
-0.0527,8192
-0.106,7752
-0.278,9364
0.34,1940
-0.246,6702
0.0551,4274
0.126,1693
-0.116,9485
0.117,1711
0.0771,2147
-0.128,7027
0.0425,3822
-0.0921,9010
-0.06,7774
-0.133,8106
-0.107,6891
-0.207,9601
-0.148,9307
0.0896,1450
0.165,1190
-0.232,9763
0.0479,3898
-0.137,9245
-0.0579,5858
-0.202,9809
-0.224,8925
-0.138,9531
0.278,761
-0.00458,5514
-0.189,9225
-0.0837,9192
-0.0388,5875
-0.0874,7724
0.0772,2212
0.493,1123
0.275,520
0.0341,2933
0.109,1257
0.095,2483
0.102,2396
0.0409,4066
-0.0257,5398
-0.0438,7082
-0.11,9324
-0.244,9427
-0.236,9058
-0.0479,6268
0.0885,2743
0.078,3001
0.0612,2416
-0.462,8406
-0.139,8610
-0.181,8085
-0.0589,7018
-0.125,8889
-0.28,8391
0.0344,4257
0.126,2744
0.1,3325
-0.0952,7811
0.0524,3018
-0.166,9495
-0.0627,7030
0.0213,4244
0.0992,2844
-0.0214,6024
0.143,556
0.0553,2675
-0.0916,9098
-0.364,9370
0.0264,4429
-0.192,10031
-0.0715,7384
0.0667,3125
-0.339,5366
-0.496,10140
0.123,2733
-0.414,7832
-0.035,6352
-0.101,7004
-0.0362,6528
0.0204,4351
-0.0787,7098
-0.0958,7673
-0.254,9361
-0.00284,5417
-0.0188,5745
-0.0424,6271
0.0894,3465
0.0413,4122
0.132,1754
-0.0378,7389
-0.293,10425
-0.0458,6631
0.184,761
-0.133,9411
0.031,3553
-0.152,9947
-0.189,10005
-0.181,8601
-0.197,6753
-0.069,5735
0.0785,3194
0.252,231
0.303,386
0.0658,2501
-0.0173,5218
-0.141,7819
0.26,672
-0.143,9289
0.0946,2660
-0.236,6487
0.171,1094
-0.289,9191
0.0319,3753
0.0263,4254
0.0338,3831
-0.153,7654
0.132,1718
-0.224,9358
-0.0139,5817
0.0801,2437
0.084,2512
0.357,75
-0.0896,8112
-0.128,7596
-0.0135,5546
0.0562,3930
0.148,2218
-0.176,8991
0.519,295
-0.181,5635
0.197,766
0.202,2012
-0.139,8768
-0.22,9771
0.0548,3810
0.376,1349
-0.0878,8036
-0.0558,6820
0.165,1338
0.264,2046
0.115,1203
0.0575,3367
-0.0147,5821
-0.0855,7970
-0.3,8864
-0.0564,6670
-0.283,8357
-0.0359,6486
0.0442,2180
0.135,2455
0.203,691
0.114,2927
-0.0519,6983
-0.144,9879
0.0166,4794
-0.0479,6049
0.137,760
-0.124,9538
-0.0316,6554
-0.108,9539
-0.0152,5532
-0.11,8211
-0.174,8077
-0.0515,6279
-0.0369,6521
0.056,3253
0.0785,2881
0.167,1277
0.414,276
0.199,2018
-0.222,9291
0.107,1509
-0.137,9561
0.433,108
-0.161,9860
-0.00771,4973
0.0488,2743
0.0283,3898
-0.141,9708
0.0921,3327
0.0572,3087
0.626,219
0.0466,3635
-0.00399,5292
0.0962,1273
0.216,553
0.00993,4631
0.32,233
-0.152,7511
-0.138,8564
-0.0841,9112
0.0605,3481
0.222,450
0.0422,4240
0.0646,3564
0.143,1776
-0.0987,9409
-0.147,9395
0.144,1648
0.0671,3180
0.005,4692
0.0626,3206
-0.053,7310
-0.0553,6209
0.234,456
-0.0784,7235
0.0317,4296
0.0341,4032
0.155,1299
0.168,1733
0.0533,3504
-0.0386,6317
2.84,188
-0.196,9021
-0.174,9588
0.0783,2346
-0.222,10067
-0.0439,6016
-0.131,9431
0.367,26
0.00915,4821
-0.216,7112
0.287,2511
-0.362,7604
-0.051,6103
-0.166,7694
0.116,3379
0.0436,4020
0.12,2088
0.0984,2894
-0.079,7464
-0.0352,6951
-0.196,9044
-0.0674,6481
-0.0095,5264
-0.285,9887
-0.0959,8395
0.0638,2242
-0.112,7823
-0.0567,6776
-0.253,9310
0.148,327
0.179,1944
0.0216,4154
0.139,2944
-0.0669,7688
0.0926,2893
-0.0656,7146
0.0172,4409
-0.0118,5816
-0.0581,6928
-0.0893,8048
-0.0691,5845
-0.152,5480
-0.117,9755
-0.0452,7922
-0.232,9461
0.134,1662
1.02,642
0.635,1142
-0.0337,6419
0.0514,3431
0.0627,3286
-0.153,10090
0.0532,3431
-0.0438,6151
-0.0488,7027
0.159,222
0.0656,2096
0.0277,4153
-0.0397,6834
0.0635,2984
-0.0707,9827
0.0327,3799
-0.254,8916
0.0459,3056
0.16,2756
-0.0714,7167
-0.0373,7032
-0.144,9428
-0.282,9992
-0.293,9599
-0.066,7782
0.136,2675
0.0899,1546
0.0912,2229
0.0246,2612
-0.0946,6102
0.058,374
-0.166,8604
-0.0506,6405
-0.275,8037
-0.0754,6364
0.0368,4231
-0.0612,6354
-0.141,6639
-0.0203,5532
-0.285,8208
0.113,2931
-0.029,6112
-0.236,9091
0.0411,4107
-0.171,9092
-0.102,7106
-0.0604,6329
0.0473,3169
-0.301,10362
0.084,3564
0.0943,3847
-0.0277,5368
0.195,754
0.0386,3553
-0.0533,7441
-0.0164,5591
0.148,2111
0.00528,4919
0.0836,3032
-0.0707,9367
0.0378,4005
0.115,1554
0.064,3420
-0.127,8433
0.0617,3833
0.0602,2169
-0.12,10096
-0.139,9309
0.0267,4413
-0.102,8691
0.49,478
-0.048,6190
-0.086,7860
-0.177,9590
0.0995,2343
0.355,918
-0.19,7269
-0.0833,8466
-0.0473,6934
-0.132,9149
-0.0745,6924
-0.0825,7439
-0.0856,6760
0.042,3449
-0.0848,7831
0.152,1288
-0.0611,6941
-0.0276,5158
-0.106,8153
-0.0232,6179
-0.0138,5333
0.00148,4923
0.266,319
0.0336,3951
0.0727,3530
0.0214,4464
0.0103,4340
0.196,1849
0.144,2271
0.0587,3498
-0.00131,4813
-0.0242,6018
0.21,400
-0.105,8169
-0.0992,7182
-0.245,8972
0.0958,3505
-0.00438,5228
-0.0803,9397
0.0334,4021
-0.112,8870
-0.22,7468
0.018,4207
-0.148,9969
0.186,1662
-0.0413,6220
0.278,1059
0.106,3052
-0.000247,4901
0.0989,2433
-0.116,8926
0.00892,5097
0.0986,1729
-0.36,10300
-0.138,8915
-0.119,8747
0.109,1170
-0.197,9055
-0.00478,5443
0.0328,4054
-0.0145,5517
-0.0404,7383
0.024,4028
0.41,648
0.198,2631
-0.0764,6151
-0.106,7497
0.17,1901
-0.141,9653
-0.173,10243
-0.0555,7064
0.0867,3034
0.0433,3815
-0.195,9912
0.364,166
0.089,3470
0.0931,3025
0.246,1803
-0.183,9133
-0.02,6192
0.15,2333
-0.187,9088
-0.0561,8886
0.192,2626
0.197,1669
0.11,798
-0.00835,5171
-0.204,10344
-0.699,9116
0.0253,4800
-0.238,9272
-0.0572,7268
-0.0646,7386
0.0633,3695
-0.0522,5834
0.0309,3590
0.0784,2172
-0.196,8692
0.304,80
-0.0401,7595
-0.12,8919
-0.17,9317
0.128,1430
-0.0677,7040
0.0539,3150
-0.0606,6920
-0.103,8522
-0.306,10050
-0.0118,5118
0.047,3506
0.0716,3134
0.0169,4620
0.155,1167
-0.0538,6180
0.0567,3574
-0.0431,7835
0.0141,4185
-0.245,7428
-0.629,8657
0.431,1635
-0.144,8056
0.0101,4587
-0.0332,6820
0.00371,4840
-0.182,9154
-0.233,10168
0.092,2219
0.0462,3077
-0.108,7045
-0.0994,7727
-0.0493,6284
0.174,592
-0.232,9911
0.00676,4877
0.122,1489
0.00751,4581
0.25,794
0.113,2390
0.0338,4147
0.0496,3523
-0.0421,7252
-0.0236,5896
-0.101,7442
-0.254,8918
0.325,2151
-0.0676,7021
-0.0608,7431
0.715,54
-0.145,7684
-0.0314,6140
-0.0686,7625
-0.108,9001
-0.095,8931
-0.043,7495
0.128,2689
0.119,2000
-0.253,9885
-0.113,8876
0.0607,2903
-0.0429,6310
-0.0594,6850
0.214,55
-0.368,9646
-0.107,9662
-0.0834,7943
-0.111,7551
0.402,728
0.0943,2507
0.092,3101
-0.0059,5365
0.447,219
0.105,1930
-0.254,10068
0.148,2739
-0.0584,6479
0.181,482
-0.0257,6220
0.0876,2378
0.0568,3484
-0.0468,5800
-0.0645,7949
-0.0238,6464
0.0168,4617
0.00501,4631
-0.146,9279
0.109,2064
-0.082,7651
0.0107,4564
-0.0793,8281
0.0928,3116
-0.0971,7125
-0.134,8946
0.054,3297
-0.122,7356
0.249,779
0.0598,3532
-0.201,8087
0.197,2268
0.0716,2281
-0.141,9156
-0.00371,5060
0.022,4180
-0.146,7892
0.455,311
-0.0336,7065
0.0721,2338
-0.0949,6520
-0.0802,8500
-0.102,7450
0.156,2192
0.0536,3465
-0.0325,6196
-0.0295,7279
0.173,978
0.0378,3846
-0.0776,7508
0.0251,4011
-0.00465,5312
-0.332,10152
-0.195,9587
0.153,1323
-0.221,7640
0.00129,5042
-0.0532,7226
-0.256,10208
-0.142,8790
-0.276,10333
0.0236,4467
-0.162,9058
0.119,1100
-0.24,8547
0.12,1262
-0.115,8421
0.13,2278
0.0394,3626
-0.0279,5938
-0.229,10450
0.457,619
0.175,2231
0.0585,4036
0.0941,2518
0.00573,4848
-0.0849,8627
-0.1,7061
-0.0723,6907
0.111,2580
-0.233,9947
0.14,1320
0.314,1315
-0.208,8689
-0.334,9957
2.49,354
-0.00722,5314
0.00213,5168
-0.0118,5376
-0.142,8963
-0.00855,5392
0.206,252
-0.151,7788
0.407,83
0.0438,3938
-0.0511,7913
-0.0393,7710
0.071,2147
0.181,2299
-0.038,5882
-0.0017,5012
0.113,1775
-0.0503,8490
0.362,3
0.126,2109
-0.282,9090
-0.175,7992
0.269,1516
-0.00998,5342
-0.0801,8720
-0.146,8897
0.0472,3738
-0.26,10225
-0.122,9119
-0.0599,7728
-0.0182,4937
-0.388,6775
0.0374,4268
0.0411,3736
-0.103,7938
-0.139,7691
0.00325,5177
0.118,2432
-0.0933,7546
0.0528,3056
-0.0988,9047
0.069,3068
-0.0436,6306
-0.187,9546
0.955,2
0.0186,4341
0.151,1651
0.0235,4474
-0.326,10096
-0.081,6212
0.265,214
0.0286,4196
-0.0614,6499
-0.0444,6294
-0.164,9193
0.0694,2927
0.0123,4852
-0.405,5922
-0.121,8282
0.432,2364
-0.0131,6023
-0.0222,6236
-0.217,4321
-0.589,7792
0.105,2970
-0.124,7338
0.274,1816
-0.0141,5651
-0.035,6450
-0.00998,4982
0.237,2152
0.294,713
0.0863,2031
0.0089,4734
-0.228,9551
-0.217,9904
-0.276,9650
0.878,660
0.0494,2757
-0.0293,6128
0.0653,3240
0.369,753
-0.133,8559
0.123,2117
-0.0342,7005
0.397,362
0.0491,3921
-0.0909,7873
0.285,1436
0.121,2693
0.0942,2869
0.0669,2692
-0.059,7045
0.13,2378
-0.0856,8166
-0.0273,5894
0.0407,1834
0.0732,1079
0.309,784
-0.0744,7102
-0.0753,8330
-0.000396,5176
0.0439,3198
0.0258,4001
-0.121,6321
-0.383,10048
0.511,754
0.428,155
-0.0829,7052
-0.0616,6220
-0.0249,6124
-0.244,8967
0.0573,3891
-0.0451,6120
0.256,177
0.166,1904
0.316,468
-0.263,8514
-0.00674,5259
-0.0935,7150
0.00149,4790
0.102,2247
0.0216,4149
0.213,516
0.0584,3609
-0.084,7175
-0.168,9727
0.0416,3699
-0.0552,7349
0.132,2008
-0.219,7111
0.0401,2972
-0.034,6149
-0.0443,6946
-0.0319,5859
-0.113,6461
0.121,1750
-0.265,8857
-0.0701,7732
0.199,1558
-0.27,10338
-0.0485,7119
-0.0727,8414
-0.0811,7793
-0.0554,7030
-0.17,9587
0.0981,2998
-0.0742,7663
-0.194,9593
0.176,1439
0.103,768
0.0874,2029
-0.117,7751
0.187,1228
0.0561,2607
0.0468,3482
-0.0969,8630
0.0638,3120
-0.113,7836
0.139,1391
0.0066,4785
0.0637,3585
0.157,1272
-0.0447,7020
0.1,2656
-0.244,6611
-0.202,8871
-0.0833,7198
0.19,1311
-0.0252,5924
-0.129,7970
-0.134,7124
-0.0945,9381
0.0481,3450
-0.0577,6776
0.0205,3974
-0.407,6918
0.0086,4671
0.0273,4251
-0.268,7702
-0.0057,5390
-0.02,5501
-0.102,8208
0.118,1739
0.177,658
-0.0398,5566
-0.0363,7365
0.0328,3754
0.232,1228
0.396,356
-0.139,8978
-0.0321,6551
-0.0562,8034
0.0063,4855
0.104,1525
-0.0224,5504
0.17,531
-0.117,8262
0.103,1301
0.155,1130
0.0563,3247
-0.24,9547
-0.00157,4922
-0.0655,7742
-0.0124,5394
-0.0341,6146
-0.274,7224
0.0598,2622
-0.374,9688
0.28,196
0.0465,2298
-0.306,8972
-0.0935,6660
0.0312,3955
0.0786,2211
-0.0871,7407
-0.034,6781
0.0428,3672
0.374,856
-0.0582,6022
-0.0476,5598
-0.0198,5103
-0.00593,5354
0.0481,2989
-0.0374,6999
0.202,1671
-0.0881,7001
-0.0375,6075
-0.123,8640
0.00708,4774
-0.135,8521
0.0895,2474
-0.119,6633
-0.0761,6306
-0.042,6602
-0.0165,5962
0.00527,4876
-0.0981,8750
0.121,3154
0.765,637
0.229,55
0.389,265
0.114,1952
-0.125,9107
-0.0168,5576
-0.112,6414
-0.137,8251
0.304,697
-0.0764,7994
-0.104,7724
0.0376,4138
-0.0793,7869
-0.157,9710
0.154,2674
-0.0965,6636
-0.148,9831
0.274,1668
0.259,1058
-0.0459,8042
0.241,163
-0.111,8717
-0.0374,6515
-0.0424,6151
-0.016,5614
0.181,1748
-0.0368,6827
-0.17,9558
0.615,40
-0.182,7760
-0.0972,8442
0.101,2492
0.0672,3392
-0.205,9610
-0.0777,7241
0.237,235
-0.43,10019
-0.0188,6066
0.147,616
0.0283,3664
0.0235,4171
-0.0158,5956
-0.183,9218
0.33,1229
-0.132,7826
-0.0204,5921
0.123,2604
0.0707,3863
-0.0172,5446
-0.205,9437
0.0414,2108
-0.144,8740
0.149,1415
-0.148,8202
-0.303,9723
-0.154,8888
0.0782,3117
0.263,375
-0.237,9639
-0.0308,5770
0.0421,3432
-0.0535,6950
0.174,514
0.123,2338
-0.0132,5741
-0.123,6657
-0.38,10346
-0.131,8562
-0.151,9983
-0.00269,5215
0.174,510
-0.106,7779
0.046,2348
-0.1,7467
-0.205,10420
-0.254,10074
0.00084,5190
0.0559,3732
-0.0995,6188
0.0712,3635
0.165,2016
0.275,459
-0.0692,6292
0.94,933
0.378,318
-0.255,8911
0.0481,3377
0.00275,4969
0.0831,2267
-0.0779,8397
0.46,383
0.0236,3849
0.035,2601
0.645,20
0.125,2575
-0.0654,8598
-0.213,7429
0.15,317
-0.171,10247
0.119,2174
0.3,440
0.334,492
0.0285,4462
-0.14,8547
-0.207,10236
0.204,413
-0.152,9542
-0.0106,5113
0.16,1388
-0.0378,5893
-0.0496,7479
0.0779,2513
0.512,465
0.0478,4011
0.0666,3391
0.0313,3477
0.0157,4475
0.0184,4232
-0.18,8211
-0.0117,5058
-0.0106,5185
-0.109,9589
-0.0946,9771
-0.24,9196
0.0285,4347
0.243,2023
0.126,2905
0.00827,4928
-0.238,9774
0.0623,3369
0.00407,5076
0.261,1872
-0.28,10232
0.123,1235
0.203,1467
0.155,2330
-0.146,9742
-0.416,10133
0.367,1286
-0.0355,6841
0.191,741
0.0438,4055
0.154,1953
0.234,964
-0.114,7835
-0.0651,7270
0.384,122
-0.0461,6587
0.094,2932
0.261,2609
-0.365,10114
0.0696,2907
0.0234,4569
-0.111,8187
0.172,1207
0.0988,2513
0.0474,3454
0.0539,3447
0.0185,4460
-0.0341,5987
-0.382,8712
-0.041,6386
-0.0289,5684
0.0607,3198
-0.0167,6269
0.153,1738
0.0206,4463
0.0155,4383
-0.00702,5274
-0.0281,6814
-0.147,10295
-0.0526,5866
0.164,1266
-0.25,10119
0.23,509
0.232,1116
-0.0496,6898
-0.0822,7235
-0.368,9675
-0.168,8955
0.359,1157
-0.217,9637
-0.0958,9156
0.13,2509
0.0451,3623
-0.0189,5735
-0.361,8778
-0.025,6267
-0.04,6835
0.0664,3110
0.0362,3362
0.111,2276
0.217,1193
-0.254,10051
0.0949,1642
0.155,1268
0.0765,2435
0.173,1975
0.0355,3640
-0.109,9150
-0.0673,7924
0.965,61
0.188,2171
-0.183,8363
-0.137,9055
0.012,4644
-0.0834,9182
-0.0503,6497
-0.0651,6107
0.28,2563
-0.569,9091
0.1,2178
0.0382,3380
0.142,1855
-0.186,9948
0.0405,3848
0.0247,4484
0.037,3629
-0.0385,6840
-0.0767,7299
0.11,2544
-0.0336,6347
-0.398,10209
0.00433,4599
-0.154,9438
0.188,1971
0.0348,4072
0.0695,3081
-0.151,8601
-0.109,8918
0.128,1183
-0.0551,6856
0.112,2208
0.0303,4422
0.0971,2548
-0.0856,9187
-0.171,6852
0.153,487
0.0865,2710
-0.123,7913
-0.306,9252
0.166,794
0.117,829
0.03,4452
-0.0867,7065
-0.0583,6623
-0.185,7555
0.0569,3790
-0.0757,6837
0.0276,4434
0.56,28
-0.127,7830
-0.042,6618
-0.139,9846
-0.162,8504
0.0225,3993
-0.0337,5523
0.0556,3688
-0.473,9730
0.0335,3859
-0.279,6846
-0.241,9860
0.234,932
0.0389,3625
0.171,948
0.00924,4676
-0.319,10146
-0.0944,8043
0.247,2311
0.0458,2578
-0.276,10366
-0.109,9189
0.297,213
0.157,1445
0.201,1087
0.177,1327
0.124,2025
-0.24,8972
0.353,371
-0.0715,6750
-0.108,7668
-0.0415,6392
-0.08,7500
0.0536,2281
-0.351,9736
-0.0635,4663
-0.205,7984
0.191,756
0.0437,3863
0.0731,2243
-0.00656,4825
-0.149,8447
-0.111,6755
0.219,518
-0.203,10011
-0.151,9878
0.354,184
-0.26,10369
-0.00611,5113
0.239,1882
0.109,1909
0.244,17
-0.0873,8870
-0.0939,7876
-0.417,9873
-0.138,5983
0.0153,4368
-0.0484,7711
0.00501,4959
-0.0473,6054
-0.253,7300
-0.0897,7944
0.018,4619
0.128,799
-0.203,9621
0.367,570
0.0603,2514
0.086,1297
0.019,3851
0.0396,3587
-0.0993,7892
0.314,61
-0.0568,6825
0.0864,2613
-0.13,8495
0.0133,4887
0.228,1176
0.0604,3194
-0.273,9490
-0.176,8320
0.183,1208
-0.199,9992
-0.0221,5686
-0.231,9010
-0.434,8220
-0.133,8208
0.26,307
-0.004,5056
-0.0919,6511
-0.156,10443
0.0668,2753
0.281,347
-0.0534,7791
-0.0243,6268
-0.131,7151
-0.0541,6771
-0.0732,6962
-0.147,8767
-0.0446,6362
-0.038,6050
-0.147,9139
0.174,1444
0.0165,4419
-0.0974,7061
0.161,1930
-0.0212,5356
-0.134,8663
-0.565,9914
0.318,988
0.0928,3296
-0.122,7462
0.0497,3504
0.0768,3111
-0.013,5450
-0.292,9777
-0.00244,5383
0.056,3023
0.0268,3470
0.0168,4783
-0.0723,5959
-0.0307,6834
-0.186,9307
0.0204,4116
0.261,453
0.201,1273
-0.0411,6289
0.019,4471
0.243,1616
-0.108,8958
0.122,1008
-0.0356,6606
-0.0298,6719
0.00586,4838
0.188,458
0.00547,4858
0.172,656
0.359,20
0.114,2140
-0.0277,5979
0.0336,4147
0.236,1657
-0.216,10131
0.305,1423
-0.272,9033
-0.0775,8682
0.0683,2993
0.0542,3648
0.0721,2811
0.0146,4437
0.125,1315
0.0216,4338
-0.0207,5786
0.0373,4069
0.0991,3238
-0.121,8889
0.104,2090
-0.0593,7468
0.365,472
-0.137,9105
0.0133,4396
0.222,523
0.215,422
-0.155,8761
-0.176,8257
0.0957,2679
-0.106,6728
-0.0171,5883
0.00482,4925
0.127,3016
0.279,486
-0.177,8857
0.0238,4280
0.0108,4546
-0.0953,7198
-0.03,5965
-4.89e-05,5097
0.149,2346
-0.0383,6992
-0.0289,6024
-0.0157,5912
-0.00379,5239
-0.387,10397
-0.126,7307
0.0854,3256
0.0824,3410
0.0766,2341
-0.000834,5272
0.201,810
0.193,431
0.411,615
0.0197,4082
0.0697,2627
-0.221,7413
-0.228,7439
0.0417,4261
-0.095,8349
-0.0677,9387
-0.0238,6200
0.332,1802
-0.304,8458
0.259,876
0.064,3514
-0.0117,5218
-0.0433,5835
0.03,3024
-0.326,5762
-0.178,3273
-0.285,8497
0.198,369
0.248,898
-0.0876,7692
-0.229,5227
-0.0651,6304
0.106,1572
0.0979,442
0.12,2290
0.198,1395
-0.0776,7711
-0.294,9113
0.117,2005
-0.116,9109
0.389,677
0.275,300
0.0942,3527
-0.152,9563
-0.0492,6301
-0.00319,5021
0.0865,3053
-0.196,8495
0.0804,3570
0.0209,4000
0.0589,3717
0.101,1371
-0.0795,6981
-0.217,9444
-0.0767,7570
0.105,1917
-0.173,8813
-0.0598,7089
-0.0772,7727
0.234,1066
-0.391,9366
-0.0144,5650
-0.0339,7924
-0.0964,8281
-0.0493,5868
-0.174,9091
-0.273,9151
-0.0715,8093
-0.0493,6761
0.169,2040
-0.238,9014
-0.138,8997
-0.361,9672
-0.299,9886
0.00311,4959
0.0633,3362
-0.066,6399
0.015,4463
-0.396,8924
-0.0316,6430
0.154,834
-0.00343,5317
-0.0707,7139
-0.112,7564
0.0152,4638
0.0745,3360
0.0469,4061
-0.0495,6161
0.0465,3991
-0.187,8390
-0.163,7310
-0.0947,7257
-0.105,8950
-0.116,8571
-0.131,8774
-0.0273,5702
-0.171,8339
-0.0477,7466
0.101,1187
0.209,1391
-0.488,9900
-0.189,7439
0.112,3372
-0.122,8594
-0.00239,5503
-0.0572,7250
-0.1,6143
-0.199,7222
-0.0918,7790
-0.14,7683
-0.0635,6071
-0.119,8221
0.34,678
-0.0253,4945
-0.00238,5162
-0.0868,8009
0.0363,3679
0.204,985
-0.0249,5770
-0.142,8789
0.0617,3031
-0.0105,5326
-0.0242,6493
-0.00116,4768
0.237,1140
-0.208,8304
-0.147,8053
0.0229,4002
-0.0159,5691
-0.112,6922
0.209,1117
-0.239,8331
-0.1,7331
0.107,1742
0.056,3000
0.128,2167
-0.0681,6758
-0.0952,6656
-0.0522,6331
-0.0931,9898
-0.0313,6539
-0.3,9982
0.0964,2526
0.0845,2613
-0.0615,6444
0.00803,4760
0.00409,4992
0.043,3535
-0.353,8404
-0.297,8437
0.249,721
-0.0471,6653
-0.178,9749
0.0547,3287
-0.0297,6064
-0.0325,6223
0.0569,3891
-0.0831,8004
-0.0665,7850
0.234,770
-0.0369,6109
0.0993,2421
0.151,2230
-0.0831,9482
0.197,1100
0.333,945
-0.0717,6131
-0.284,8982
-0.226,7550
0.0914,2090
-0.231,10111
0.247,778
0.0327,4120
-0.218,9694
-0.112,7667
0.0718,2095
0.118,1148
0.0108,4753
0.13,2501
0.115,2873
-0.14,8751
-0.0955,9966
-0.0703,7390
-0.0986,7888
-0.0851,7995
-0.00147,5144
0.175,1721
0.21,1796
0.0711,1631
0.00203,5178
0.104,2321
0.177,990
-0.201,8223
0.00727,4774
-0.11,9211
0.221,401
-0.139,7978
0.0358,4378
0.2,2524
-0.0118,5521
0.16,1162
-0.17,10102
-0.077,7940
-0.126,8520
-0.0417,6195
0.000347,5078
0.128,889
-0.104,8668
0.0532,3759
0.566,911
0.308,327
-0.0566,6850
0.209,1067
0.193,794
-0.271,9587
0.0755,3054
0.221,2957
-0.267,10257
0.14,1456
-0.0097,5481
0.0607,3338
-0.225,8211
-0.0336,5754
-0.0684,7452
-0.0268,6843
-0.00939,5555
0.251,297
0.0936,3296
-0.312,8553
-0.151,9006
-0.0993,7867
-0.252,7994
0.183,3046
-0.0613,6782
-0.104,8340
-0.195,9439
0.241,480
0.0499,3673
0.0284,4165
0.0631,3230
0.189,1892
0.0906,2349
-0.00447,5362
0.186,998
0.0471,3341
0.249,1467
0.311,1552
0.269,252
0.104,307
0.147,3229
0.0561,3473
0.118,1456
-0.0913,9069
-0.0242,6303
0.00614,4900
0.0362,3812
0.183,1399
0.314,1229
0.0578,1046
-0.0376,7228
0.0802,2428
-0.12,7534
0.486,278
0.027,4278
-0.086,7002
-0.114,9842
0.0408,3641
-0.076,7150
-0.105,7298
-0.114,7490
0.00252,5092
-0.0423,7589
-0.0684,8245
0.0352,4229
-0.25,10197
0.25,1667
0.0173,4715
0.0123,4802
-0.148,10279
-0.129,7146
0.107,2104
-0.115,6593
0.0161,4772
-0.0198,6458
-0.112,9021
0.361,571
0.581,239
-0.28,10007
-0.129,9392
-0.0427,8085
0.115,1409
0.0692,3115
0.313,1523
0.525,526
-0.0193,5388
-0.121,9157
0.128,1056
-0.101,6186
-0.29,9438
-0.059,6788
0.209,1476
0.126,767
-0.243,10141
0.182,1319
0.0824,2638
-0.227,9311
0.0134,4876
3.2,175
0.0137,4977
-0.321,9328
-0.154,9144
0.0725,4025
-0.104,7231
0.106,361
-0.0687,6899
-0.481,8166
0.474,510
0.0459,4140
0.286,1501
0.0167,4381
0.14,422
-0.666,9044
-0.398,8060
-0.0169,4125
0.369,348
0.0263,4612
0.481,710
0.132,2954
0.0211,4806
-0.0263,6130
-0.0201,5869
-1.46,10307
-0.0716,3656
-0.128,6833
0.17,295
-0.198,10285
-0.441,7744
-0.0298,5258
-0.00312,4867
-0.247,9033
-0.0963,7632
-0.617,7986
0.0943,3538
-0.116,9938
-0.0499,6123
0.204,625
0.441,179
-0.355,6573
0.154,1721
-0.167,7961
-0.149,8345
-0.22,9914
0.107,3667
0.292,1827
0.135,1881
-0.0268,4729
-0.295,10087
0.0951,2334
-0.0185,5012
0.351,395
-0.0872,6799
-0.132,4499
0.0212,4007
-0.0916,8107
-0.242,10057
-0.0461,7148
0.33,595
-0.141,8339
0.0337,3456
0.0535,2945
0.246,1067
0.0694,3679
0.297,388
-0.234,9910
-0.109,8472
0.218,1912
0.0253,4261
-0.0606,8053
-0.0674,9061
-0.0346,5853
0.0334,3804
-0.0486,6641
0.241,162
-0.0418,7670
0.0457,3626
-0.82,9779
0.42,2454
0.701,632
0.126,3377
-0.49,9805
-0.0907,7905
-0.097,7441
0.0945,3294
-0.0202,5772
0.0146,4634
-0.08,9226
-0.238,10078
0.336,373
-0.00284,5102
-0.334,10239
0.0252,4023
-0.0285,6083
0.983,276
-0.129,9092
0.0326,4006
-0.0568,6045
0.0597,2719
-0.0953,9768
0.139,1193
-0.0467,6223
0.0938,1772
0.00721,4795
-0.116,8677
0.167,1548
0.0278,3664
-0.312,10128
-0.0104,5514
0.107,2630
-0.0241,6703
0.0439,3479
-0.0704,6546
-0.0721,7855
-0.311,9495
-0.016,5378
0.04,3043
-0.02,7480
-0.0953,7673
0.151,2195
0.103,1207
-0.0659,7341
0.0917,2652
0.0979,2045
-0.189,9387
-0.169,7256
0.0546,3824
-0.096,7944
-0.172,9800
0.398,300
-0.0657,7256
0.166,2420
-0.374,10377
0.00251,4965
-0.0434,7730
0.00128,5156
-0.076,7508
-0.107,8058
-0.00694,4870
-0.206,9063
0.353,90
-0.0144,5585
-0.00854,5807
-0.159,8945
0.164,1672
0.14,1002
0.031,4344
-0.233,10197
0.0594,3674
-0.0714,6483
0.0211,4463
-0.348,7823
-0.135,9980
-0.0526,7538
0.0166,4338
0.274,277
-0.414,9611
0.148,398
-0.0922,9815
-0.0945,7797
-0.244,9684
0.0033,4807
0.463,44
0.0179,4349
-0.0182,5618
-0.0473,7588
0.0842,2239
0.296,225
0.122,3437
-0.355,8487
-0.00629,5276
-0.117,9839
-0.315,9216
0.0704,3480
-0.295,8444
0.165,2934
0.301,656
0.0578,3813
0.428,1389
-0.0896,6934
-0.111,5318
0.132,2478
0.159,2440
0.0163,4565
0.173,893
0.0356,3574
-0.0599,6018
-0.394,10272
-0.0344,7852
0.122,2659
0.0177,4130
0.174,691
-0.314,9773
0.0601,3409
0.000319,5279
-0.0724,7860
-0.152,8610
-0.272,10155
0.103,2865
0.108,1925
-0.0587,7180
-0.0324,6596
0.211,1057
-0.149,8036
0.1,3317
0.448,21
0.0403,2939
0.0706,3207
-0.0165,5636
0.0345,3521
-0.138,7708
-0.378,9519
0.0258,3884
0.0291,3584
0.203,1247
0.191,1152
0.0133,4103
0.319,478
-0.0402,7243
0.265,141
0.142,2823
0.0758,3504
-0.134,7528
-0.128,7948
-0.123,8260
0.0685,1197
0.132,1663
0.188,671
-0.117,8547
0.204,1174
0.0183,4474
0.154,656
0.126,1708
0.0756,2253
0.0921,2808
-0.176,8182
-0.144,9781
0.152,1304
-0.14,8360
0.103,3183
0.167,2103
-0.00875,5177
-0.0434,6393
0.414,337
-0.139,8234
-0.00164,5261
-0.119,8464
0.116,3255
0.233,1432
0.0161,4515
-0.024,5440
0.149,1343
0.367,458
-0.0827,7303
-0.0215,5606
0.099,2586
-0.129,8068
-0.0967,6929
0.0236,4840
-0.233,9643
0.0565,2405
0.00268,5181
-0.104,7533
0.0253,4268
-0.305,3952
-0.145,10240
-0.157,9710
-0.111,8817
0.109,3286
-0.421,8269
-0.205,8831
0.75,90
-0.0635,6931
0.123,2570
0.202,2329
0.0114,4616
0.135,621
0.0412,3834
-0.0735,7073
-0.0204,6028
-0.0545,7212
-0.104,8949
0.47,105
0.0128,4843
0.183,159
0.108,3137
-0.116,8124
-0.134,8044
-0.28,9689
-0.439,9675
-0.0547,6281
-0.079,9596
0.0971,2529
-0.0298,6017
-0.0839,8063
-0.21,9527
0.465,203
0.0443,2311
5.37,61
-0.454,6474
-0.439,6121
-0.455,8273
0.951,922
0.192,3023
-0.297,5259
0.203,1685
-0.225,9979
-0.0644,6904
-0.016,5643
-0.0786,7793
-0.042,5964
-0.119,8160
-0.0327,5936
-0.0243,5825
0.0353,2981
-0.0472,6052
-0.287,9894
0.265,1657
-0.254,10092
-0.107,8261
-0.16,8302
0.0525,3442
-0.0772,8124
-0.0663,7280
0.54,135
-0.0784,9011
-0.101,9698
-0.0901,8619
-0.0363,7150
0.284,266
-0.275,8798
-0.0391,7080
0.235,527
-0.0278,5534
-0.149,9177
0.128,2465
-0.237,8353
-0.0606,7028
0.0306,3586
-0.0515,6090
-0.196,9159
0.151,1551
0.0471,3537
-0.134,9307
-0.237,8235
-0.0151,5158
0.275,1656
-0.141,9136
-0.0662,8480
0.189,177
-0.253,9317
0.323,1492
0.295,1262
0.365,811
0.00721,4811
-0.0242,5680
-0.219,10065
0.0804,2898
-0.143,7922
0.0963,1632
-0.262,10308
0.403,286
-0.0336,5864
-0.0893,7885
-0.0111,5282
-0.14,9343
-0.117,9644
0.0033,4808
-0.163,9488
0.000747,4966
-0.0517,5773
-0.302,10287
-0.00626,5422
-0.144,9264
0.0143,4184
0.194,1268
-0.12,7680
-0.0905,8563
0.12,2262
-0.153,9622
0.267,328
0.198,461
-0.207,9432
-0.0715,8012
0.183,240
-0.122,8545
0.105,2045
-0.294,9907
0.32,21
0.00641,4731
-0.133,9741
-0.00401,5183
0.622,48
0.217,901
-0.00168,5288
0.214,172
-0.0277,6501
-0.102,7624
0.403,91
-0.0276,5762
-0.134,7894
-0.113,9669
0.0253,3848
0.0459,3970
-0.113,8043
0.149,1196
-0.0852,8475
0.0975,2394
0.0933,2346
-0.202,9819
-0.0552,6387
0.0576,3685
0.00423,4697
-0.103,7824
-0.18,9710
-0.0553,5410
0.415,773
0.0266,4592
0.0381,3668
-0.109,9186
0.362,569
-0.0755,5904
-0.217,8707
0.141,2739
-0.00454,5383
-0.166,10015
0.113,1801
0.308,507
0.11,2606
-0.266,9138
-0.089,9292
-0.0428,7503
-0.531,8069
0.313,808
0.266,622
-0.185,9237
-0.0448,7888
0.0106,4606
0.0882,2989
0.193,2402
-0.157,9673
-0.255,9677
-0.0765,8232
0.0417,3483
0.0684,2137
-0.00612,5355
-0.0845,8025
-0.236,9985
-0.0167,6185
0.0394,3149
0.0376,3768
-0.17,8619
-0.115,7616
-0.15,8398
0.0029,4817
0.0938,2992
-0.204,8675
-0.16,9358
-0.0892,7197
-0.073,6179
-0.0491,6526
0.1,697
0.00731,4952
0.0126,4507
0.406,270
-0.192,9943
-0.194,9693
-0.052,7567
0.0563,2601
0.2,1359
-0.114,9179
-0.196,9354
-0.313,10464
0.0795,1656
-0.339,9206
-0.322,8155
-0.203,8987
-0.0381,5417
-0.197,9537
-0.12,9523
-0.0839,7097
0.126,2685
-0.135,6748
0.619,491
0.0541,3079
0.0733,2614
0.116,669
-0.135,7851
0.0563,3528
0.112,2763
0.0669,1716
-0.0559,7935
0.334,345
-0.0713,7123
0.322,1486
-0.355,9897
0.065,2999
1.22,313
-0.0405,5868
0.374,592
0.177,2087
-0.0577,7851
0.0536,3108
0.659,176
-0.0591,6929
0.0485,3506
0.347,1293
0.0431,4000
0.0298,4085
-0.0731,6674
-0.00237,5198
-0.31,7328
0.236,1265
0.0164,4520
0.163,1283
-0.0998,10025
-0.501,9947
-0.0739,7743
-0.0393,6216
0.00454,4694
-0.0136,5531
-0.184,9275
-0.127,8992
-0.0879,9027
-0.253,9293
-0.264,10163
-0.0601,7748
-0.0501,9037
-0.155,7605
-0.202,10101
0.0422,3802
-0.271,10180
-0.0184,5324
-0.052,7145
-0.0514,7113
0.275,1160
0.0422,3831
-0.173,9411
0.00413,4895
-0.17,9998
0.53,8
-0.15,7673
0.0526,2988
-0.247,10109
-0.221,9432
-0.25,10424
-0.253,8067
-0.0641,6291
-0.107,8221
0.962,284
0.0364,3912
0.0396,2109
0.0565,2184
0.16,1069
-0.155,8776
0.00283,4880
0.0336,3604
0.244,499
-0.234,10229
0.254,1969
-0.064,6813
-0.0107,5634
-0.0433,7398
-0.0111,5119
-0.124,9461
-0.0452,7027
-0.036,5009
-0.265,8744
0.154,96
0.154,825
0.0163,4548
0.077,2671
0.0521,3830
-0.0916,7753
0.0362,3702
-0.194,9620
0.00572,4729
-0.385,9815
-0.138,7827
0.0453,3265
-0.09,7823
-0.104,9748
0.0474,3592
0.103,2177
-0.144,8481
0.381,140
-0.0381,6430
-0.224,10004
0.0712,3111
-0.0166,5596
-0.243,10124
0.125,1076
-0.132,9810
0.235,460
-0.0781,8260
-0.0154,5499
-0.222,9751
0.219,922
-0.138,9873
0.0583,1198
0.194,1034
0.0534,3076
0.0366,4206
-0.0932,7198
0.379,87
0.0631,2111
-0.0158,5370
0.0604,2164
0.113,1159
0.0903,525
0.0712,3108
0.0212,3978
0.087,2431
-0.0532,7298
-0.426,9279
0.321,685
-0.194,10089
0.0312,4196
-0.102,7282
0.114,1597
-0.234,7848
-0.0278,6002
-0.164,7592
0.238,810
-0.129,7260
0.1,2717
-0.0999,7471
0.208,1160
-0.0235,5839
-0.184,10295
-0.00756,5428
0.594,857
-0.185,9007
-0.11,8716
-0.167,8412
0.148,195
0.117,2283
-0.0807,7664
0.124,2806
0.891,60
-0.0404,6481
0.0291,3591
0.0494,3621
0.219,1740
0.0491,3669
0.401,430
-0.142,9718
-0.0518,6906
0.158,1041
0.222,1043
-0.0152,5339
0.0323,4209
-0.00945,6288
-0.104,9473
-0.163,9330
0.0336,4304
0.0264,4121
-0.243,9471
-0.277,10361
0.00486,5059
0.092,1773
-0.0462,6834
0.176,1199
0.232,1324
0.129,2164
-0.00814,5372
0.204,1754
-0.138,8786
-0.213,9221
-0.0415,7176
0.0582,3243
0.0253,3826
-0.0747,8265
0.124,754
-0.0189,5858
-0.0668,6665
-0.115,8901
0.241,160
0.164,717
-0.154,9956
-0.174,9009
0.182,2084
0.0579,963
-0.0939,8861
0.354,571
-0.0871,7614
-0.0222,6383
0.138,2217
0.133,1133
0.0888,1976
-0.0155,5710
0.0202,4394
0.409,141
-0.205,9654
0.06,2857
0.0212,4091
0.223,480
0.208,2447
0.0895,2180
0.334,876
-0.224,9574
0.128,670
0.0532,2352
-0.174,9701
-0.0215,5905
-0.391,6442
-0.0641,8440
0.076,3658
-0.072,6653
-0.347,10057
-0.209,9435
-0.0695,5943
0.115,1545
0.0248,3404
0.114,1410
0.106,3088
-0.0698,7374
0.155,1824
0.028,4198
0.0214,4491
0.484,765
-0.247,9460
-0.237,9982
-0.0681,8121
0.00564,4913
0.0753,2149
-0.127,8365
0.0545,3405
-0.156,6956
-0.0189,5778
-0.00975,4873
-0.421,8871
-0.0163,6384
-0.0296,6742
0.228,314
-0.101,7172
0.0171,4596
-0.207,6887
-0.104,8518
-0.14,9382
-0.0408,6964
0.166,1349
0.205,575
0.585,494
-0.0769,8507
-0.105,9331
0.199,1899
-0.148,9358
0.0615,3411
-0.0814,5864
-0.234,10057
-0.104,9754
-0.292,10028
0.118,1858
-0.0257,5789
0.0687,3735
0.00206,5078
0.0637,3527
0.306,168
-0.0396,5798
0.0173,4303
-0.0686,7261
-0.0139,5729
-0.0626,8091
-0.0255,5249
-0.105,8875
-0.027,5734
0.152,2828
0.132,1263
0.052,3095
-0.00205,5219
-0.0548,5566
-0.336,10398
-0.0937,8182
-0.0616,6887
0.0483,2900
-0.145,8248
-0.0662,5950
0.199,2647
0.212,45
0.225,982
-0.133,9686
0.0945,2619
-0.00834,5164
0.0492,3647
-0.0584,6387
0.0199,3871
0.032,4105
-0.255,9516
-0.0307,6090
-0.102,7291
-0.057,6721
0.0307,3523
0.0943,1806
0.372,242
0.198,1426
0.0926,3333
-0.186,7261
0.054,3141
0.0878,1689
-0.132,9527
-0.111,6600
0.0889,2578
-0.109,9257
-0.21,10393
-0.205,9931
-0.00421,4883
0.18,2176
0.237,373
-0.0631,7585
-0.291,10397
0.166,2153
-0.0051,5334
0.331,228
0.042,4026
-0.119,8652
-0.129,9994
-0.0213,5910
-0.0187,5197
0.282,451
-0.00237,5058
-0.183,9920
0.252,244
-0.2,9714
-0.266,9184
0.00263,4813
0.108,2301
-0.161,4897
-0.0694,7499
0.0404,3066
0.0877,2796
0.0266,4090
-0.0484,7397
-0.141,7870
-0.0848,8840
0.0853,1997
0.117,2061
-0.0966,9814
-0.224,9959
0.000598,4837
0.00518,4813
-0.159,9904
-0.0353,5953
0.0243,3991
0.0406,4287
0.0309,3650
0.0818,1879
-0.062,7733
-0.25,10068
0.0505,2730
-0.0474,6452
-0.044,7569
0.223,130
0.0775,2485
0.173,2123
-0.0683,6893
-0.163,9280
-0.122,6593
0.204,1736
0.0571,3523
0.26,319
0.422,561
-0.208,8404
0.423,58
0.244,1298
0.113,2568
0.127,2413
-0.179,9629
-0.0925,7901
-0.022,5466
0.109,1728
0.0275,4246
0.115,3644
-0.32,7745
-0.2,8390
0.0894,3309
0.029,4040
-0.128,7788
-0.145,8206
0.0214,4125
-0.207,9996
-0.0587,6261
-0.0502,8880
-0.0772,8131
0.0201,4448
-0.0168,5551
-0.051,6216
0.185,2526
-0.08,7998
-0.0614,6915
-0.049,5925
0.356,1094
0.34,1064
-0.0398,6396
-0.118,8994
0.135,967
-0.113,8111
0.0312,4300
-0.17,4564
0.0986,2513
0.207,791
0.146,1972
-0.0405,6606
-0.0141,5561
-0.0301,6493
0.147,1143
-0.0523,7671
-0.0326,6003
-0.236,9717
-0.196,9128
-0.0596,6898
0.0533,3945
-0.0782,6969
0.129,1894
0.0962,2426
0.0532,3152
0.0818,3636
0.0454,3543
0.0505,2389
-0.0287,6615
0.0623,3284
0.14,1036
-0.164,8163
0.0307,3638
-0.158,9290
0.0267,2878
-0.149,8951
0.19,1678
0.243,2306
-0.0578,6558
-0.0478,7121
-0.0165,5625
-0.0332,6748
0.0831,2619
-0.129,9965
0.168,750
-0.0315,6653
-0.0473,6641
-0.378,9801
-0.39,7235
-0.23,4830
-0.323,9772
-0.0406,5698
0.0624,3004
-0.0065,5382
0.0706,3412
-0.0437,5911
-0.481,9129
0.249,689
0.0576,2206
-0.0504,7423
-0.0729,7813
0.0693,1811
0.367,912
-0.00602,5500
0.0171,4038
0.193,2723
0.00694,4744
0.233,1574
-0.234,7391
0.0137,4719
-0.0943,8038
-0.259,10161
-0.048,6589
0.0695,3164
0.164,687
0.00801,4513
-0.00946,5365
0.0361,4022
-0.0803,8034
0.207,282
0.315,2135
0.097,2771
0.0453,3408
-0.0204,5994
-0.0172,6151
0.174,1415
-0.0636,7122
-0.0821,7157
-0.162,8810
0.214,905
0.102,1909
-0.0225,5337
0.0922,1506
0.0602,2648
-0.142,9848
-0.0504,6942
0.0534,4048
-0.0259,6192
-0.0182,5309
0.115,1084
-0.183,10124
0.0365,4342
0.0108,4497
0.0557,2779
-0.068,6250
-0.0403,8184
-0.0319,6848
0.0313,4152
-0.351,8780
-0.0255,5467
-0.229,9333
0.00146,5086
-0.0421,6504
0.207,1322
0.206,2420
-0.394,10055
-0.132,8168
-0.0266,5725
-0.045,6622
0.288,2186
0.0124,4719
-0.125,7613
-0.297,9284
0.106,1415
0.0867,2390
-0.277,10022
0.453,357
-0.0843,6768
0.107,2775
-0.0763,7898
0.0461,3586
-0.0662,6577
0.0559,3219
0.0482,4080
-0.0788,7470
-0.0364,6800
0.00266,4894
-0.0865,8231
0.0813,3342
-0.0756,7286
-0.0816,8287
-0.0191,5856
0.0113,4677
-0.194,9484
-0.348,10362
0.129,3361
0.366,476
-0.0165,5657
0.114,975
-0.116,8179
-0.0334,6110
0.337,1712
0.0567,2262
-0.166,10321
0.0737,1896
-0.129,8727
-0.145,8778
0.0295,4389
-0.0459,5514
0.0333,3399
0.443,520
0.244,2521
-0.0811,7286
-0.233,8645
-0.0457,6289
-0.133,8167
-0.0285,6738
0.396,5
-0.00593,4877
-0.0299,6813
-0.378,10414
0.128,1266
-0.075,7869
-0.147,7221
0.297,1248
0.246,2190
0.147,1332
0.0124,4565
0.0486,3759
0.0512,3930
0.282,783
-0.348,9444
0.0591,2952
-0.0793,8751
0.0181,4399
0.0262,4099
-0.2,9511
-0.281,9820
-0.103,8324
-0.341,10234
0.0665,2484
-0.168,9280
0.0159,4550
0.671,119
-0.0985,6506
-0.105,8403
0.0191,4550
0.133,1408
-0.117,8103
0.0691,2787
0.0429,3815
-0.179,10255
0.0145,4506
0.259,678
-0.0916,7596
0.0575,3666
0.382,328
0.0105,4807
-0.0185,5908
0.0326,3957
-0.0224,6500
0.0707,4029
0.854,146
0.0503,3938
-0.169,9655
0.0295,416
-0.0185,5485
0.0607,3443
0.259,121
-0.128,4596
0.0154,4470
0.159,783
-0.088,7435
-0.0322,5640
-0.178,8692
-0.312,9629
-0.0397,6923
0.0881,1737
-0.0689,7666
-0.299,8562
-0.243,10248
-0.462,9740
-0.044,6685
0.104,1768
0.0442,3900
-0.0704,7488
-0.0272,5994
0.156,1897
0.0353,3922
0.254,240
-0.205,8525
-0.134,8186
0.148,2684
0.339,2227
0.158,767
-0.0827,7761
-0.162,9801
-0.131,7994
-0.572,10083
0.0893,2352
-0.0578,7229
0.0142,4586
0.133,2743
0.0118,4770
0.127,2206
-0.17,10005
0.122,2975
0.0753,2419
-0.21,9579
0.0749,2939
-0.254,10248
-0.2,9532
0.146,352
0.0667,2095
-0.00639,5418
-0.142,9459
-0.192,7010
0.0782,2859
-0.0777,8017
0.099,1337
0.00229,5128
-0.514,8344
-0.201,6905
0.101,3527
-0.00437,5352
-0.101,7393
-0.318,9816
0.18,563
0.321,366
0.406,392
-0.107,8674
-0.0368,6075
0.0415,4190
-0.0822,7317
0.214,671
0.371,285
-0.265,9486
-0.128,9800
-0.0576,6672
0.0665,3073
-0.296,9977
0.0822,3337
-0.145,9206
-0.0831,8482
-0.03,5931
0.362,1453
0.0323,3224
-0.216,8382
-0.0601,7322
-0.0302,7793
0.0477,3108
0.418,1464
0.0237,4524
-0.0449,7040
-0.0746,7802
-0.0619,7991
0.309,527
0.238,1044
0.0949,3425
-0.123,7171
-0.156,9935
-0.308,10102
-0.0596,6501
-0.105,7596
-0.151,8887
-0.105,6391
0.132,1310
0.0269,4356
-0.0492,6207
0.191,701
0.0997,2907
0.347,564
-0.0226,5963
-0.199,10198
0.0355,3874
0.0244,4146
0.0373,3370
0.0803,3009
0.214,1010
-0.0704,7433
-0.0784,7871
0.178,562
-0.0273,5972
-0.0774,6873
-0.013,5793
-0.104,10328
-0.114,7725
-0.131,8776
-0.0973,5964
0.235,333
0.173,735
-0.0544,6666
-0.321,10177
0.0994,2348
-0.0674,7505
-0.0344,7829
-0.194,9982
0.284,355
-0.0596,7774
-0.0503,6833
-0.0895,7137
-0.000201,5141
0.0297,3956
0.101,2034
-0.101,7650
0.0255,4209
-0.271,9859
0.315,778
0.00266,4934
-0.0783,7339
-0.253,9328
0.1,1320
-0.414,10069
0.0336,3616
-0.0196,5361
-0.234,10332
0.0529,3297
-0.0622,6150
-0.399,10199
0.225,2572
0.0793,3083
-0.238,9512
0.119,2997
0.0769,2032
0.575,316
0.106,2859
-0.0453,7985
-0.17,10177
-0.0351,6645
-0.121,8983
-0.00352,5300
-0.00222,4961
0.0817,2447
-0.0819,8313
-0.0281,5622
0.37,482
-0.251,9145
-0.0704,6719
0.0367,3360
0.017,4565
-0.0661,6643
0.214,1348
-0.501,10233
-0.155,8798
0.0381,3657
-0.248,8562
0.0905,3789
-0.549,9699
-0.161,5352
0.218,2010
0.025,4178
0.0213,4604
0.0341,4170
-0.261,8701
0.13,1431
-0.0527,7544
-0.183,9848
0.0535,3998
-0.076,6665
0.011,4668
0.105,2164
-0.154,9502
-0.0756,8748
0.0998,2948
-0.28,10381
-0.0583,6009
0.179,2308
0.141,1065
-0.0217,6447
-0.0751,8589
-0.123,7663
-0.178,8577
-0.318,7788
0.447,1
-0.0338,7512
-0.12,6824
-0.112,7270
0.19,2432
0.104,1632
0.0164,4410
0.256,463
-0.0809,8456
-0.0574,6522
-0.107,8166
0.0745,3355
0.103,530
-0.108,9431
-0.0969,7118
-0.247,10037
9.42e-05,5232
-0.0209,5578
-0.107,9347
0.112,1512
0.042,3671
0.218,1092
-0.0374,6010
-0.105,7414
-0.13,9558
-0.00772,5685
0.121,1869
-0.265,9137
-0.0192,5007
0.369,837
-0.00817,5805
-0.0932,9029
0.0492,3476
-0.218,9685
0.00322,4708
0.176,1578
-0.126,9354
-0.206,10030
-0.157,9212
0.1,2179
0.133,1609
0.0616,3305
-0.155,10033
-0.0686,8329
-0.117,7513
-0.117,6962
0.123,2790
-0.0611,6851
-0.142,9654
-0.0123,6068
0.0329,4272
0.0653,3428
0.0129,4389
-0.0359,5900
0.0344,3399
0.0311,4132
0.0112,4662
-0.248,9462
-0.0751,8587
-0.0905,7301
-0.0736,8166
0.142,1238
-0.238,10108
0.157,642
0.141,1798
-0.148,5343
0.011,4633
-0.0885,8499
-0.0598,6573
-0.0426,6216
-0.0721,5586
0.45,1991
-0.138,8694
-0.0639,7842
-0.0508,6719
-0.108,8406
-0.307,7392
0.455,1565
0.0159,4540
-0.104,9287
-0.0254,6069
0.00517,4652
-0.152,7277
-0.0932,8290
0.0296,4187
-0.239,8581
0.156,1586
-0.0391,5328
0.128,2840
0.226,1729
0.0853,2315
0.137,1915
-0.111,8607
-0.111,8073
0.0589,3014
0.02,4413
0.0279,2955
0.105,1748
0.0632,3432
-0.0938,6968
-0.082,7487
-0.0638,5744
-0.0112,5539
0.348,272
0.11,1327
-0.163,8258
-0.264,9371
0.136,1703
-0.0974,8041
0.316,974
-0.0374,5510
-0.0073,5370
-0.0182,5576
-0.0869,7305
-0.0708,7379
-0.082,7290
-0.024,5983
0.019,4449
0.189,2253
0.017,4421
-0.086,8335
-0.128,8269
-0.0468,5857
-0.291,9485
0.287,1502
-0.0502,7437
-0.0123,5575
-0.122,8215
0.0198,4108
-0.0892,7763
-0.55,9427
0.0831,2321
-0.0476,6658
0.0448,3818
-0.286,9765
-0.0793,8987
0.0245,4177
0.0577,3159
0.0281,4378
0.191,961
0.0606,2978
-0.118,9612
0.276,573
-0.0325,5809
-0.000819,4937
-0.101,9057
-0.127,7992
0.0603,3531
0.0224,4396
-0.304,9689
-0.117,9885
-0.0838,8472
0.136,1344
0.0183,4398
0.18,1482
0.152,2392
0.00154,4839
0.0974,1916
0.00456,4907
0.205,1103
-0.113,7583
0.158,1631
-0.128,9926
0.073,1783
-0.078,7503
-0.0205,5513
0.0943,2314
0.0515,3525
0.0573,2468
0.152,882
0.257,488
-0.228,8513
-0.344,9783
0.154,2378
0.00966,4810
-0.108,9878
-0.00159,5097
0.0618,2837
0.459,772
-0.061,6348
0.0365,3538
0.116,381
-0.0466,7241
0.143,1168
0.0812,732
0.0796,2978
-0.0578,7060
0.166,1710
-0.0431,6415
-0.00634,5025
-0.0453,6298
0.244,1314
-0.154,9862
-0.0978,8531
-0.0576,6759
-0.266,10414
0.113,2299
0.184,1309
-0.163,9525
0.186,536
0.163,2182
-0.126,6419
-0.301,5940
-0.338,8310
0.0693,1956
-0.0925,7462
-0.0886,7485
0.0617,3654
-0.184,7705
-0.18,7190
-0.0466,8098
-0.145,10058
-0.2,8378
-0.331,10333
0.573,1263
0.0556,3927
0.0383,3765
0.213,3166
0.0484,3735
-0.0495,7060
-0.0911,8433
0.0758,3534
0.0793,2778
-0.0382,6626
0.0326,4120
0.52,250
-0.151,9075
0.464,892
-0.0783,7062
0.222,781
-0.365,10402
0.198,494
-0.134,8371
0.359,64
-0.102,8921
0.0541,1253
-0.0456,5034
-0.0683,7219
-0.018,5570
-0.0729,8171
-0.0762,6859
-0.0101,5648
-0.108,7664
0.216,2488
0.0343,4242
-0.0729,6318
0.0608,3306
-0.0191,5447
-0.0472,5514
0.0109,4733
0.357,536
0.0984,3168
0.142,2743
0.0148,4242
-0.0926,7223
-0.018,5851
-0.0548,6390
-0.031,5826
0.106,1675
-0.085,9924
-0.123,8430
-0.0309,6181
0.399,1314
-0.00458,5353
-0.0713,7616
-0.0313,5917
-0.0634,6600
-0.179,8827
-0.233,9118
-0.347,7700
0.0934,964
-0.0845,7469
-0.142,9777
-0.31,8605
0.0788,3351
0.188,814
-0.103,9779
-0.011,5826
-0.162,7919
0.188,1322
-0.0264,5630
-0.132,6879
-0.0422,6940
-0.037,6490
-0.138,7221
-0.133,8469
-0.0793,6264
-0.0937,7476
0.0242,4166
-0.219,10447
0.0215,4605
0.086,3081
-0.202,8954
-0.0874,8668
0.107,2146
0.0152,4553
-0.109,9468
0.229,584
0.24,770
0.0941,3370
-0.0882,8476
0.0103,4697
-0.216,9996
-0.0147,5352
-0.0858,6257
-0.117,9084
0.16,1074
-0.29,9882
0.0936,3257
0.131,1619
-0.0234,5839
-0.0722,6171
0.0987,1240
0.0312,4317
0.114,2003
-0.0323,6055
-0.191,7133
0.379,1125
0.0402,2599
0.167,320
0.119,2946
-0.0428,7023
-0.477,8894
0.229,2409
-0.0859,8637
-0.00552,5298
-0.0375,6419
0.19,1557
0.171,2753
-0.00648,5029
0.512,0
-0.0491,7168
-0.277,9533
0.395,357
-0.0779,6351
0.214,1970
0.311,546
0.00781,4850
-0.17,8875
0.0247,4415
0.0701,3742
-0.292,9623
0.0387,3059
-0.143,9163
0.0107,4831
-0.184,9006
-0.145,7263
-0.188,9949
-0.0219,6669
-0.0215,6184
-0.111,6940
-0.0816,7168
-0.0561,6055
-0.239,9640
0.315,495
0.0801,1497
-0.0808,5925
-0.175,9606
-0.0446,6546
-0.0332,6315
0.182,963
0.0105,4186
0.186,719
0.209,263
0.019,4632
-0.104,7849
0.034,3379
0.12,2787
-0.0895,10339
-0.0165,6033
0.135,1436
-0.244,9678
0.288,140
-0.0516,7378
-0.156,10028
-0.115,8404
-0.156,9715
0.249,1058
-0.0902,7429
0.0837,2525
-0.226,10257
-0.255,9333
-0.0221,5649
-0.0223,5163
0.621,182
0.142,130
-0.0264,7050
-0.242,5877
-0.318,9271
0.877,1055
-0.182,7849
0.0634,3149
-0.0175,6196
-0.0815,6905
0.193,740
-0.201,9142
0.316,509
-0.0319,6746
-0.0896,8898
-0.216,8749
-0.0309,6712
-0.116,7693
-0.106,6323
0.0283,4167
0.00381,5021
0.0294,4354
-0.118,8474
-0.288,9780
-0.569,10428
0.227,270
0.0648,2462
0.00926,4712
-0.341,10209
-0.275,8647
-0.0906,7938
-0.0293,6261
0.186,283
0.425,1802
0.281,1737
-0.0465,7804
-0.0701,8648
0.00436,5061
0.167,348
0.0795,2832
-0.182,8969
0.0732,3405
0.00991,4791
0.1,2799
-0.32,9230
-0.0127,5565
-0.191,8598
0.142,1908
-0.0895,7451
-0.0189,5991
0.149,916
0.205,1172
-0.0341,6315
-0.0295,5632
-0.0334,5864
-0.0162,5937
0.0964,2912
0.0533,3258
-0.0664,6723
0.0171,4444
-0.00252,5249
-0.152,9241
-0.161,8786
0.167,1691
-0.139,8135
-0.0845,8010
-0.125,9421
-0.108,9312
-0.0193,5593
-0.0201,5746
0.0195,4567
0.304,1771
-0.214,9740
0.00404,4854
0.182,2539
0.0119,4645
-0.136,8098
-0.224,8976
-0.0127,5661
0.0944,2761
-0.283,9935
-0.212,9274
-0.00567,5357
0.0833,2123
0.209,657
-0.122,7401
0.837,848
-0.161,9309
0.274,1703
-0.309,8932
0.0216,4325
-0.0335,6985
0.056,2847
-0.0258,5489
-0.0801,7929
-0.126,9066
-0.107,8677
-0.0227,6805
-0.117,7793
0.269,154
0.0826,1776
-0.161,9019
0.0974,1238
-0.0113,5268
0.073,3248
-0.0243,5474
-0.0761,7800
-0.169,10339
-0.22,10273
0.016,4199
-0.04,6602
0.0369,3889
-0.226,9409
-0.00211,4907
0.00701,5041
-0.0708,6423
0.689,1312
-0.0598,6609
0.0572,4353
-0.0822,7320
0.0729,1516
0.346,193
-0.175,5658
0.419,430
0.142,770
-0.13,8287
0.0222,3987
0.0748,1719
-0.105,7648
-0.087,8674
0.117,2604
0.22,2093
-0.032,6477
-0.0321,6268
-0.00564,4999
0.247,391
0.00113,4977
0.151,2115
-0.164,9664
0.0381,4039
0.0145,4417
-0.193,7495
0.129,1336
-0.0235,5621
-0.115,9602
0.0404,3583
0.22,592
0.341,5
-0.11,7628
0.082,2787
-0.163,8793
-0.0135,5723
-0.00751,5137
0.279,109
0.077,2627
-0.0537,6717
0.337,126
-0.219,10147
0.0405,4011
0.185,750
-0.156,8741
-0.126,7145
0.0533,3029
-0.242,10194
0.0904,2428
0.0157,4461
-0.146,6501
0.0419,3993
-0.102,7963
-0.125,7618
0.0211,4766
-0.0118,5433
-0.0213,5725
0.236,690
0.0935,1341
0.063,3452
-0.123,8265
0.0853,3461
0.184,1787
0.0929,1901
-0.113,9402
0.182,1538
-0.0585,6253
-0.218,7063
0.0515,3765
0.274,343
-0.163,9339
-0.835,8785
0.291,1892
-0.572,8388
0.124,2319
0.607,1739
-0.0547,5990
-0.257,10067
-0.155,7653
0.0983,2376
-0.0866,8851
-0.0285,6411
-0.0497,6079
0.0297,4239
0.0285,3931
-0.0287,5241
0.012,4645
0.189,48
0.0101,4871
0.0789,3137
-0.0432,5587
-0.391,10185
-0.00287,5295
0.0426,3688
-0.0829,6978
-0.134,8884
-0.073,6725
-0.0382,5872
-0.00641,5522
-0.00554,5303
-0.0106,5434
0.265,264
-0.0533,6651
-0.369,10293
-0.0575,6840
-0.0849,7964
0.225,969
-0.0211,6057
-0.0416,6441
-0.0718,6860
0.0625,3306
-0.0958,9492
-0.255,5043
-0.148,7743
0.654,11
0.0673,3349
-0.065,8027
0.115,2162
-0.127,10010
0.181,1242
0.0459,3857
0.0566,4079
-0.0942,8185
-0.0364,8601
-0.00819,5270
0.545,1844
0.178,672
-0.00795,5250
0.0955,1763
-0.037,6777
-0.368,10400
0.0856,1172
-0.0314,6819
-0.118,7521
0.00923,4584
0.0118,4274
-0.173,9933
-0.108,5749
0.198,1474
0.142,3118
-0.277,9384
-0.108,8099
0.0242,4257
0.135,2604
0.303,773
0.126,1887
-0.22,8829
0.0924,1821
1.3,421
-0.259,6009
0.0306,4265
0.025,4224
-0.225,9159
-0.0629,9222
0.0104,4484
-0.095,9601
0.0407,3993
-0.0524,6252
-0.352,10131
-0.252,9696
-0.0124,5220
-0.0113,5375
-0.524,8707
0.0447,3893
-0.147,8582
0.115,2485
0.178,927
-0.199,9244
0.0438,3421
0.217,673
-0.18,8400
-0.121,8177
-0.0278,6452
-0.272,10242
0.011,4607
-0.148,9244
-0.0723,6039
-0.196,8108
-0.127,10219
-0.0576,7529
-0.254,10146
0.118,1823
0.171,2138
-0.235,9821
0.217,29
0.0779,2362
-0.0657,6862
-0.0421,6338
0.0721,3318
0.09,3564
-0.0853,8356
-0.00957,5659
0.0522,3453
0.0442,3880
0.213,2431
-0.0514,6286
-0.0656,7380
-0.0743,8454
0.195,916
0.0137,4723
-0.023,5359
-0.0951,7569
-0.0806,8009
-0.183,9436
0.0464,3540
0.138,2266
0.147,2858
0.113,1760
0.18,587
-0.206,9953
-0.0514,6606
0.0388,4053
-0.0211,6172
-0.118,8472
0.122,992
-0.0498,8402
-0.13,8203
0.181,1078
0.0381,4276
-0.192,8212
-0.121,8227
-0.0478,6781
-0.122,8184
-0.312,9606
-0.101,7048
0.633,435
-0.419,9950
-0.148,8318
0.161,2713
-0.51,9282
0.458,260
-0.265,9776
0.0887,2940
-0.086,7302
0.127,2218
0.0724,3670
-0.129,8668
-0.0911,8573
-0.176,9694
-0.338,9873
-0.0229,5880
-0.0895,7780
-0.025,5370
0.118,1900
0.0127,4285
0.0365,3853
0.01,4512
-0.0268,5063
-0.0151,5001
0.0631,2298
-0.081,7714
-0.108,7459
-0.176,7494
0.0689,2123
-0.0845,7562
0.00571,4948
0.0273,4212
0.0176,3889
-0.0501,6301
-0.151,7018
-0.139,7080
-0.0872,7477
-0.145,8724
0.331,174
0.221,520
0.208,212
0.101,1672
-0.0274,6113
0.067,2268
0.0893,1824
-0.137,9246
0.00608,5046
0.0909,3411
-0.275,6889
0.069,2635
-0.0121,5232
0.0269,3673
-0.0682,6450
0.0458,3767
0.136,2111
-0.0575,7139
-0.106,6756
0.05,3055
-0.0968,7396
-0.0948,7012
-0.0462,7216
0.161,463
0.239,397
-0.0265,5773
0.222,1377
-0.32,10158
-0.0752,8857
-0.0602,6857
2.95,187
-0.171,4561
-0.526,8071
0.0709,3502
-0.433,9356
0.221,2280
-0.174,8775
0.16,632
-0.0395,5795
-0.17,8430
0.0574,2784
0.23,721
0.0395,4079
-0.209,6453
-0.0159,5453
2.21,241
-0.382,6783
0.283,1759
-0.0551,6120
0.0481,3387
-0.228,7883
-0.066,6324
0.0564,2383
-0.0325,6411
0.0162,4742
-0.0678,7464
0.301,102
-0.202,7140
-0.0497,8340
0.0375,3607
-0.0395,6343
0.103,3255
-0.0261,5387
0.0291,4362
-0.0186,5566
0.0431,3701
-0.0164,4863
0.0539,4103
0.375,1578
-0.143,8841
-0.103,8155
-0.123,9579
-0.175,8702
-0.049,6554
-0.216,9965
0.0595,3650
-0.0421,7736
0.117,1047
-0.00549,3019
-0.00109,5332
-0.245,9364
-0.0887,6824
0.0637,3060
-0.0244,6119
-0.115,9596
-0.177,10060
0.422,1257
-0.0146,6219
-0.104,8198
0.13,818
0.0395,3375
-0.0109,5098
-0.137,6632
-0.0408,6356
-0.0243,5721
0.227,470
0.132,1103
0.0151,4495
-0.00629,5306
-0.013,5220
-0.0501,7649
0.0517,2798
-0.152,9192
-0.194,8675
0.0874,2823
0.0218,4487
0.000289,4749
-0.153,9419
0.00545,5086
0.11,2893
-0.247,9359
-0.128,6867
-0.106,8730
0.156,1179
-0.00594,5556
0.12,2641
-0.133,7514
0.185,2981
-0.0852,7955
0.0314,3510
0.0202,4381
-0.0635,6604
0.0305,2957
-0.22,8393
0.0379,3073
0.0949,2447
0.000285,4996
0.109,2547
-0.0244,5437
-0.132,8153
0.0622,3538
0.0606,2714
0.098,2432
0.00349,4962
0.0341,4287
-0.0531,6623
-0.013,5619
-0.0335,6445
-0.11,8042
0.0272,4248
0.172,3121
0.0765,3255
0.0534,3119
0.049,2475
-0.11,8987
-0.121,7144
0.434,2061
-0.0234,6309
-0.205,8870
-0.0449,7641
-0.182,7706
-0.432,7370
-0.28,7784
0.0584,3362
-0.291,7775
0.0873,2969
0.183,1289
-0.177,7240
0.137,1461
-0.00497,5464
-0.0482,6900
-0.0488,5737
0.113,2685
-0.0109,5287
-0.0862,7754
-0.178,9930
-0.00618,5512
-0.0991,8584
0.00486,4966
-0.0482,7212
-0.0861,7765
0.0502,3391
-0.0244,5536
0.177,2370
0.123,1750
-0.275,6827
0.642,565
-0.193,9392
0.0152,4490
0.0506,3581
-0.0471,6731
-0.0694,6728
0.0351,4036
-0.0507,6815
0.357,601
0.145,1808
-0.000781,5195
0.0692,3518
-0.226,9616
-0.129,6825
-0.185,8972
0.892,134
-0.133,7015
-0.12,4149
0.0872,2514
-0.0561,6795
0.0129,4666
-0.0489,6698
-0.0773,6556
0.0505,3711
-0.275,9805
0.0484,3952
-0.0765,7769
0.0403,4554
0.077,2122
-0.0299,5719
-0.0273,5965
0.0217,4185
-0.111,7959
-0.00151,5382
0.0145,4593
-0.189,8522
0.328,149
0.00886,4656
-0.025,6393
-0.0777,7363
-0.218,8774
-0.00508,5164
-0.0952,7175
-0.014,6411
0.0663,3339
0.0509,3760
-0.205,9167
-0.201,9218
-0.0521,6495
-0.0253,5575
-0.0476,6833
-0.196,7991
-0.147,7959
-0.24,9117
0.45,109
0.189,270
-0.13,9639
-0.299,9222
0.224,1113
-0.303,9428
-0.0518,5871
-0.175,6873
0.0204,3812
-0.00593,5219
-0.0757,7682
-0.564,9579
0.264,2519
0.157,192
-0.092,8354
0.126,1845
-0.0275,6070
-0.000928,5254
-0.209,8869
0.0481,3000
0.0311,3851
-0.0579,6939
-0.222,9713
-0.189,5667
-0.217,9685
-0.0521,6135
0.116,1526
0.173,889
0.0982,2973
-0.0232,5306
0.0662,3103
0.0417,3037
0.0195,4370
-0.35,8674
0.301,1876
-0.102,7919
0.00401,4703
0.107,1713
-0.188,8027
0.145,2372
-0.0297,6188
0.0161,4416
-0.2,9065
-0.287,10209
-0.0552,8258
-0.189,7962
-0.174,9640
0.0379,3832
-0.129,7342
-0.0218,6216
0.0229,4431
-0.00154,5250
0.141,1759
-0.04,6551
0.159,1390
0.0528,3332
-0.0896,7089
0.191,1162
-0.0708,7327
0.202,1751
0.0627,2040
-0.2,9931
-0.1,9299
-0.209,9711
0.261,694
0.262,1478
0.0122,4792
-0.162,10006
-0.0312,6434
-0.0754,6868
0.174,2053
0.0909,3185
-0.114,8774
0.137,1225
0.306,137
0.214,1240
0.0373,4100
0.0758,1712
-0.0792,7591
-0.051,6858
0.127,1034
0.0096,4611
0.578,58
0.443,435
0.0556,3799
0.261,442
0.0625,2180
-0.101,6773
-0.0237,5602
-0.0661,6473
-0.405,10136
0.0736,2300
-0.0746,8575
0.133,2337
0.0909,3424
-0.162,8193
0.0384,3829
-0.0969,8180
-0.0519,7112
-0.112,7905
0.255,1228
-0.135,9308
-0.0899,7340
-0.105,9127
-0.0959,8437
-0.00778,5105
-0.085,7264
-0.304,9711
-0.173,7686
-0.278,9456
0.0739,2468
-0.219,8966
-0.00207,4970
-0.284,9917
-0.126,9206
0.154,931
0.05,2797
0.0986,2717
0.0417,4194
0.118,1528
-0.12,7155
-0.215,10261
0.0366,3186
-0.197,9252
-0.201,9349
0.0206,4526
-0.123,8374
0.0462,3565
-0.0286,6806
-0.0252,5911
0.186,646
0.953,10
-0.0364,6436
0.109,1549
0.00904,4708
0.178,1307
-0.0537,7242
0.132,2215
-0.274,6359
0.0763,2289
0.133,1279
-0.0335,6266
0.0291,4064
0.0888,3371
0.148,1376
0.0588,2829
0.228,843
0.184,1295
-0.019,4702
0.159,2406
-0.0317,6008
0.223,325
-0.0843,7269
-0.317,9934
-0.264,9411
-0.0271,6144
0.441,1468
-0.156,9137
0.0382,3445
-0.0749,6672
0.16,1447
-0.126,8941
-0.178,9236
-0.0526,7998
0.171,915
0.0533,3844
-0.0838,8565
-0.347,10115
-0.197,7980
0.0176,4348
-0.0905,8727
-0.0719,6184
0.322,259
-0.108,7609
0.0901,3761
0.207,433
0.0983,955
0.0422,4240
0.094,3350
0.109,2615
0.00597,4994
0.00633,4643
-0.16,9465
-0.121,8452
0.409,413
0.29,542
-0.147,9530
-0.0338,6436
-0.289,9018
0.0833,1969
-0.279,10054
0.359,2275
0.0182,3792
-0.0105,5634
0.0602,2864
0.117,2213
0.0109,4606
-0.294,10038
0.111,1779
-0.0746,7931
-0.317,10032
0.0484,3900
-0.13,7877
0.202,1301
0.0818,2807
-0.0881,7578
0.0706,3538
-0.0593,7048
-0.0554,6600
0.269,508
0.00808,4863
0.0595,2250
0.421,355
0.0333,4023
0.00841,4880
-0.0828,6104
0.0089,4749
-0.0687,8606
0.255,851
0.176,664
0.338,501
-0.185,7579
-0.0587,8354
-0.0852,7792
0.0317,3554
0.0156,4535
0.0798,3306
-0.0533,7484
-0.139,9315
-0.0942,8093
-0.325,10335
-0.0602,7746
0.273,2533
-0.115,7864
-0.0477,6691
0.0384,3455
0.0809,2945
-0.0759,7849
0.0686,2928
-0.0354,5640
-0.053,7391
-0.0518,6534
-0.284,9937
0.329,407
0.0752,3719
-0.265,7548
-0.00347,5078
-0.0115,5267
-0.0681,5423
-0.361,9988
-0.146,8078
-0.0776,6911
-0.188,10140
-0.0608,7329
-0.095,7784
0.0418,3136
-0.103,10129
0.0628,3405
0.0685,2184
-0.119,9324
-0.394,6182
0.00367,3380
-0.305,7968
-0.214,6203
0.369,2507
-0.154,10043
0.351,1399
0.129,2208
0.209,544
-0.0529,6991
-0.0361,6368
0.0708,2749
0.129,1660
0.0942,3080
0.163,1776
-0.192,4767
-0.124,9073
0.0653,2069
-0.102,8290
-0.184,9602
-0.159,8805
0.0699,3549
0.04,3672
0.0126,3820
-0.139,5825
0.0462,3754
-0.117,6184
0.0279,4508
-0.0259,5829
0.0529,2025
0.16,2474
0.155,679
-0.0745,7705
-0.0488,6910
0.0561,2312
-0.00253,5635
0.155,851
0.0739,2362
-0.089,6925
-0.104,9151
0.0832,1516
-0.26,9531
0.272,1081
0.256,1181
0.00406,4898
-0.0727,7534
-0.00534,5263
-0.34,10077
-0.179,6744
-0.225,8859
-0.208,8611
-0.0849,8205
0.0248,4145
0.0984,1119
-0.0388,5892
0.0844,3051
-0.0856,6251
0.673,1196
-0.122,9331
0.0112,4451
-0.216,9424
-0.388,10016
-0.0457,6511
-0.482,9866
-0.0742,7038
0.0378,3395
-0.147,8877
-0.272,9401
-0.00296,5279
0.323,939
0.0422,3938
-0.112,8210
-0.215,10417
-0.188,8977
0.0257,4239
0.321,320
0.237,103
-0.185,10113
0.106,2238
0.277,607
-0.231,8942
0.806,130
0.0876,784
-0.0101,5331
0.159,729
-0.00698,5226
0.0364,4034
0.347,712
-0.209,9950
-0.255,8995
0.041,3895
-0.0416,5846
-0.237,8889
-0.113,7004
0.0267,3907
-0.0313,7170
0.156,2996
0.027,3644
0.198,2191
-0.348,10104
-0.0749,6951
0.208,883
-0.0634,7708
-0.214,9379
-0.163,7636
0.207,303
0.485,18
0.0592,1695
0.14,1657
0.0466,4002
0.15,1953
-0.187,9259
-0.0748,8237
-0.0761,7569
0.379,746
-0.0835,6730
0.0558,2143
0.0159,4566
0.0704,2905
0.255,33
0.171,760
-0.0077,5290
0.0288,4048
-0.0407,5762
-0.0401,5835
-0.0116,5837
-0.329,5872
-0.0614,5850
-0.0588,7627
0.182,2513
0.0209,4319
0.116,2006
0.201,1738
0.267,126
0.168,2155
-0.099,8428
-0.0531,6526
0.00117,4741
-0.0443,6300
-0.0104,5643
0.0484,4069
-0.182,8720
-0.168,10073
0.105,1864
0.152,1978
-0.0691,7934
-0.00145,5022
-0.0851,8168
0.325,468
-0.0267,5966
-0.00474,5328
-0.0268,5928
0.0803,3009
-0.0559,6202
0.0269,4467
-0.0227,5602
0.00296,4887
0.552,659
-0.164,9753
0.0272,4374
-0.0869,7450
-0.367,10463
0.0953,2204
0.211,1880
-0.0999,3488
-0.178,9547
-0.00565,5386
0.0854,2514
-0.702,9612
-0.046,5407
0.0524,3721
-0.239,4434
0.428,551
0.221,394
0.173,2272
-0.16,8604
0.129,703
-0.0479,7632
0.297,154
0.128,3024
-0.263,9470
-0.179,9758
-0.0114,5837
0.088,1084
0.121,2421
-0.0762,8460
-0.0541,7293
0.0751,3114
-0.0374,6250
0.0312,3507
-0.149,6573
-0.0179,5691
0.0541,2917
0.164,2366
0.00657,4668
0.111,879
-0.101,6303
0.266,427
0.355,238
0.196,757
-0.29,10353
-0.184,9218
-0.213,8850
0.0424,3261
0.103,1907
0.317,1268
-0.232,10422
-0.0351,6466
0.35,544
-0.201,8597
0.623,133
0.141,2551
-0.125,9994
-0.0952,8041
-0.429,10332
-0.19,8981
0.00807,4877
0.139,1699
0.329,22
-0.00055,5199
-0.136,9952
0.0404,4107
-0.346,9041
-0.0533,6361
-0.0459,6637
-0.106,9896
0.106,2018
0.396,464
0.139,2363
0.155,1469
0.0408,3530
-0.00291,5072
0.036,3947
0.102,2274
0.02,4257
0.105,2237
0.00154,4906
-0.0739,7653
0.491,274
0.0735,2735
0.0225,4423
-0.0785,7022
-0.0976,7832
-0.0789,7630
0.105,2144
0.098,1261
0.0825,2692
-0.0621,8426
0.352,186
-0.0544,7128
0.0814,3140
-0.116,9893
-0.104,8808
-0.114,7425
-0.0772,8434
0.253,464
-0.0906,8562
-0.0926,8709
0.286,225
0.153,1714
-0.0259,5938
-0.117,8292
0.0613,3486
0.0859,2923
-0.218,9894
0.079,2974
0.17,1856
0.109,2419
0.225,1125
-0.107,7399
-0.266,9379
-0.51,8979
-0.0654,8142
0.0284,3988
-0.00422,5350
0.00355,4789
0.0435,3558
0.463,321
-0.101,9161
-0.0084,5478
0.0979,1954
-0.143,8604
-0.29,8241
-0.00156,4942
0.0526,2864
0.0598,2919
0.0585,3452
0.114,1508
-0.277,9687
0.0749,3380
-0.208,9580
0.0365,3389
0.113,1686
-0.0757,7346
-0.303,10296
-0.117,9153
-0.0905,6648
0.0533,3797
0.108,2727
0.00293,4761
-0.52,9105
-0.323,8819
0.0168,4458
-0.0104,5965
-0.262,9874
-0.361,9528
-0.0385,6579
0.0154,4500
-0.183,9471
0.148,489
0.161,1871
-0.0224,5808
-0.164,9107
-0.169,7283
-0.0865,6346
0.407,172
-0.258,9535
-0.258,9188
0.061,2895
-0.0922,7834
-0.1,10007
0.0841,1857
-0.19,8761
-0.0838,7797
-0.143,8424
0.0742,2659
-0.0362,7333
-0.0771,9136
-0.0889,8329
0.165,1656
0.469,172
-0.0132,5787
0.0335,3848
-0.0359,6890
0.0656,2553
0.14,1791
0.0989,750
-0.0945,5973
0.0478,3395
0.0873,2449
0.0242,4225
0.0284,4503
0.154,1066
0.103,2921
0.095,1711
0.034,3078
0.0416,4106
-0.0396,6661
-0.171,9326
-0.134,9153
0.0795,2573
-0.0357,6288
0.0385,3284
-0.00547,5276
-0.0162,6167
-0.0589,7711
0.0489,3216
0.155,769
0.0877,2295
-0.218,9353
0.0485,4007
1.99,226
0.0208,4051
-0.0719,8017
0.0834,2297
-0.247,10303
0.105,3030
0.00857,4818
-0.059,6740
-0.0647,8057
0.105,2270
-0.169,9334
0.0659,4032
-0.0138,5227
-0.0752,8529
-0.0815,8126
0.129,1671
0.0651,2947
-0.139,7609
-0.0696,8054
-0.0496,7122
0.0224,4356
0.293,75
-0.27,9661
-0.116,8824
0.0245,4589
-0.227,9994
-0.05,6744
0.00637,4757
-0.0496,5960
-0.0347,5946
-0.17,6232
-0.0239,6277
-0.0185,6012
0.0432,4197
-0.255,6516
-0.123,8431
-0.3,8139
-0.131,8113
0.0641,2721
0.11,3429
-0.0778,7042
-0.136,7059
-0.14,7953
0.0218,4055
0.144,1532
0.0638,3904
-0.122,6855
-0.175,8652
-0.0104,5452
-0.172,10336
0.126,359
-0.0867,6836
0.0946,3469
0.0143,4616
0.00111,5120
0.0517,4210
-0.0807,9242
0.124,2095
-0.0708,7351
0.0774,3462
-0.101,8187
-0.109,6535
-0.00565,5344
-0.0681,7372
0.153,2385
-0.017,4593
-0.065,6838
0.00374,5021
0.0992,2616
-0.138,8038
0.00922,4693
-0.075,6342
0.158,2634
-0.182,10275
0.0766,2490
-0.207,9482
0.0372,4098
-0.192,9286
-0.177,9959
0.125,1384
-0.0677,7821
0.111,2113
-0.0338,6020
-0.26,7492
0.441,130
-0.0553,7636
0.0822,2112
0.341,731
-0.0506,6870
-0.178,9172
-0.151,9671
-0.0285,6367
0.532,715
-0.186,9629
0.249,1582
-0.185,9162
0.0399,4081
-0.109,8166
-0.121,8532
0.217,1673
0.0237,3670
-0.0663,6669
-0.0619,7666
0.286,176
-0.0303,6713
-0.195,9240
-0.0302,6481
0.205,1317
0.176,1446
-0.0125,5646
0.149,332
0.083,2978
0.0504,3752
0.0479,3665
-0.151,8961
0.0591,3590
-0.18,10112
0.054,4261
-0.289,9427
0.0109,4860
-0.0759,6773
-0.058,6757
-0.148,10135
-0.133,8171
-0.24,8861
-0.0193,5708
0.174,2577
-0.201,9862
-0.0852,8897
0.18,677
0.606,926
-0.0147,5266
-0.0722,6433
0.000182,5242
-0.194,10016
0.184,1176
0.0527,3545
0.111,2752
-0.0489,6375
-0.00133,5098
-0.0723,7132
0.0553,3431
0.182,1263
-0.143,8583
-0.159,8928
-0.00941,5647
-0.0834,7098
-0.319,9705
0.17,3273
0.287,2706
-0.264,5084
-0.0854,7889
0.0668,2176
-0.234,10111
-0.0369,5803
-0.147,9325
-0.297,10311
-0.131,8937
-0.287,8491
0.0498,2965
0.0841,3124
-0.109,9609
-0.0672,7187
-0.0417,6290
-0.0742,8359
0.375,233
-0.0745,7129
0.11,1748
0.454,1138
0.178,702
0.0994,2883
-0.935,9949
-0.197,8793
-0.0778,7552
0.137,2658
0.127,1871
-0.054,5904
0.246,2079
-0.197,9801
-0.25,9743
0.0181,4481
0.0466,2706
-0.00404,5292
0.0312,4182
-0.107,7520
-0.204,6717
0.175,110
0.0893,2153
0.0216,3846
0.0298,4534
-0.0249,5251
0.836,1397
0.513,643
0.0186,4345
-0.0942,7537
0.00388,4709
0.102,1487
-0.335,9913
0.143,2672
-0.241,10115
0.224,882
0.0255,4427
-0.0547,6270
0.117,2348
-0.247,9615
0.104,1172
0.0108,4675
-0.0507,6975
0.0737,2182
0.201,920
0.144,1636
0.0874,2500
-0.121,7469
-0.0514,6663
0.0864,2804
0.0606,3748
-0.0345,6023
0.0133,4420
0.178,1412
0.153,2390
-0.0622,6720
-0.0239,5492
-0.00684,4991
-0.0865,7657
-0.0289,6939
0.0304,3660
-0.00146,5142
0.0299,4277
0.0551,2966
0.0114,4467
-0.15,9332
-0.199,6425
-0.397,9220
-0.152,9280
-0.535,8488
-0.144,9256
0.0115,4201
-0.0637,7486
0.0432,3518
0.31,850
-0.157,10002
0.00199,5022
0.0208,4386
0.0203,4672
0.0529,3420
0.299,404
0.0136,4699
-0.0999,8211
0.046,2836
0.545,63
-0.0112,4996
0.0477,3466
-0.0482,6485
-0.0525,6024
-0.17,8913
-0.118,8147
0.0881,3304
0.0823,3419
0.111,2881
-0.0521,7814
-0.0265,5912
0.00566,4827
-0.0832,6160
-0.0428,6282
-0.0557,5788
0.0228,4128
-0.294,10393
0.0689,3479
0.0473,3661
-0.0324,6455
0.068,3959
-0.0653,7730
-0.0214,6803
-0.0321,5924
-0.298,9816
-0.0231,5288
0.106,3582
0.0246,4335
-0.0805,6957
0.0676,3850
0.1,2715
-0.59,8475
-0.00362,4978
-0.0855,7561
0.134,1183
0.036,4025
-0.132,8594
-0.11,8276
-0.00443,5222
0.11,1395
-0.0918,9638
0.026,4356
-0.127,9116
0.212,559
-0.0419,5782
-0.106,8732
-0.05,6908
0.0154,4390
-0.186,9650
0.0922,1599
-0.0325,6475
0.0498,3592
0.0577,2817
-0.0774,6687
0.0884,3304
-0.00819,5426
0.0677,3811
0.0107,4412
0.141,1481
-0.266,9765
-0.00311,5336
-0.014,4631
0.141,1707
0.066,2625
0.144,886
-0.303,6956
-0.0471,5771
-0.418,9799
-0.031,6865
0.0437,2956
0.231,622
0.0488,3443
0.252,651
0.0508,3925
0.0354,4021
-0.157,8228
0.00583,4710
-0.121,7633
-0.218,8212
-0.118,7934
-0.12,7350
-0.0534,6612
0.391,2166
-0.0221,5312
0.147,2352
0.111,2922
0.271,1547
-0.142,6621
-0.048,5045
0.209,1729
-0.134,6348
-0.00438,5392
0.101,691
0.103,1166
-0.179,9638
-0.277,10409
0.0178,4580
-0.116,8234
-0.0388,6560
-0.252,10150
0.395,1153
0.0673,3394
0.0368,4057
-0.0927,8205
-0.219,9252
0.202,2099
-0.107,7877
0.113,1288
0.294,632
-0.0518,7131
0.0991,2003
0.0988,66
-0.216,8750
-0.278,10048
0.000535,5107
0.0597,3392
0.0168,4348
0.0809,2507
-0.276,10170
-0.0731,7959
-0.0947,7682
0.119,2603
0.192,215
0.0361,3702
-0.268,5239
-0.0396,6244
-0.0988,7270
-0.0419,6583
0.0424,3988
-0.0302,6130
0.126,1852
-0.0684,6394
0.0734,3839
-0.2,7508
0.0564,2366
-0.0279,5804
0.269,72
-0.136,7400
0.0724,4018
0.128,2807
0.156,2001
0.0417,3691
-0.235,10192
-0.108,7497
-0.0453,7021
-0.149,8335
-0.00255,5045
0.0714,3359
-0.0368,6032
0.0892,3120
0.157,1712
0.0624,3663
-0.246,10242
0.082,1980
-0.145,8717
-0.101,6955
-0.114,8286
0.156,1457
-0.114,9699
-0.035,6419
-0.0333,6449
-0.3,9781
0.504,301
0.12,2872
-0.0986,8984
0.136,448
0.131,2070
0.015,4671
-0.0116,5249
-0.208,8094
0.023,4071
-0.178,9750
0.00785,4797
-0.103,8003
0.064,2714
-0.123,8815
0.228,445
0.115,2649
0.0733,3750
0.191,1385
-0.0274,6055
-0.214,8279
0.194,897
-0.133,8444
0.599,93
0.0796,2445
0.0374,4194
0.789,122
-0.0982,8302
-0.0391,6441
-0.202,9801
-0.0929,8029
0.136,1174
0.475,279
-0.167,9691
-0.0712,8332
-0.407,5840
-0.0495,6155
-0.211,9399
-0.0639,6642
0.0939,2065
-0.208,9190
-0.0505,6339
0.128,2839
0.0471,3216
-0.0436,7726
0.163,270
-0.00714,5562
-0.121,9260
-0.135,9597
-0.127,7633
-0.239,8696
-0.139,9639
-0.113,8721
0.00859,4847
0.146,1815
0.127,2868
-0.0509,8279
0.116,1252
-0.0133,5650
-0.171,6661
-0.0287,7450
-0.0676,8804
0.0546,2661
-0.00109,5044
-0.517,9852
-0.0824,7076
-0.0202,6832
-0.127,10432
0.87,1091
-0.141,4713
-0.0119,5924
-0.0929,8448
-0.0525,5958
-0.0913,7646
-0.347,10237
0.0276,4445
0.215,782
-0.0709,7241
0.382,69
0.469,261
0.0741,3025
-0.0182,5616
-0.0602,6811
0.0106,4620
0.111,1482
-0.228,9316
0.553,448
0.0574,3680
0.0966,2905
0.0523,3841
0.0517,2741
-0.0283,5969
0.319,379
0.926,162
0.212,1632
-0.0602,7201
0.0268,4474
0.031,3699
0.00908,5046
-0.00264,5077
-0.0746,6319
0.0494,3787
-0.181,10232
-0.125,8940
-0.0334,6184
0.121,1289
0.00771,4623
0.034,3519
-0.0115,5746
-0.00443,5177
-0.227,10186
0.348,1054
0.0823,2586
-0.118,9619
-0.118,8684
-0.027,6207
0.0543,3837
0.0864,2265
0.0171,4439
-0.107,7972
-0.121,10327
0.0523,3529
-0.102,8522
0.208,1521
-0.157,10097
0.0218,3846
0.0127,4801
0.047,3497
-0.164,6456
0.168,427
0.00354,4977
0.0527,2867
-0.0218,6098
0.111,1989
0.135,2244
0.221,588
0.357,236
-0.0419,5897
-0.000222,4867
-0.173,8146
0.0851,1856
0.402,510
-0.136,6089
0.142,896
0.071,3373
0.123,1429
-0.148,8890
-0.163,9200
0.227,778
0.0884,2582
0.122,636
0.106,1833
0.0525,3609
-0.0221,5631
0.213,681
-0.0897,9580
0.0539,2810
-0.0216,5555
0.275,1329
-0.115,7838
0.068,2408
0.101,2072
0.0976,2372
0.284,295
0.646,178
0.151,2458
0.185,1056
-0.0327,5957
0.133,3656
-0.378,7643
-0.253,9876
-0.17,6296
0.0608,2418
-0.0258,5453
-0.296,9553
0.242,413
-0.0317,6604
0.169,1234
0.0126,4454
-0.14,6614
0.127,1379
0.145,2317
-0.128,9237
0.0621,2681
-0.0381,6693
0.164,2526
0.0487,4246
-0.00162,5214
0.105,1802
0.0929,2099
0.022,4284
0.243,1675
0.243,874
0.23,743
0.0183,4431
-0.0726,7289
-0.0647,7493
0.00386,4800
-0.0845,7080
-0.0955,6785
-0.16,8750
-0.182,9538
-0.559,7535
0.236,454
0.0326,4520
0.0122,4454
0.127,811
0.109,1660
-0.0152,5927
0.325,458
0.0113,4464
0.308,414
-0.0387,5712
0.19,1423
-0.0484,7364
0.0637,3254
0.000787,4701
-0.122,8452
-0.166,10220
-0.00585,5500
-0.0585,6855
-0.0115,5465
0.265,2120
0.0782,4030
0.131,2389
0.173,68
0.201,721
-0.362,7868
0.0914,2674
0.137,1047
0.0565,2809
0.403,192
-0.0663,7573
0.00969,4736
-0.409,8445
0.117,1481
0.0596,3137
-0.119,8624
-0.156,9324
-0.0867,7085
0.213,2112
-0.0803,9327
0.0939,2864
0.096,2487
-0.0333,6234
-0.357,9789
-0.109,8283
0.0379,3300
-0.0422,6774
-0.154,9855
-0.0564,6789
0.45,145
0.371,742
-0.0638,6926
0.112,1922
0.0149,4653
0.0229,4115
-0.0732,6299
-0.0913,7405
-0.151,9523
0.00204,5141
0.0278,4434
0.119,1747
0.247,537
0.221,713
0.142,1123
0.00899,4668
-0.0403,5621
-0.058,4673
0.223,2534
-0.174,6915
0.0684,2474
-0.0072,5434
0.123,2261
-0.131,8475
0.0626,3233
0.0382,4068
0.0899,1623
-0.199,9767
0.119,2399
-0.0679,7414
-0.0471,6228
0.0956,2303
-0.0874,8120
-0.098,7879
0.1,2698
0.003,4854
-0.0996,7502
0.205,1000
-0.0398,6877
-0.0595,8925
-0.108,6983
-0.00837,5519
-0.229,9754
-0.0725,6140
0.00503,4762
-0.0354,5813
-0.0444,6389
0.00413,4894
0.0951,3103
-0.0343,6765
0.032,3073
-0.317,8649
0.0419,3441
0.23,1662
0.0305,4100
-0.0605,8096
0.0459,2699
-0.0725,7470
-0.0428,6198
-0.292,10418
-0.0739,5778
0.0471,3198
0.0903,1720
-0.0432,6906
-0.0631,6532
-0.126,5949
0.0579,4114
-0.315,9811
0.0488,3143
0.381,205
0.0733,2161
0.107,2865
0.05,3921
-0.119,8534
0.0962,963
0.0165,4624
-0.206,9717
-0.186,10006
-0.0866,7791
0.0634,2374
-0.0798,8264
-0.244,8678
-0.0252,5830
-0.137,7979
0.395,608
0.129,1916
-0.0551,6590
-0.0412,4540
0.413,1082
-0.452,7778
0.911,167
-0.273,9829
-0.0456,6635
0.0489,3302
-0.112,8474
-0.0512,5751
0.303,1894
-0.0316,6187
-0.246,8124
-0.176,8159
-0.0289,5518
-0.0529,6291
-0.169,7838
-0.0466,7269
-0.0264,6091
-0.12,8462
-0.0312,3448
0.143,1720
0.0801,2458
0.153,1698
-0.0984,7278
0.159,2749
-0.0903,7270
-0.0233,4815
-0.0314,5620
0.0485,3285
-0.0352,6990
0.0394,3996
-0.115,8136
0.449,1096
-0.102,8128
-0.047,6895
0.137,1779
0.157,1205
0.0893,3214
-0.0942,7743
0.167,919
-0.0876,8622
-0.0702,8042
-0.304,10385
-0.0257,5779
0.0192,3861
0.0727,2870
-0.102,9667
-0.0123,5333
-0.00648,4923
0.286,288
-0.00896,5122
-0.0491,6355
-0.0994,9871
0.0726,2193
0.0533,3057
0.11,1802
-0.138,6278
-0.0295,5324
0.0803,2108
0.0622,2750
-0.0644,7129
-0.168,7839
0.0287,3877
-0.12,6814
0.0412,2578
-0.0282,7099
-0.0435,5456
-0.182,8588
0.329,426
0.181,1505
-0.0962,7559
-0.105,9286
0.119,1935
-0.0707,6908
0.0961,3241
-0.185,10045
0.0196,4106
0.184,2107
-0.211,7781
-0.067,7301
0.0191,4703
0.0639,4339
0.072,2743
0.0406,3395
-0.24,9467
0.456,663
-0.289,9837
0.0337,3956
-0.0213,6735
-0.111,8151
0.0337,3942
0.106,3464
0.077,2648
0.0289,4335
-0.108,9292
-0.0541,5575
-0.143,8119
-0.0955,8663
-0.036,6041
-0.01,6054
0.0628,2648
0.151,1876
-0.216,10221
-0.169,8507
0.133,2506
-0.0668,8519
-0.0416,6184
0.0665,3998
-0.717,9766
-0.261,9759
-0.221,5692
-0.195,8353
0.0497,3876
-0.0433,6685
0.169,1229
-0.052,7379
0.0226,4000
-0.184,10044
-0.0321,6479
0.0452,3941
0.0727,2836
-0.204,10299
0.151,1421
-0.125,7877
-0.0654,6906
-0.139,8527
0.00817,4744
0.0545,2532
0.0672,2719
-0.0279,5719
0.145,1660
-0.0378,6618
0.0133,4388
-0.129,8305
-0.115,8394
0.749,31
-0.0194,5751
-0.258,9587
-0.0185,5958
0.0268,4273
-0.0952,7770
-0.0707,7410
0.0959,3128
-0.0323,6489
-0.171,9193
0.144,2258
0.124,1957
0.0185,4382
-0.262,9663
0.0785,3657
0.176,1490
-0.095,9682
-0.0955,7034
-0.0856,8777
-0.273,10243
-0.126,7043
-0.136,9520
0.0464,2992
-0.0489,6408
0.211,1562
-0.256,8138
0.153,3118
-0.095,7880
-0.107,8797
0.0747,1183
0.126,2425
0.154,2452
-0.165,8241
0.0388,4177
-0.0771,8297
-0.0565,7223
0.12,1005
-0.0176,5571
-0.0282,6436
0.03,4000
0.0269,3970
-0.171,9699
-0.158,9593
-0.147,9214
-0.12,9304
-0.0328,7004
0.148,1042
-0.0221,5554
0.195,1183
-0.0683,6773
0.111,1669
-0.116,7680
0.182,673
-0.00336,5293
0.146,1569
-0.273,8913
0.0655,3424
0.0398,4144
-0.129,9137
-0.129,9133
-0.0251,5346
-0.363,10010
-0.0597,8607
0.3,525
-0.174,9296
0.0575,3126
0.0813,3332
-0.107,9048
-0.0611,5623
-0.414,8969
-0.283,10075
0.0223,4296
0.165,2104
-0.151,9232
-0.126,8593
-0.102,9285
-0.0565,6854
0.0126,4607
-0.328,10240
-0.025,5723
-0.102,7634
-0.0371,6443
0.165,816
0.00453,5042
-0.101,8224
0.0175,4337
0.0856,2252
-0.11,9407
0.153,2835
0.444,250
0.0684,2937
-0.0248,5656
0.00713,4604
0.144,1404
-0.0562,6797
-0.0477,6703
-0.0242,5825
-0.0715,7024
-0.239,9527
-0.0599,7279
-0.0931,9119
-0.0529,6596
-0.103,7834
0.184,1424
-0.149,8289
0.0535,3682
-0.177,8534
-0.0232,5757
0.21,1758
0.121,3510
-0.0815,8468
-0.0586,8520
-0.147,9057
0.216,746
0.0172,4415
-0.0258,5008
-0.00157,5310
0.0526,2947
-0.0754,7047
-0.174,8624
-0.308,9173
-0.012,5464
-0.233,10149
-0.131,9061
0.0106,4461
-0.176,9281
0.0414,3868
-0.319,8289
-0.187,9326
-0.107,8464
-0.0239,5513
0.0232,4494
0.109,2523
0.268,1737
-0.000631,5160
-0.0306,6544
0.189,595
0.0425,3610
0.0489,3415
-0.253,8289
-0.207,10225
-0.154,8369
-0.47,9388
0.0245,4313
0.0277,4204
0.164,511
-0.071,8381
0.00687,4809
0.017,4467
0.0664,2810
-0.00247,5057
0.0433,3749
-0.0954,9071
-0.0312,6778
-0.195,10085
-0.089,7679
-0.238,9758
-0.0618,6658
0.1,2681
0.0701,2178
0.0916,2547
-0.187,8277
0.00114,4921
0.158,1298
0.000423,5151
0.112,1835
-0.0143,5170
-0.0872,7790
0.294,929
0.0519,3712
-0.0182,6747
0.0607,3003
-0.0381,5787
-0.0216,5497
0.0348,4385
-0.0694,6575
-0.00323,5394
0.136,298
0.2,326
-0.0663,6880
-0.189,6759
-0.155,8601
-0.0213,6026
0.0118,4300
-0.00362,4694
-0.0232,6090
-0.0844,7445
-0.109,7218
-0.0999,8536
-0.0433,6627
-0.093,7168
-0.415,10283
-0.0464,6396
-0.288,9627
-0.135,9430
0.085,2408
-0.0893,7984
0.0168,4541
-0.127,9507
-0.754,10302
-0.085,9115
-0.0432,8848
-0.302,9971
0.104,2196
0.653,644
-0.115,8466
0.11,926
-0.205,10338
-0.135,7481
-0.0774,6339
0.145,2683
-0.327,9253
0.167,823
0.0988,2960
-0.037,6398
0.13,1152
0.144,956
-0.137,7694
0.0649,1826
0.119,2018
-0.0267,5649
0.163,1088
-0.962,10207
-0.275,8290
-0.0609,7067
-0.144,9126
0.0748,2333
-0.00312,5039
0.0355,4087
0.14,3202
0.152,1410
0.0793,2719
0.0334,3893
-0.25,6905
0.023,4519
-0.203,7708
-0.0229,6600
0.111,2192
0.226,744
-0.0248,5216
0.0496,3330
0.231,1604
0.0362,3756
-0.0429,5810
0.0584,3362
0.023,4398
0.152,1498
-0.14,7552
-0.018,6385
0.0714,3425
-0.123,8970
0.098,2520
-0.0731,5901
0.0343,4160
-0.0551,7754
0.179,427
0.193,1237
-0.0292,5991
0.12,2822
-0.194,9374
0.171,407
0.0439,3787
0.0506,4143
0.35,347
0.162,219
0.016,4579
0.282,19
-0.0375,7759
-0.0503,7315
-0.0162,5899
-0.208,9952
0.0928,2552
-0.149,8257
0.156,423
-0.0332,6670
0.241,1453
0.363,330
0.203,2231
-0.339,8661
-0.00171,5289
0.0717,1642
-0.18,8737
-0.124,9437
-0.0538,6178
0.0473,3816
0.0635,2273
0.0191,3786
0.236,3321
0.018,3840
-0.293,5165
-0.0496,5904
-0.252,8127
-0.0916,9367
-0.0586,6568
-0.13,8047
-0.0276,6125
-0.0465,8056
-0.00292,5047
0.0285,4035
0.124,2350
0.294,681
0.141,1471
-0.211,9889
0.2,132
-0.0873,7654
-0.0975,7146
-0.0543,6275
0.0569,3727
-0.164,9447
-0.235,8086
0.16,2227
0.0332,3977
-0.118,7788
-0.0639,5600
-0.276,10160
0.023,4274
-0.0858,8214
-0.135,4622
-0.375,8896
-0.629,10229
-0.225,9095
0.121,983
0.119,2068
1.69,328
0.299,2047
0.724,1901
-0.428,6557
-0.102,8347
0.062,3882
-0.278,8328
-0.291,7113
-0.0182,5800
-0.989,9079
0.0612,3306
-0.0564,7187
0.0492,3757
-0.196,9641
0.206,427
0.0312,4045
-0.258,9738
0.0643,3427
0.0246,3675
-0.122,5566
-0.188,9412
-0.00472,5113
-0.0403,7161
-0.131,7546
-0.0295,6622
0.0731,2614
-0.0867,6861
-0.12,7485
-0.00857,5789
-0.107,8457
-0.0482,6586
0.0115,4598
0.0304,3270
-0.118,9517
0.172,2032
0.204,1846
-0.293,8355
0.0248,4013
-0.115,7402
-0.037,7551
0.252,2555
-0.28,7712
0.0954,3494
-0.174,8993
-0.0513,6799
-0.0757,7353
0.0983,2304
-0.0873,7789
0.151,1311
-0.13,8855
0.0387,3102
0.104,1951
-0.277,10049
0.421,107
0.135,1838
0.0103,4801
-0.00708,5574
0.0339,3256
0.032,4417
0.219,2893
-0.314,6802
0.241,913
0.358,765
-0.13,8397
0.131,2657
0.045,3756
-0.114,8847
-0.111,9406
-0.104,9104
0.395,842
0.00096,4794
-0.287,5641
-0.0927,6637
-0.138,9818
0.139,1191
0.032,4344
-0.0643,7192
-0.282,9409
-0.208,7901
-0.0362,7017
0.119,2180
0.0645,3547
0.166,1521
0.0648,3218
-0.0573,7144
0.0601,2372
-0.194,10064
0.0198,4702
0.327,668
-0.0615,6524
-0.287,9132
-0.145,10077
-0.161,8436
-0.359,9225
-0.0993,8264
-0.036,5664
0.0292,3931
-0.0575,6005
-0.242,9785
0.0167,4662
0.0616,2955
-0.00967,5379
0.122,916
-0.0281,6291
-0.0289,7025
-0.202,9660
-0.251,10067
0.251,771
-0.216,7329
0.144,1077
-0.0843,8342
-0.0708,6991
-0.0491,7341
-0.197,6196
-0.32,9781
-0.0826,7644
-0.0271,7313
1.1,679
0.0917,3631
0.721,609
1.04,67
0.168,2545
-0.222,7201
-0.131,8192
-0.135,8444
-0.16,9778
-0.0455,6120
0.00707,4760
-0.00525,5460
-0.0845,7849
-0.241,10117
0.134,2790
-0.166,9937
-0.275,8990
-0.0876,7993
-0.192,9629
-0.157,8401
0.0043,4917
0.0374,4303
0.0861,1386
-0.121,8546
-0.11,8204
-0.122,7548
0.174,1710
-0.188,8411
-0.0668,7508
0.189,1266
-0.0585,6087
0.0339,4056
-0.134,6808
-0.0147,5439
0.118,2739
-0.092,8987
-0.0608,7321
0.0522,3678
0.144,2207
0.0923,4081
0.0997,2164
0.0986,2535
-0.0377,6818
0.182,1042
0.485,89
-0.0356,6236
-0.24,10450
0.0231,3986
-0.35,10047
0.177,1560
-0.0533,6093
-0.0957,7263
0.182,495
-0.104,7809
-0.191,8638
0.0897,2627
-0.202,8689
0.0442,3988
0.178,1157
0.0775,2264
-0.3,9387
0.0907,2828
0.0714,3419
0.00857,4633
-0.187,9381
0.0141,4518
-0.0606,6910
-0.263,8945
-0.118,6210
-0.0349,6054
-0.109,7375
-0.195,9704
0.13,654
0.0774,3610
0.046,2939
0.121,1938
0.0549,3177
0.477,7
0.346,489
-0.236,8032
-0.303,9993
0.0644,2176
0.0411,3562
2.07,27
-0.315,10032
0.199,2351
0.0611,2552
-0.0308,6099
0.00482,4656
-0.0199,6217
-0.229,10091
-0.00247,4910
-0.00775,5065
0.128,1181
0.0749,2455
-0.0585,6415
-0.0802,8105
0.339,512
0.0074,4790
0.0699,2878
-0.0373,6860
-0.313,10056
0.165,302
-0.069,6329
0.0492,3928
0.0336,4439
-0.143,9087
-0.0408,6682
0.122,1882
0.0247,4030
-0.123,7125
-0.217,10175
-0.0671,9127
0.189,893
0.532,28
0.0423,3230
0.0291,4047
-0.0787,8469
0.081,1107
0.0564,3157
-0.126,8231
0.344,1068
-0.327,8904
0.106,1787
0.013,4535
0.0509,3971
0.0276,4283
0.303,498
-0.172,6369
0.186,1299
0.0427,3705
0.171,2258
-0.142,8844
0.109,3009
0.0529,3348
-0.0734,7047
-0.079,7419
0.101,2784
0.0722,3026
0.413,478
-0.213,7669
-0.0136,5634
0.00806,4390
0.13,1292
-0.399,10080
0.109,1646
-0.143,8347
0.124,821
0.0755,2121
0.122,3272
-0.174,9899
-0.361,9584
0.0512,3824
-0.0164,5897
-0.118,10173
0.122,1530
0.02,4184
-0.0804,7109
0.0873,1655
0.101,1307
0.0719,1801
-0.213,9048
-0.17,9305
-0.124,8763
-0.162,9362
-0.267,6595
-0.0436,7382
-0.0745,7218
0.055,3247
-0.0857,7008
0.114,1515
0.0268,4301
-0.191,8657
0.565,307
0.0806,2828
-0.0159,5381
0.209,1514
0.241,161
0.346,142
-0.0416,7255
0.179,788
0.0783,2439
-0.486,7568
0.0562,947
-0.0877,8595
-0.00378,5346
0.0115,4785
-0.0844,6788
-0.147,9232
0.12,1947
-0.0176,5773
0.0889,2239
0.307,342
-0.206,9936
0.161,2995
0.0652,3275
0.185,625
0.0113,4430
0.282,293
0.311,1068
0.262,415
0.0964,1809
-0.157,9634
0.0688,2982
-0.125,8286
0.267,961
-0.0312,5917
0.33,651
-0.0969,7358
-0.0116,5496
-0.145,8497
0.00921,4887
0.0277,3908
0.0245,3979
-0.147,8546
0.0937,2927
-0.364,9941
-0.0757,6207
-0.366,9954
0.134,398
-0.061,7663
0.135,1350
0.119,2238
-0.17,6594
0.286,787
-0.0504,7913
0.0104,4834
0.464,110
0.0877,3172
-0.273,7149
-0.0917,7589
0.202,299
0.0973,1109
-0.272,8857
0.0731,3109
-0.748,10205
-0.218,8979
-0.0472,6287
0.0724,3675
0.25,297
0.0162,4751
0.137,985
0.304,1329
-0.0833,9454
0.138,440
-0.106,7978
0.291,299
-0.321,10137
0.606,218
0.12,1423
-0.158,9946
-0.0473,7272
-0.00526,5204
0.172,1838
0.0704,2990
-0.00143,5633
-0.0567,6427
-0.0304,5800
0.126,2408
-0.119,8223
-0.0176,5444
0.133,2025
-0.005,5711
0.266,973
-0.052,6045
-0.27,9289
-0.0259,5740
-0.00389,5376
-0.116,7397
-0.279,8667
0.0611,3421
-0.0342,5976
-0.0561,6993
-0.209,10225
-0.0261,5937
0.125,1740
0.0716,3211
0.0894,3038
-0.0824,8155
-0.0997,9637
0.00484,4869
-0.167,7910
-0.0512,7079
-0.0872,5807
0.134,1538
0.132,963
0.269,105
0.0465,3233
0.174,1967
-0.0745,7944
-0.303,9744
-0.0439,8505
-0.0349,6379
-0.165,8845
-0.148,8671
-0.179,9217
0.276,268
0.0461,2929
-0.0567,7792
0.248,757
0.0981,2789
0.048,2594
-0.0606,7156
-0.0818,9106
0.118,1417
0.22,1285
0.119,1394
-0.0436,5374
-0.0225,5705
-0.162,9482
-0.0293,7251
-0.107,7440
-0.0162,5480
-0.0798,7405
-0.131,8231
-0.19,9502
0.156,1192
-0.0699,6579
0.151,3073
-0.105,7328
-0.227,9600
-0.0236,6161
0.179,861
-0.136,3904
-0.0355,6117
-0.0133,5420
0.522,124
-0.0325,8123
-0.0234,6028
-0.127,7726
-0.0134,5731
-0.0994,8480
-0.163,9283
-0.00325,5255
-0.0949,8310
0.312,659
-0.144,7697
0.165,1731
0.0247,4379
-0.0355,7252
-0.194,10153
0.00895,4645
-0.0722,6406
0.268,117
0.173,1902
0.0801,2236
-0.235,10376
-0.242,8813
-0.0338,5669
0.305,2541
0.413,442
0.0485,3339
0.0315,4241
0.117,2820
0.0265,4437
0.166,617
-0.0218,5238
-0.0461,6930
-0.0966,8778
0.426,597
0.146,2536
-0.0931,9225
0.0917,3724
-0.109,7618
-0.14,9348
0.377,1450
0.0907,2301
-0.472,7417
0.202,2582
0.0445,3172
3.57,172
0.345,355
-0.394,9549
0.0496,2997
0.211,522
0.00864,4793
0.329,1953
0.269,1214
-0.74,10040
0.429,783
0.162,2270
-0.017,5257
-0.102,7386
0.0611,3720
-0.498,9904
-0.0587,6642
-0.0324,6949
-0.112,7446
-0.0145,5186
-0.448,8673
-0.391,9589
0.137,1246
-0.0404,6294
0.143,832
0.0564,3973
-0.243,10004
0.137,3451
-0.28,8226
0.0506,2818
-0.0313,6032
-0.0359,5805
0.00689,4736
-0.0734,5259
-0.024,5906
0.0285,3459
0.0793,2766
1.09,448
0.26,724
-0.214,6857
-0.13,7238
-0.0339,6059
0.101,875
-0.0833,7310
-0.146,9606
-0.354,7489
-0.0932,8300
0.147,1469
-0.0916,9184
0.434,481
0.0721,3357
-0.0238,5931
0.177,979
0.167,905
-0.024,6333
-0.102,7261
0.104,2802
-0.186,7843
-0.123,7353
0.0247,3527
-0.0298,6444
-0.0125,5420
-0.532,9357
-0.168,8421
0.0433,3914
-0.0279,5896
-0.0534,8408
0.283,959
-0.0468,6266
-0.0848,7893
0.346,454
0.0851,3375
-0.0594,7629
-0.171,8157
0.034,4198
0.408,152
-0.0792,6600
-0.141,9120
-0.0177,5643
0.194,923
0.0205,3919
-0.254,9635
0.283,598
0.131,634
-0.218,9012
0.187,1866
0.0545,4086
-0.201,7551
0.142,2270
0.229,424
0.0684,3638
0.00807,4872
0.153,2091
-0.135,8530
-0.0936,4980
0.037,3785
0.223,1472
-0.227,9410
0.316,1248
0.167,2160
0.0368,3810
0.0244,4338
-0.0312,6622
-0.133,9867
-0.177,9668
0.181,1808
0.335,256
-0.164,10204
-0.00647,5348
0.145,1888
-0.11,9278
-0.303,9268
0.0162,4607
-0.0045,5428
0.0474,3261
-0.0886,8080
-0.186,9316
-0.196,8110
0.138,1680
-0.0496,7227
0.154,1176
0.0436,3345
-0.233,10135
-0.335,10199
-0.397,9955
0.133,1423
-0.0582,7782
-0.182,6840
-0.358,9412
0.00189,4894
-0.0591,7013
0.191,677
-0.0135,5069
-0.0859,7285
-0.0248,6201
-0.0798,7133
0.000799,5188
-0.0377,6803
-0.000682,5060
-0.0503,8336
0.0264,4013
-0.145,10070
0.0477,3152
0.0634,3501
0.16,1397
0.0346,3820
-0.116,8649
0.147,1421
0.265,461
-0.0119,5284
-0.0566,8248
-0.178,6944
-0.0189,5510
0.111,1196
0.213,940
0.29,1829
-0.202,9096
-0.188,9427
0.077,2630
-0.106,8536
1.33,461
-0.0288,6059
-0.145,7876
-0.00272,5476
0.068,2709
-0.414,9438
0.0295,4032
-0.158,9142
-0.224,9502
0.0172,4537
-0.0352,6049
-0.395,10453
-0.0321,5727
-0.182,9483
0.0526,2168
-0.147,8438
-0.128,6620
0.00822,4592
-0.464,9468
0.038,3802
0.229,332
-0.149,8941
-0.108,8609
0.0744,3757
-0.248,7736
-0.0751,7790
-0.0683,7249
-0.0345,7218
-0.0759,6133
0.146,1132
-0.229,9504
-0.124,9685
-0.0288,6682
0.245,1668
-0.0221,5910
-0.196,9592
0.019,4612
0.00818,4644
0.182,1789
0.158,2830
0.0224,4241
-0.172,8471
-0.0711,7775
-0.0584,7903
-0.277,10001
-0.0295,5661
0.343,403
-0.063,6182
-0.15,6399
0.0817,1673
-0.0729,8480
-0.157,9342
-0.0101,4926
0.0869,3452
-0.331,9328
-0.0186,5788
0.325,244
0.288,193
-0.185,8518
0.0524,3182
-0.0964,8183
-0.096,8359
0.174,1262
-0.257,10184
0.0543,3675
-0.181,8043
0.0739,3779
-0.0309,6401
0.036,3206
-0.153,9510
-0.251,9195
0.217,963
0.513,1923
0.0498,3427
0.014,4705
-0.203,9637
-0.224,8262
0.125,2801
0.754,51
-0.0236,7311
-0.00741,5507
-0.0157,5790
0.0985,2589
7.77e-06,5266
-0.0397,7212
0.0224,4221
-0.0845,8448
-0.0898,6609
0.401,261
-0.417,10161
-0.329,9238
-0.0346,6699
-0.0342,6527
-0.0156,5230
-0.241,10253
0.594,59
-0.0247,5536
0.0106,4422
0.0664,2857
0.0816,2935
0.162,1873
-0.0153,5521
-0.0557,7340
0.0673,3147
-0.0733,7188
-0.0255,5193
-0.257,7108
0.086,3569
-0.0137,5834
-0.00767,5170
-0.123,8413
-0.39,10408
-0.153,7505
0.0594,3322
0.0145,4797
-0.0195,5476
-0.249,8866
0.0447,3943
0.043,3900
-0.00993,5449
-0.0291,6719
0.0135,4756
-0.212,9232
0.353,32
0.171,730
0.897,383
-0.0023,5276
0.00475,5072
0.0711,3102
-0.0276,6070
-0.032,6098
-0.279,8456
0.219,1984
0.157,928
-0.249,7967
-0.0713,7564
1.02,45
-0.151,8399
0.104,1404
0.00389,4652
-0.0581,7225
-0.00917,5177
-0.222,8392
1.02,438
-0.159,9881
-0.0595,7713
-0.0704,6808
-0.229,8569
-0.0562,5242
0.0125,4449
-0.00257,5113
0.00153,4953
-0.184,9805
-0.12,7273
0.0867,2354
0.195,297
-0.114,8342
-0.071,7086
0.138,1200
0.0517,3769
0.136,1480
-0.132,9236
-0.23,9724
-0.0839,7272
-0.184,8116
-0.065,8078
-0.042,6897
0.209,723
0.201,852
-0.00296,4965
0.118,2356
0.408,95
0.225,2185
0.191,1884
0.101,1760
-0.304,8238
-0.27,10172
0.00832,4719
-0.307,10200
-0.167,9519
0.0173,3929
0.096,1062
-0.281,8950
-0.0758,6745
0.0182,4525
0.113,943
-0.199,9666
0.0166,4679
-0.0228,5437
-0.246,6799
-0.626,9461
-0.0511,5768
0.188,1175
-0.0228,5381
0.713,475
-0.104,7743
-0.107,7363
-0.225,10423
0.0097,4443
0.0254,4255
-0.0624,7333
0.0792,4059
-0.209,10295
-0.00545,5244
-0.117,9064
-0.1,7543
0.211,1501
0.191,1402
-0.0487,6458
0.0392,3126
-0.00792,5304
-0.0642,5927
-0.127,7684
-0.00517,5116
0.269,2251
0.224,1498
-0.105,9291
0.153,1932
-0.129,8288
-0.17,6564
0.00546,4941
-0.0571,7541
0.0721,2324
0.0254,3991
0.0991,1593
0.0295,4042
0.18,1070
-0.1,8856
-0.0921,7846
0.13,1953
0.0488,4089
-0.234,7420
0.0241,4190
0.0193,4344
-0.261,10295
-0.171,8718
0.122,2714
-0.0477,7311
0.37,860
0.136,1090
-0.0731,8044
0.0298,4281
-0.0563,7874
-0.325,9998
-0.129,6918
-0.0817,9036
-0.0131,5918
-0.18,9682
-0.156,8599
-0.152,8321
0.0518,3818
-0.0768,9373
0.0508,3149
0.147,1827
0.251,933
-0.16,6184
-0.128,8141
0.0183,4233
0.0566,2589
-0.534,7621
-0.324,8535
-0.028,5759
-0.268,7391
-0.166,9252
-0.145,10183
-0.24,6208
0.109,1904
-0.0952,6434
0.22,856
-0.0751,8588
-0.161,9249
-0.0969,7435
-0.057,8410
0.0029,4740
0.0384,3977
0.0573,3667
-0.0124,5784
0.125,2298
-0.172,8495
0.112,2047
-0.0569,5663
-0.136,8971
-0.0037,5078
-0.166,8997
0.268,841
-0.164,8910
0.204,2590
-0.174,9978
-0.0443,6718
-0.269,6467
-0.39,6312
-0.118,8820
0.0575,3971
0.0188,4601
0.415,595
-0.0649,5801
-0.00409,5173
-0.063,7212
0.451,463
-0.143,7877
-0.752,10387
-0.15,6584
0.0986,1142
0.0283,3797
0.0045,4775
-0.0333,6290
-0.148,9446
0.213,652
-0.106,9732
-0.0371,6615
-0.157,8303
-0.323,8594
-0.254,9070
-0.0852,7536
-0.0269,5948
-0.0553,7031
0.334,908
0.0635,3342
0.0734,3321
-0.124,7737
0.0239,4283
-0.0113,5892
0.0393,3891
-0.274,9200
-0.000509,5341
-0.128,7710
-0.0825,8529
0.035,3416
-0.141,4192
0.069,3938
0.0161,4594
0.0189,4041
-0.0271,6922
0.0392,2884
-0.398,5953
-0.148,5420
-0.075,6001
-0.0323,5856
0.121,2562
-0.332,6208
-0.27,7719
-0.135,3630
0.658,824
-0.614,7757
0.0382,3857
0.254,1778
0.113,1056
0.109,681
-0.516,8244
-0.143,6130
-0.257,6319
1.97,42
0.00568,4861
-0.0282,6419
-0.275,9664
0.0392,4058
-0.0795,6752
-0.0807,7670
-0.0823,7269
-0.123,7621
0.128,1729
-0.24,9511
0.0558,1824
0.00098,4982
0.411,37
-0.15,8890
0.0776,2461
-0.159,9658
-0.0646,6504
0.108,1320
0.0312,3504
-0.491,6692
0.125,3626
-0.329,9257
-0.151,7827
0.043,3856
0.0753,3355
0.188,3142
-0.0106,5039
0.36,204
-0.0786,6492
-0.00755,5736
0.0906,3566
-0.304,6234
0.0643,4132
-0.0182,6482
-0.0041,5797
0.466,107
-0.116,8001
-0.0177,5287
-0.0191,5709
-0.0548,6971
0.184,1535
0.0661,3295
0.59,130
0.106,2157
-0.123,7169
-0.0949,7532
-0.0596,8538
-0.128,7216
-0.0265,5636
-0.0924,5737
-0.0548,7616
-0.146,9845
0.097,2654
0.404,34
-0.0178,5728
0.0445,4208
0.311,660
0.142,2699
0.107,941
-0.247,9222
-0.0894,6478
-0.202,9662
0.227,286
0.16,232
0.0423,3328
1.18,246
-0.228,7925
-0.106,8760
0.0215,4805
0.19,104
-0.318,9782
-0.0961,6573
0.0543,3787
-0.101,7078
0.00796,4705
-0.136,9280
0.498,1434
-0.302,9665
0.215,1564
-0.0406,6155
-0.0194,6362
-0.0857,9068
0.0639,3409
0.22,3043
-0.0387,6109
-0.196,8401
0.0682,2022
0.0517,3308
0.0759,2343
0.0112,4654
-0.382,8991
0.0302,4243
-0.171,9618
-0.292,9968
0.00639,4825
0.0734,2406
0.00775,4779
0.0254,4311
-0.116,7610
-0.0122,5655
-0.0819,8342
0.12,1540
0.00149,5104
0.0721,3123
0.253,350
0.0182,4288
-0.0486,6530
0.0369,4106
-0.0832,6774
0.411,150
0.125,1276
-0.0308,5934
-0.0521,7875
-0.00742,5270
0.0503,3683
-0.105,9389
0.113,2023
0.0184,4413
-0.213,8867
0.0477,3557
-0.177,10400
0.189,2795
-0.0821,8697
0.0529,3591
0.174,932
0.232,2197
-0.0365,5424
0.108,2930
0.00914,4873
0.0936,1710
0.0931,2255
-0.177,9774
-0.174,9225
-0.0344,5710
-0.137,9298
-0.317,10460
0.0104,4526
0.0356,3701
0.00676,4802
-0.0362,6368
0.161,1891
0.0906,1345
-0.0617,7263
-0.051,6374
0.0937,1599
0.129,2963
0.0494,3293
-0.0858,8372
0.158,2430
-0.14,7347
0.207,2746
-0.0856,8183
0.0247,4310
-0.0607,6854
-0.294,10101
-0.138,7334
-0.11,6595
0.178,778
0.0187,4241
-0.0838,8167
-0.156,8593
-0.0165,5697
-0.00953,5602
-0.0892,8323
-0.047,6467
-0.0523,6463
-0.891,8995
-0.104,8597
0.0866,2752
0.123,1319
0.0349,4053
0.134,2244
0.261,357
-0.156,9919
0.002,4946
0.446,43
-0.0612,8838
-0.0171,6472
-0.128,8278
0.0453,3789
0.0269,4423
-0.163,7690
0.13,1387
-0.0086,5121
0.172,1865
0.207,1699
-0.0226,5795
0.0837,3005
0.021,4163
-0.205,9885
-0.175,8778
0.248,1157
0.0882,4009
-0.212,8919
-0.325,9883
0.0459,2828
-0.00654,4942
-0.222,5499
-0.0748,7047
0.000721,5017
0.0329,2957
0.0138,4299
0.115,3170
-0.0311,6972
0.0781,3131
-0.0749,8019
0.134,865
-0.0725,7689
-0.28,10277
-0.144,7005
0.0189,4255
-0.0936,7087
-0.0381,6658
-0.12,10059
0.214,926
-0.0738,6967
-0.158,8033
-0.0761,8319
-0.149,7578
0.0506,3478
-0.108,7730
-0.0969,7918
-0.353,8770
-0.213,8626
0.0283,4003
-0.0333,5933
0.274,355
0.14,2064
-0.4,10146
0.0741,3520
0.0952,1772
0.0113,4541
0.102,3074
-0.0217,5750
-0.0188,5752
-0.0353,6359
0.14,68
0.029,4172
-0.0518,7209
0.0821,2954
-0.103,7608
0.379,265
0.0429,3395
0.26,293
0.147,1610
0.16,938
0.382,1095
-0.0987,5758
0.0177,4240
0.0312,3549
-0.0137,5392
0.127,1761
0.145,2643
-0.198,9922
-0.127,8878
0.039,2509
0.292,1154
0.0313,4179
0.0277,4262
0.125,1391
0.213,406
0.0662,2803
0.196,1221
-0.111,8455
-0.245,9232
0.0113,4650
0.0979,2160
0.062,3033
-0.28,9497
0.0949,1915
-0.0698,7043
0.195,864
-0.0055,5507
0.00778,4735
0.419,58
-0.00408,5194
-0.161,9092
0.142,1711
0.178,376
0.249,301
-0.202,10320
-0.0121,5590
0.31,699
0.0927,1726
-0.0415,6106
0.0149,4583
-0.107,8735
-0.111,6066
0.325,659
0.0604,1641
-0.00152,5100
0.0463,3235
0.411,93
0.301,2418
-0.237,9786
0.0209,3938
0.236,68
-0.0187,5345
0.00883,4959
0.159,633
0.238,2038
-0.154,9705
0.0935,2959
-0.178,9700
0.148,2330
-0.257,9157
1.75,3
0.0467,2457
-0.0033,5322
0.0818,2933
-0.243,10064
0.231,1489
0.0524,3021
0.036,3494
0.0351,3609
-0.0286,5670
-0.17,8944
-0.124,7365
0.109,3506
-0.242,9657
0.0567,3600
0.136,2972
0.054,3276
-0.0261,6074
-0.356,8841
0.0256,4656
-0.0628,6323
-0.22,7017
-0.183,9770
0.208,1500
-0.0955,6856
-0.181,9584
-0.31,9929
0.0654,3222
-0.0547,6324
0.107,2686
-0.309,10007
0.0269,4302
0.0585,3431
-0.267,9149
-0.0175,5475
-0.325,10037
0.0783,3527
0.146,825
-0.129,9863
0.00451,4832
0.055,3472
-0.0773,8532
0.0794,3059
-0.286,9329
-0.0311,6387
-0.202,7628
0.0505,4152
-0.0653,6626
-0.0128,5438
0.0142,4291
-0.0171,6054
0.0563,3497
-0.0919,8113
-0.2,7603
-0.0418,5676
0.174,1622
0.0305,3610
0.108,1906
-0.34,10039
-0.0612,6014
0.0622,3681
-0.0107,5527
-0.00585,5598
-0.0167,5524
0.0716,2672
-0.0266,5601
-0.0148,5264
-0.296,10303
-0.239,10326
0.397,1214
-0.357,8595
-0.0925,6125
0.0927,2472
-0.13,10125
-0.288,9560
0.0783,3786
-0.0791,6443
-0.258,6514
-0.0327,7402
0.035,4003
-0.003,4948
0.0217,4275
0.712,130
0.247,725
0.0339,3809
0.00127,5131
-0.0754,7225
0.3,322
0.406,378
-0.0632,6053
-0.0586,6722
-0.0545,6718
-0.171,4943
0.0124,4570
-0.0396,6489
-0.226,9751
-0.05,7698
0.0927,925
-0.205,9387
-0.000155,4809
-0.158,6268
-0.00698,5374
0.07,3241
0.434,76
0.0487,3968
0.00261,4915
-0.0158,5385
0.203,1352
0.0142,4582
-0.104,8647
-0.695,8623
0.0292,3843
-0.127,9393
0.388,996
0.127,961
-0.0238,7127
-0.0242,4376
-0.00615,5384
-0.281,9269
0.00348,4692
0.037,3502
0.0435,3851
-0.293,10119
-0.053,6146
-0.126,10193
-0.0347,7305
0.0658,3405
-0.312,9218
0.301,1680
-0.305,10290
-0.292,8881
-0.0418,6028
0.113,2028
0.0433,3198
-0.00557,5413
-0.0401,6174
-0.168,9570
-0.073,9966
-0.0225,6012
-0.00166,4957
0.0931,3080
-0.57,7279
-0.045,6054
0.145,1908
0.996,43
-0.322,10361
-0.0956,6941
-0.17,7974
-0.0396,5498
0.0116,4568
0.514,973
-0.0582,7225
-0.388,10306
0.126,2373
0.522,614
-0.106,8109
-0.0523,7379
-0.0111,5446
-0.127,8542
-0.0545,7251
0.0714,3347
-0.157,9362
-0.077,7004
-0.102,8317
-0.164,9390
-0.0186,5577
-0.13,7483
1.21,943
-0.163,8434
0.27,406
-0.0288,5851
-0.0869,7184
-0.263,9145
0.0866,2031
0.0394,3443
0.00746,3804
0.114,2454
-0.167,7486
-0.142,7492
0.0601,3296
-0.133,8752
0.09,2084
-0.0874,8813
0.0148,4380
-0.352,10074
-0.112,7822
-0.0679,8410
0.0121,4580
-0.0305,6150
0.161,1016
0.0589,3485
0.0757,2903
0.0261,2998
-0.0411,7296
0.0675,3078
0.00931,4715
0.0974,2063
-0.187,9128
0.133,1950
-0.0208,5827
0.269,1149
-0.159,8840
0.133,954
0.304,241
-0.225,10142
-0.204,9490
-0.0973,7702
-0.0408,6228
0.0581,3409
0.00826,4717
0.116,2985
1.33,250
0.23,1220
0.0655,2864
0.00727,4960
0.0321,3380
-0.209,6862
0.873,22
-0.133,7022
-0.0531,6144
-0.0709,7936
-0.0783,7957
-0.0265,6492
0.0321,4106
-0.0771,7157
0.99,0
-0.178,10152
-0.0663,9222
-0.215,8969
0.122,2340
-0.221,9985
0.0898,3841
-0.116,8850
-0.0829,7767
-0.0178,5404
0.0284,4222
0.164,2727
5.59e-05,5067
0.0424,3669
-0.154,9216
-0.0413,6613
0.267,1135
0.0799,3144
-0.054,7309
0.139,1628
0.412,15
-0.121,8074
0.323,525
-0.271,10344
-0.0906,8754
-0.0216,6120
-0.0284,5668
0.0377,3961
0.334,1499
-0.107,8697
-0.0996,7251
-0.209,9779
0.00531,4616
0.185,77
0.0866,2682
-0.191,9506
0.0836,1687
0.592,101
0.342,3
0.228,688
0.37,88
-0.0756,7302
0.0055,4759
-0.149,7089
-0.0743,8083
0.121,2964
0.0035,4803
0.0228,4407
0.0577,2546
0.012,4464
0.0212,4379
0.185,906
0.114,2131
-0.0751,9495
0.685,8
-0.0333,7495
-0.145,8151
0.131,1612
-0.013,5336
0.651,150
0.127,2452
0.0889,2570
-0.0909,7389
0.0586,3400
1.12,406
-0.0356,6241
0.0843,1434
-0.157,8581
-0.0183,5556
0.00395,4778
0.12,1939
0.00872,5069
0.331,855
-0.0662,7614
0.0826,2533
-0.393,9635
-0.274,8834
-0.0668,7425
0.0585,3085
0.0899,2700
-0.143,8825
-0.113,8652
0.0703,3479
0.0326,4302
0.065,2828
-0.0806,8747
0.203,2012
-0.053,5934
-0.0786,7208
0.0644,2859
0.0632,2964
-0.0601,6542
0.0306,4113
0.0443,3824
-0.0145,5248
-0.00297,5098
-0.0484,7804
0.0885,2319
0.0617,3743
-0.117,9163
-0.159,7756
-0.108,7061
-0.128,8752
-0.125,8984
0.132,3393
0.0144,4721
-0.207,8789
0.0561,2996
-0.15,8425
-0.0764,7611
0.0906,2902
-0.0402,6257
-0.123,8488
0.389,315
-0.073,8771
0.167,385
-0.0408,6034
-0.108,6980
0.248,1766
-0.132,8866
-0.00635,5526
0.0347,3934
0.00267,4976
0.395,208
-0.0153,5613
-0.0407,6269
-0.0181,5862
0.0928,1417
0.272,1624
-0.153,8116
-0.00202,4966
0.0727,3699
0.141,751
-0.0528,7074
-0.175,9481
0.147,1429
0.128,1138
-0.161,9576
0.0139,4417
0.164,1093
0.0814,2431
0.0872,3202
-0.482,10252
-0.0862,8930
-0.166,7073
-0.0416,6716
0.081,2644
-0.36,10323
-0.00693,5007
-0.275,8896
-0.0166,5182
-0.0428,6702
-0.291,8009
-0.153,8720
-0.0388,6744
0.0706,2856
-0.0517,8250
-0.02,6344
-0.0903,7079
-0.143,7312
-0.0936,7541
0.15,2097
-0.114,9134
-0.0721,8286
0.15,1251
0.209,744
-0.299,8739
0.138,2055
-0.0153,5462
-0.0329,6616
0.242,1000
-0.0887,8145
-0.0699,5663
-0.222,9049
-0.0901,9316
0.0725,2703
-0.121,9290
-0.0347,5846
0.132,406
-0.00413,5354
0.173,679
-0.0592,6920
0.0537,3558
-0.0261,5163
-0.295,9479
0.0142,4414
0.000941,4922
-0.0726,7311
0.013,4456
0.197,1475
-0.0544,6738
0.0242,4195
0.0347,4135
0.184,380
0.91,209
0.23,1529
0.0614,3468
-0.00771,4831
0.0986,2530
-0.137,8045
-0.243,9179
-0.00887,5896
0.2,694
-0.102,6592
0.108,604
-0.00672,5626
0.094,2806
-0.107,6102
-0.0932,7929
0.237,343
-0.0312,6244
0.00812,4731
-0.0516,6868
-0.193,9090
-0.425,9118
0.117,3001
0.0606,3716
0.0585,3284
-0.0583,7376
0.0251,4357
-0.0403,6429
0.127,1973
-0.0438,7605
0.1,727
0.413,710
0.106,2123
-0.0992,7329
0.396,7
0.0318,3575
-0.0375,6649
0.0845,2865
-0.0149,5350
-0.209,7271
0.589,354
-0.0642,6965
-0.0705,9823
-0.091,7843
0.0178,4368
0.0649,3206
-0.161,8186
-0.149,8458
0.235,276
-0.191,8542
-0.254,9296
0.0336,4134
0.0244,4345
0.0169,4305
0.035,3646
-0.0271,6187
-0.158,8866
-0.0852,7321
-0.18,8635
0.054,2748
0.00239,5106
-0.0419,5688
0.326,406
0.0111,4703
-0.0139,5395
-0.162,10095
-0.191,10291
-0.0109,5182
-0.0201,5815
0.0945,2530
-0.272,8148
0.206,1462
-0.000361,5103
0.0221,4120
0.26,576
0.11,1489
-0.021,7088
0.0247,3810
0.0168,4280
0.00521,4745
0.537,298
-0.0622,6657
0.0104,4566
-0.102,7076
0.135,1728
0.0623,3458
-0.117,8978
0.184,1564
-0.334,9554
0.0414,3714
-0.0445,8201
-0.287,10358
-0.0541,6381
-0.375,9871
-0.165,9628
0.151,2049
0.053,2845
0.33,573
0.331,397
-0.373,9989
-0.0344,5420
0.0642,2926
-0.0572,7506
-0.0693,6317
0.202,2046
0.0227,4279
0.111,1333
-0.158,7219
0.0314,3739
0.0687,2947
0.11,1981
-0.0983,8242
0.124,2700
-0.178,9370
0.0583,3140
-0.0085,5498
0.168,1870
0.24,675
-0.0095,5082
0.0764,2335
0.0604,3517
-0.128,6189
0.0841,3047
-0.115,8717
-0.00943,5155
-0.0249,6565
-0.0233,6293
-0.163,8711
-0.256,8846
-0.156,8483
0.0161,4585
0.0362,2598
0.123,1231
0.104,3369
-0.192,9408
-0.125,7751
0.0748,3170
0.326,301
0.00431,4841
-0.129,8985
-0.101,6028
0.31,825
-0.166,8781
-0.0853,7206
-0.201,10225
-0.0096,5290
-0.313,9284
-0.0416,5856
0.184,579
0.088,2956
0.153,795
0.0377,3759
0.192,1053
-0.122,7577
-0.0544,7066
-0.0052,5159
0.118,906
-0.152,8415
-0.00333,5096
0.201,1865
0.293,700
-0.009,5630
-0.0669,7682
0.00539,4964
0.125,2605
0.0406,4211
-0.284,9677
-0.11,8899
0.338,335
0.0694,3357
0.255,135
0.0797,3717
-0.0612,8042
-0.0158,5863
-0.1,8497
0.233,1019
0.0704,2415
0.379,333
-0.125,8107
-0.0106,5515
0.174,21
-0.0735,7028
-0.15,9203
0.12,1832
0.071,3813
-0.043,7307
-0.0451,7275
0.141,1083
0.111,2263
-0.162,7771
0.0535,4202
-0.0305,5301
0.0293,3552
-0.244,9112
-0.00664,5504
-0.0514,6112
0.106,3672
0.137,211
-0.0748,7958
-0.00727,5057
-0.0179,5462
-0.118,8125
0.123,1560
-0.0626,8726
-0.0738,8220
-0.116,7941
-0.18,8728
-0.109,6749
0.144,1782
-0.0313,8331
-0.106,9510
0.142,2003
0.138,1308
-0.117,5375
-0.161,7065
0.123,2432
-0.109,8464
-0.0516,6666
-0.0603,6351
0.147,942
-0.0953,6066
-0.0429,7049
0.000431,5039
-0.119,8626
0.343,746
-0.00942,5241
-0.00764,4964
0.202,686
0.64,1534
0.147,1973
0.0398,3855
-0.186,9588
-0.00613,5239
-0.0923,8648
0.148,1530
0.0657,2816
-0.121,8207
0.106,2547
-0.22,9553
-0.0845,7160
-0.00294,5243
0.111,1036
-0.34,9228
-0.228,7825
0.232,1471
-0.0522,7315
0.0224,3564
0.0105,4752
-0.0186,5159
0.019,4466
-0.0364,6801
0.0163,4485
0.0765,3641
0.154,1326
0.056,3471
0.00753,4723
0.0193,4409
-0.0181,6423
0.161,292
0.163,1445
-0.307,9388
-0.136,6989
0.013,4716
0.341,1101
-0.0481,5800
-0.00862,5002
-0.0386,5516
-0.00102,5220
-0.0377,6189
-0.142,7460
0.0739,3361
-0.223,8481
-0.0958,7328
-0.0601,6860
0.05,4024
0.0561,2063
-0.0252,6263
0.00543,4985
-0.0379,6541
0.0678,2507
-0.0167,5910
0.11,3476
-0.634,10117
0.0748,3292
-0.236,9432
0.04,3619
0.0451,3543
-0.393,9863
0.265,1641
0.0266,4475
-0.244,9784
-0.0123,6222
-0.073,7721
-0.267,9389
0.0229,4109
-0.406,7754
0.0769,2808
0.0207,4488
0.0705,2886
-0.00335,5150
0.0622,2490
-0.343,9875
-0.0343,5097
0.0277,3729
-0.138,9308
-0.0546,6319
-0.122,7263
0.181,593
0.671,734
0.0129,4383
-0.0354,6390
0.177,1294
-0.00252,4874
-0.0338,5969
0.0165,4722
0.0293,3929
-0.132,9116
0.325,539
0.204,557
0.186,1388
0.18,1335
0.0827,1750
0.00309,5086
0.0104,4724
-0.23,9658
-0.139,7504
0.165,2890
0.0509,3817
0.0318,4282
-0.0175,5410
-0.231,8005
0.0277,4303
0.0765,3324
0.124,507
0.468,1807
-0.233,8274
-0.0381,7426
0.0825,3129
0.0194,4139
-0.123,9768
-0.0944,7503
-0.276,9802
0.00351,5024
0.155,2181
0.0988,1270
-0.0337,6447
-0.121,9264
-0.525,8554
0.0521,3420
-0.244,8334
-0.13,9065
-0.0803,8175
0.00657,4749
-0.0848,7126
-0.188,9196
-0.147,8266
0.0914,3158
0.0908,1366
-0.401,10384
-0.117,7817
0.0133,4720
0.268,1377
0.0428,3753
-0.00958,5819
0.0829,3297
0.271,235
0.0528,3871
0.147,1893
-0.0235,6042
-0.093,7275
-0.0555,6825
0.189,1658
-0.197,8295
0.00721,4944
0.123,1221
-0.11,8798
0.0474,3425
-0.0278,6570
-0.157,8598
0.0522,2874
-0.111,8864
-0.0868,7893
0.00733,4710
-0.0781,7289
0.468,789
-0.188,8936
0.202,496
0.2,857
-0.0485,6714
0.0522,3638
0.315,855
-0.075,7109
-0.0579,8320
-0.322,10471
0.072,2750
-0.0986,8230
-0.00829,5472
-0.199,8063
0.0164,4177
-0.178,9462
0.797,288
-0.0635,6390
-0.244,8588
0.875,79
0.109,1100
-0.173,8939
0.0516,2365
-0.166,7787
0.104,3049
0.127,2163
-0.102,7426
-0.0899,8872
0.269,305
0.207,1107
-0.125,5969
-0.0802,8406
-0.0153,6080
-0.0405,6637
-0.0863,7654
0.314,774
-0.135,7679
-0.171,7230
0.00989,4514
0.251,676
0.41,303
-0.0627,5888
-0.0843,8788
0.208,393
0.0356,3805
-0.176,10125
-0.0782,7633
0.0394,3580
-0.241,8430
-0.0365,6175
0.0819,3552
-0.0971,6898
0.115,3239
-0.126,7466
0.0423,3784
-0.0792,7149
-0.0816,7080
-0.426,9986
-0.00169,5232
0.000718,5023
-0.0365,6480
0.0549,1422
0.338,392
-0.0536,7053
0.0614,3830
-0.0821,7423
-0.0386,7412
0.105,1949
-0.0444,6229
0.443,877
-0.427,10044
0.00999,4727
-0.116,8750
0.045,3307
-0.481,6775
-0.23,9613
0.166,2537
-0.196,9439
0.0264,3825
0.0215,4156
0.0787,3315
0.0581,3759
-0.179,9265
0.0712,3209
0.0594,2018
-0.0759,8152
-0.0857,7905
0.0924,2196
-0.27,10367
0.102,1093
0.101,2088
0.0195,4254
-0.0711,6528
0.0145,4528
-0.128,7423
-0.356,9890
-0.186,9407
0.0274,3347
0.154,1229
0.0031,4911
0.109,2952
-0.11,7697
0.00295,4957
0.0415,3055
0.234,378
-0.388,10322
-0.0805,6100
0.0307,4220
0.113,2209
0.0401,3215
0.108,2310
-0.174,9532
-0.0879,7561
0.0581,3343
0.207,351
-0.126,8934
0.112,2274
-0.0313,6003
0.0803,2185
-0.299,9662
0.0387,2664
0.218,516
0.289,232
0.132,1239
-0.187,9572
-0.305,9383
-0.04,6752
-0.122,8723
-0.113,7881
0.219,393
0.0149,4387
0.103,1635
-0.176,9658
0.188,413
-0.105,6399
-0.144,9180
-0.0607,6827
0.00384,4750
-0.168,9223
0.0259,4154
0.0527,3797
0.248,531
0.802,185
-0.0979,8876
-0.0466,6571
-0.266,10370
0.387,289
-0.069,6370
-0.124,7650
0.403,73
-0.0239,5979
-0.056,6133
-0.221,9673
0.044,4188
0.018,4112
-0.221,10098
0.0136,4580
0.0045,5123
-0.0849,6656
0.278,1691
-0.161,7631
-0.152,8983
-0.149,8368
-0.0042,4750
0.244,183
-0.202,9282
-0.192,8078
0.00496,4964
-0.0238,5795
0.225,1310
-0.236,8693
-0.282,9872
0.0449,3940
-0.0519,7225
0.0723,2661
0.336,471
0.026,4379
0.00693,4695
0.0634,2928
-0.108,7703
0.175,1465
-0.225,9457
0.1,3018
0.0236,4320
0.0578,3383
0.101,2903
-0.174,8898
0.0508,3567
0.0881,3142
0.0101,4902
0.00135,5064
-0.0408,6521
-0.139,8901
-0.112,8787
-0.0552,6670
0.0642,2359
-0.0292,6342
-0.034,6752
0.00314,4795
-0.0568,7392
-0.000776,5060
-0.0384,7291
-0.288,10138
-0.0424,7182
-0.0465,7348
0.00215,5001
-0.0382,5760
-0.0565,5900
0.0196,4463
-0.231,10090
0.00607,4501
-0.0755,7103
0.282,559
0.164,989
-0.108,7024
-0.303,9705
-0.0309,6829
-0.15,9253
0.218,576
0.33,923
0.18,1037
-0.168,10300
-0.0348,5944
-0.188,9517
-0.133,8066
-0.0338,6886
0.21,1891
0.0127,4451
-0.07,8808
0.154,2391
0.435,349
-0.154,7418
-0.06,5629
0.238,257
-0.0971,7701
0.252,1116
-0.0883,7836
0.0019,4927
-0.0365,5697
-0.0215,6210
-0.0653,7682
0.0321,4005
0.0486,3420
0.0392,4227
-0.543,9584
0.00789,4966
-0.0103,5422
0.165,1073
0.0348,4085
0.00937,4983
0.0684,2330
-0.00433,5276
0.215,901
0.394,41
-0.12,8832
-0.131,8553
0.223,2902
0.0305,3759
-0.128,9059
-0.0962,4810
0.934,220
0.145,1683
-0.00849,4998
0.215,1067
-0.132,9267
-0.158,7646
-0.209,9124
-0.109,8923
-0.124,8503
0.127,1469
0.0275,3386
-0.127,8361
0.00377,4613
-0.168,7999
-0.145,8552
0.054,2474
0.0669,2541
0.0425,4387
0.18,2020
-0.154,8483
0.118,1867
-0.11,8843
0.163,1769
-0.111,7741
-0.0148,5435
-0.473,9733
-0.0396,6417
-0.343,9648
-0.117,9622
-0.0772,7890
0.0334,4272
-0.00689,5163
0.186,862
0.0445,3029
0.11,2855
-0.113,8561
0.0973,3042
0.2,1902
0.136,2211
0.0181,4461
-0.0755,7783
-0.147,7976
0.0244,4364
-0.116,9312
-0.111,8982
0.0289,3977
0.203,670
0.116,1162
-0.164,9833
-0.00189,5175
0.00429,4816
-0.0344,6695
-0.026,6190
0.0227,4125
-0.132,7290
-0.0887,9681
-0.194,9404
0.225,566
-0.295,10084
-0.142,8628
-0.0384,5670
-0.0444,6833
-0.0315,6212
0.0892,1665
0.0838,1294
0.0283,4283
-0.0809,7577
-0.147,7617
-0.116,6355
-0.0167,6072
-0.0184,6259
-0.141,8837
-0.0348,5637
0.0351,3546
0.579,246
-0.011,5262
-0.0536,6576
0.154,3219
0.127,3593
0.123,2548
-0.221,8039
-0.197,8724
-0.212,10078
0.704,1837
-0.273,5204
0.227,1835
-0.502,8462
-0.284,9910
-0.0473,6215
-0.16,8172
0.295,1211
0.16,511
-0.142,9247
-0.231,9675
-0.11,8073
0.198,2767
-0.281,10040
-0.0474,7416
-0.0362,6119
-0.0502,6823
0.0161,4604
-0.006,4997
-0.232,10177
-0.0656,9409
-0.117,8736
-0.171,8729
0.0664,3864
-0.207,10361
-0.116,10180
0.119,2453
-0.147,7760
-0.0166,5672
-0.393,10178
-0.459,10170
-0.00326,5586
-0.0872,9861
0.146,1967
0.116,2615
-0.0565,6927
-0.251,9617
0.0567,3427
-0.0763,8449
-0.000632,5076
0.138,1793
-0.183,10228
-0.0612,6505
0.139,800
0.0464,3192
0.129,950
-0.0498,6756
-0.135,7630
-0.147,8137
-0.185,8109
0.1,2776
-0.107,9573
0.123,2043
0.19,2289
0.134,1295
0.108,1928
0.029,4166
0.0163,4568
-0.0816,8339
0.298,711
0.149,730
0.544,54
-0.0471,7114
0.0901,994
0.0311,4111
0.000937,5219
0.0589,4085
-0.109,6089
-0.101,9096
0.226,715
-0.0112,5413
-0.14,9146
-0.159,9155
-0.117,9794
-0.0062,5253
-0.286,10391
-0.22,9894
-0.163,9274
-0.0754,5605
-0.102,7624
-0.0455,7318
-0.00193,4959
0.0505,3792
0.116,2419
-0.0277,5905
0.0527,2404
0.14,1350
0.0489,3008
0.0252,4068
0.0127,4605
-0.175,9221
0.616,149
0.0519,3701
0.0649,2319
-0.0604,6355
0.129,1305
0.247,2166
0.514,469
-0.0274,6059
0.0271,4004
-0.109,8271
-0.102,8828
0.145,1743
0.104,2423
0.212,1926
-0.0776,8604
-0.0246,5928
-0.000336,5041
-0.0693,7001
0.174,2054
-0.148,9082
0.0147,4739
-0.179,9477
0.144,1941
-0.0518,5828
-0.21,8957
0.00224,5054
0.25,1998
0.0735,3357
0.0361,3834
0.127,2521
-0.0921,6257
0.0523,2266
0.0477,2957
-0.134,7902
-0.125,6956
0.227,1199
-0.225,7669
0.00301,4928
-0.0661,7642
0.0518,3501
0.0202,4333
-0.261,9285
0.0857,2507
-0.173,8744
-0.0307,5671
0.633,12
0.0161,4718
-0.144,8630
0.154,641
-0.15,8663
-0.0611,6517
0.00958,4885
0.101,3403
0.0312,4304
-0.143,8594
-0.278,8659
-0.15,10313
-0.199,10366
0.0509,2806
0.0109,4893
-0.0973,6642
-0.161,9805
0.0466,2818
0.179,2626
-0.151,9974
-0.16,8846
0.0593,3567
0.243,1387
0.0436,1264
-0.0012,4996
0.274,1020
-0.395,9928
-0.251,9243
0.198,498
-0.0124,6015
-0.0065,5291
-0.104,7782
0.0964,2351
-0.0374,6197
0.0826,2407
-0.107,8506
-0.575,10363
-0.0564,6838
0.0631,3607
-0.185,9393
-0.202,8819
-0.103,9532
-0.0742,7262
-0.136,8239
0.0723,2602
-0.0752,6594
-0.148,8515
-0.0509,6768
0.204,732
-0.0481,6352
-0.0521,5525
0.276,217
0.00786,4749
-0.0275,7092
-0.0581,6360
0.00286,5039
0.109,1543
-0.052,6906
0.00542,5023
-0.162,10253
0.112,2061
-0.118,8099
-0.113,7866
0.167,1742
-0.311,9260
-0.0392,6873
-0.0818,7233
-0.133,7381
0.55,789
-0.0945,7421
-0.0158,5629
-0.152,10295
-0.0997,8231
0.107,1705
-0.109,7182
-0.065,6750
0.11,1391
0.403,2
-0.293,6731
-0.0816,7164
-0.141,9255
-0.0211,5267
0.0917,1940
-0.0644,7849
0.00734,4585
-0.153,7890
0.0629,3393
0.162,1040
0.07,2446
-0.0665,8208
-0.055,5688
-0.0376,5760
0.00837,4762
-0.41,6015
-0.0832,9577
-0.135,9183
-0.299,7242
-0.0762,7592
-0.0801,7026
-0.0751,5800
-0.0763,6930
0.153,1199
0.0924,1579
-0.19,9663
0.224,945
-0.0313,7163
-0.00347,5117
-0.11,7552
-0.109,7210
0.0397,3807
0.0153,4755
-0.0623,6323
0.047,3159
-0.025,6145
0.182,1502
0.0222,4410
0.368,709
-0.276,8690
0.115,1825
0.113,2925
0.0947,2767
-0.268,9288
0.231,779
0.101,754
0.0618,1818
0.093,1263
-0.0377,6354
-0.00204,4987
-0.0982,8791
0.549,277
0.193,484
0.0632,3544
0.0503,3045
-0.133,7374
-0.0539,7554
0.0879,2736
-0.227,8892
-0.182,8961
0.0779,2820
-0.33,8524
0.195,989
0.831,1474
-0.0408,6870
0.0581,2157
0.0862,3117
-0.185,9517
-0.00632,5286
-0.458,7161
0.0163,3998
-0.249,7211
-0.0672,7216
-0.103,8571
3.41,160
0.152,3036
-0.108,9408
-0.112,8093
0.07,2877
-0.103,8621
0.0327,3546
-0.0939,7442
-0.033,6191
0.0609,1940
0.342,218
0.23,1137
0.0705,4053
-0.166,7552
0.0835,1469
0.00072,5205
-0.0435,5316
0.259,1611
0.0718,2946
-0.144,8469
0.136,960
-0.148,9867
0.0427,3830
-0.0483,6040
-0.174,6598
-0.0989,6593
0.0504,2603
-0.0556,7399
-0.261,8608
0.104,2821
-0.17,9283
0.325,356
-0.0462,7153
-0.0444,6539
-0.00155,5105
-0.0755,8005
-0.0456,7166
0.0788,2706
-0.0607,7711
0.27,404
-0.229,8989
0.239,89
-0.125,9396
0.0644,3213
-0.0693,7081
-0.246,9324
0.106,2228
-0.0176,5864
-0.0787,8690
0.0174,4520
-0.0904,8090
-0.0067,5233
-0.0449,6133
0.205,2640
0.162,857
0.244,969
-0.0249,5942
-0.198,9102
-0.0255,5689
-0.141,9649
0.235,379
-0.237,8934
0.12,2247
0.0473,3509
-0.17,8216
0.0505,2716
-0.168,9721
-0.491,8317
-0.0668,6915
-0.0331,5579
0.274,265
-0.0144,6103
-0.0251,6122
-0.132,7738
-0.00984,5170
0.181,535
0.0837,3389
-0.0874,7785
0.00132,4825
0.0888,3174
-0.0399,6217
-0.0432,7167
0.119,1621
0.067,3429
0.0423,2637
-0.2,9977
-0.0592,7203
-0.207,9467
0.0432,3106
-0.00182,5096
0.0791,1622
-0.615,9676
-0.482,10196
0.132,3531
0.165,1829
0.0669,2421
0.0904,1722
-0.0635,8270
0.0643,3299
0.33,415
0.0852,2196
0.118,211
-0.0215,5345
0.35,301
-0.191,8100
0.378,696
-0.204,9275
0.023,4366
-0.136,9143
0.00656,4866
-0.139,9431
0.094,1621
0.0713,2362
-0.102,8221
0.0989,2529
-0.0999,7178
-0.0236,5576
0.2,360
-0.0721,7328
-0.0712,7714
0.135,1919
-0.145,8418
-0.198,9174
-0.255,8395
0.0387,3373
-0.133,8384
0.0276,4166
-0.0337,5978
-0.109,8686
-0.0962,10028
-0.0214,5389
-0.0833,8015
0.0705,2385
-0.0463,6503
-0.111,7675
-0.0608,8463
-0.00144,5128
0.0367,4260
0.293,1209
-0.289,10203
0.453,797
-0.154,9712
-0.302,9905
0.0401,3797
-0.0647,7550
-0.14,7970
0.0853,3343
-0.198,10417
0.065,3393
-0.0914,7153
-0.131,7458
0.0556,4042
0.0123,4716
0.342,48
-0.0938,7173
-0.0175,5248
-0.114,8353
0.343,760
-0.215,8836
-0.188,9087
0.0351,3602
0.0561,2837
0.114,2022
-0.113,8389
0.0421,4056
-0.0366,6493
0.0157,4402
0.0515,3823
-0.342,10258
0.0532,4227
-0.208,8622
-0.153,9823
0.072,2648
-0.0597,6107
0.113,2036
0.302,570
-0.0395,7531
-0.0877,8566
0.0652,3433
-0.325,9831
-0.132,9539
-0.0882,7685
0.0427,3454
0.0863,3186
-0.081,7780
-0.00816,5622
-0.0929,6903
0.45,1007
0.34,1230
0.00872,4660
0.0763,2458
-0.15,9297
0.143,2364
-0.0345,5789
0.0474,4330
-0.075,8332
0.0539,1876
-0.167,7640
-0.351,10078
0.0892,2673
0.0817,2349
0.142,2026
0.0188,4154
-0.182,9494
-0.0949,7214
0.0719,3212
-0.072,7039
-0.141,7447
0.0961,2381
-0.0218,6200
-0.106,9006
0.117,2163
-0.015,5445
0.0501,2946
0.081,2363
0.222,549
0.00179,4920
0.125,1243
-0.111,6514
-0.135,9173
-0.0401,6262
0.0273,4030
-0.0349,6604
-0.273,9374
-0.0331,6441
0.0415,3538
-0.0814,8170
1.67,573
-0.124,7458
-0.00615,5375
-0.203,8639
-0.0858,6363
-0.00413,5298
-0.161,8147
1.25,509
0.00767,4956
0.133,400
0.00545,4824
0.056,3371
-0.137,10206
-0.0366,5720
0.3,1353
-0.0826,7549
-0.0241,5982
-0.214,9603
0.545,629
-0.0182,5127
0.0652,3841
0.148,808
0.126,441
-0.1,7792
0.0657,3485
-0.16,7547
-0.201,8996
-0.142,8896
-0.0631,9004
-0.13,7784
-0.0425,6158
0.00922,4827
-0.122,6985
0.179,1285
-0.0802,8448
0.396,80
0.0921,3149
0.256,760
-0.101,3301
-0.0489,6927
-0.0371,7451
-0.0523,6943
-0.0761,7183
-0.132,8509
0.0292,3622
-0.113,8431
0.163,380
-0.021,5957
-0.112,7746
0.175,1854
0.0058,4838
0.0446,3877
-0.0352,7548
-0.0175,5553
-0.111,7238
0.56,5
-0.103,7487
-0.0953,9124
0.0431,3836
0.0401,3558
-0.193,9702
0.0211,4374
0.0879,1607
-0.0733,8315
0.069,2750
0.00717,4858
0.14,1338
0.0342,3946
0.229,2185
0.0956,2784
0.162,68
0.0463,3740
-0.0389,6289
-0.167,7956
-0.0681,6587
-0.043,6159
0.19,446
-0.0749,7496
0.158,2281
0.0698,2584
-0.245,9412
0.123,2968
0.0176,4185
-0.0306,5885
0.0107,4712
0.00363,5025
0.186,1541
0.0342,4310
-0.279,9589
-0.138,8250
-0.0908,8006
0.0322,3518
0.0347,3969
-0.0393,5806
-0.217,9608
-0.127,7435
0.477,1268
-0.164,7882
0.0933,1253
0.0845,2004
0.0868,2076
-0.178,7379
-0.441,10031
0.0345,3779
0.00392,4850
0.0306,4073
0.0559,3428
-0.452,8199
-0.0295,5344
0.241,1143
-0.248,10406
-0.123,9131
-0.0552,6778
-0.0159,5560
-0.333,10067
0.136,2246
0.382,404
0.0691,1875
-0.0437,7037
-0.165,8139
0.533,49
0.0532,3197
0.0557,3010
0.172,1264
-0.0701,7652
-0.0511,7712
0.128,1854
0.125,750
0.139,1488
0.201,663
0.131,1973
-0.21,7732
-0.19,9638
0.14,1748
0.173,983
0.0846,2942
-0.067,7153
0.0256,4163
0.0636,3802
-0.186,10087
-0.019,5771
0.0289,4257
0.072,2491
0.133,1626
-0.093,7184
-0.036,7924
0.229,414
0.125,3512
0.574,735
-0.0552,8199
0.206,459
-0.0561,6864
0.0399,3099
0.0702,2521
-0.0943,8683
-0.0526,6697
-0.0392,5640
-0.0992,8649
-0.0536,8658
0.111,2935
0.00935,4709
-0.0582,6149
0.0115,4575
0.1,2246
0.121,2002
-0.098,6669
0.00708,4837
-0.235,8611
0.402,420
0.151,1915
0.599,3
-0.0646,6861
-0.201,8648
-0.33,7931
-0.3,7735
0.00534,4908
-0.049,5801
-0.139,5068
-0.0958,5219
-0.338,9224
-0.0451,6100
0.00858,4935
0.0306,3470
-0.0791,8124
-0.0939,6938
0.158,1028
-0.0601,6816
0.0328,3840
0.0394,3398
-0.0131,5450
0.0062,4824
0.131,1254
0.462,417
0.0939,639
0.0323,3023
0.0841,2115
-0.227,8535
-0.222,10063
-0.137,8019
-0.0884,8251
-0.0449,7703
0.0113,4486
0.173,207
0.104,1195
-0.125,6868
0.089,1956
-0.177,10171
-0.045,6807
-0.162,9396
0.274,1481
0.117,2375
-0.075,7887
0.0336,3783
-0.198,9168
-0.0713,7451
-0.273,8578
-0.133,7582
0.243,195
-0.0863,7232
0.0557,2720
0.156,1881
-0.164,8780
0.0493,2703
0.262,711
-0.0402,6303
-0.00942,5375
-0.0949,8016
0.0127,4803
0.0304,4171
0.0542,2582
-0.0663,7628
0.0282,4280
0.435,194
-0.125,7570
0.35,673
-0.00851,5685
0.0525,2343
0.169,2313
-0.295,8431
-0.121,7127
-0.0875,7346
-0.0789,7335
-0.0576,5592
-0.0448,6365
-0.234,9637
-0.209,10207
-0.0528,5981
-0.166,8111
0.152,1114
0.213,560
-0.0795,7637
0.125,2290
0.0521,4270
0.376,5
0.0392,3874
0.0457,2726
0.217,1193
0.301,1861
0.057,2919
-0.134,8048
0.128,981
-0.106,6063
-0.0453,6231
-0.212,10111
-0.199,9375
-0.0724,8959
0.131,890
-0.109,8740
0.055,2919
0.0533,4070
0.344,255
-0.158,9692
0.151,1110
0.253,1197
0.00466,4940
-0.0422,5993
0.0296,4332
-0.00419,5255
-0.259,9433
0.0153,4634
0.107,1318
-0.094,8607
-0.0444,7154
-0.0619,8578
-0.0247,6468
-0.137,9391
0.0883,3393
-0.304,10138
0.289,341
-0.00991,5878
-0.0826,7656
0.0995,754
-0.0372,5494
-0.0572,5498
0.131,2003
0.163,2027
0.0288,4290
-0.02,5277
0.142,831
-0.0148,5848
0.178,2179
0.189,574
0.0357,3831
-0.0402,6496
-0.11,7972
-0.0178,5376
-0.139,9789
0.00906,4563
-0.109,9515
-0.0341,7026
-0.132,8880
-0.223,7575
-0.115,7386
0.0767,1910
-0.0746,7934
0.136,2104
0.212,1654
0.273,334
-0.0259,6093
0.0471,3524
0.208,977
-0.069,7419
0.0993,3077
0.0601,2530
0.0663,2471
-0.0652,7269
-0.163,8400
0.0797,2835
-0.0835,7555
-0.0246,6158
-0.0667,7076
0.184,975
-0.199,9450
-0.289,7801
-0.256,8192
0.086,2882
0.252,1555
-0.000694,4831
0.0771,2297
0.284,2051
0.0367,4066
-0.12,7748
-0.256,9413
-0.0138,5737
-0.0989,9058
0.0842,3237
-0.0767,6780
0.0644,3483
-0.173,8322
-0.0285,6348
-0.0805,7308
-0.281,10354
0.0969,2333
-0.0285,6622
0.11,3087
0.229,257
-0.0713,8401
0.259,576
0.0219,4358
0.00401,4691
-0.218,9271
0.0116,4706
0.282,1095
-0.291,10089
0.0146,4699
0.605,1404
-0.00443,4990
-0.0921,8438
-0.175,8670
-0.105,8719
0.266,1268
-0.0838,7228
-0.00729,5040
-0.00487,5180
-0.00229,5101
0.0896,1664
-0.0664,7197
-0.0904,7914
-0.0982,7871
0.0626,3383
0.122,355
0.0419,4046
-0.103,9461
0.157,1722
-0.114,7646
0.201,2049
-0.141,8957
-0.186,9444
0.202,1675
-0.127,7267
-0.197,9258
-0.0694,8766
-0.0966,9025
0.18,1829
-0.235,9427
0.215,196
0.225,845
0.0717,697
0.106,187
0.0678,2527
-0.157,8200
-0.0276,6054
-0.0314,6141
0.0963,1946
-0.0907,8921
-0.0193,5557
0.472,0
0.641,239
-0.45,9500
-0.0287,6035
-0.1,6733
0.15,1717
-0.00159,5125
0.0423,3834
0.0164,4660
0.356,225
-0.0551,7257
-0.215,4916
-0.096,7114
-0.0381,5753
-0.201,8378
0.0216,3723
0.00448,4935
-0.057,6891
0.0415,3903
0.0777,2593
-0.0986,6942
0.0918,1267
-0.0696,7941
-0.151,10248
0.0711,3828
0.0055,5034
0.324,1886
-0.0501,7702
0.161,1107
0.13,2435
0.203,1022
-0.0973,6516
0.471,552
-0.0623,7510
0.109,2104
-0.0389,5833
-0.115,9153
0.0243,4386
0.413,368
0.0722,2177
-0.0559,9774
-0.106,6616
-0.223,8438
-0.103,7142
-0.022,5649
-0.0585,8486
-0.13,8529
-0.122,8811
0.0526,2851
0.00673,4923
-0.00812,5281
0.16,995
0.03,4302
-0.14,8638
0.186,510
-0.155,8370
-0.0817,8297
0.0444,3943
0.0251,3648
0.761,192
0.054,3078
-0.327,7071
0.056,2481
0.031,4312
0.0184,4235
0.00738,4683
0.0905,2130
0.207,2586
0.346,647
-0.0808,8438
0.0377,3780
0.00299,4892
-0.0915,6340
-0.132,7198
-0.214,8535
-0.0287,5945
-0.00889,5586
0.00278,4979
-0.0295,5772
-0.038,6519
-0.177,8196
-0.089,8515
0.0421,2996
-0.0612,5972
0.0533,3480
-0.245,9623
0.0961,2134
0.211,97
-0.0126,5037
-0.0848,7376
0.0285,4425
0.142,2280
-0.273,9618
0.198,616
0.0085,4688
0.0262,4375
-0.146,8074
-0.17,8862
-0.0599,6538
-0.0475,6123
0.12,1083
-0.2,9365
-0.03,5666
0.412,474
0.196,1399
-0.0562,7092
-0.124,7608
-0.256,8949
0.148,1741
-0.441,9578
0.0107,4789
-0.0287,6180
0.092,2445
0.108,3141
0.0528,3673
-0.0778,8773
-0.0578,6689
-0.0863,7814
-0.0604,6287
0.0426,3614
0.274,467
0.0265,3928
0.0717,3142
-0.0571,7645
0.00892,4505
0.037,4305
-0.185,8777
-0.111,6002
-0.242,7919
0.132,1771
-0.0685,6797
-0.206,8982
0.0552,3518
-0.123,8897
-0.191,9226
0.00656,4947
-0.0651,7407
0.117,2122
0.177,2099
0.0356,2854
0.257,1307
0.0592,3860
0.634,3
-0.0229,5624
0.0185,4517
-0.105,8242
0.396,1956
-0.171,9801
-0.0264,6605
0.102,2469
0.0135,4505
0.0681,3258
0.231,1015
0.00584,4862
0.0287,3713
-0.106,8380
-0.0207,6047
-0.00147,4888
-0.303,6500
0.095,1904
0.0422,3420
0.0967,3165
1.18,18
0.346,2461
0.101,3479
0.0422,4347
-0.0236,4939
-0.0556,6988
0.0125,4726
-0.0412,5899
-0.0999,6850
0.11,1844
-0.0894,8222
0.133,1902
-0.0342,6660
0.182,2072
-0.152,8577
-0.156,10198
0.0612,3462
-0.084,7404
0.153,590
-0.0242,6313
0.0614,3530
0.0615,1755
-0.00549,5390
0.0192,4668
-0.123,7852
0.0283,4245
-0.333,9849
0.027,3951
0.067,2676
0.352,1139
-0.131,7551
-0.149,8654
-0.072,8585
-0.197,7593
0.101,2425
-0.0415,6931
-0.0846,7931
-0.282,9198
0.155,1658
-0.22,10350
-0.12,8223
0.0767,2698
0.178,705
-0.0469,6533
0.0468,2821
-0.0273,6343
-0.161,8477
-0.31,8802
0.491,831
-0.0627,7002
0.0838,2485
-0.109,9386
0.0079,4742
0.0559,3354
-0.0344,6185
0.145,2274
-0.09,6879
0.0968,2092
-0.095,7584
0.411,638
0.194,1301
-0.261,9211
0.0784,3898
0.233,344
0.0766,2863
-0.103,9764
0.155,2438
0.217,815
0.515,417
-0.0216,6301
0.119,1542
-0.0484,6702
-0.376,10280
-0.263,9771
0.0941,3326
-0.194,9631
-0.0322,6482
0.425,69
0.321,215
-0.202,9599
0.169,1409
0.0584,2226
0.301,537
-0.0404,6577
0.214,367
-0.0906,7716
0.417,131
-0.0639,6023
0.0731,1468
-0.141,7981
0.0379,3937
0.458,479
-0.0636,7656
-0.0275,6042
-0.0974,8086
0.364,378
-0.117,7264
-0.105,6936
0.00167,4871
-0.0635,7016
-0.0408,6930
-0.0535,6764
0.209,1059
0.137,1262
-0.129,6634
-0.00656,5082
0.0454,3416
-0.386,10119
0.153,1519
0.516,113
0.0111,4940
0.145,776
-0.197,10275
-0.123,9140
-0.0122,5435
0.0111,4832
-0.224,9574
0.00179,5199
-0.00185,5424
0.0896,2794
-0.00636,5105
-0.0771,8291
-0.163,8835
0.00191,4920
-0.159,10025
0.0506,2909
0.0941,2846
0.0586,3180
-0.501,10205
-0.0772,7847
-0.0108,5640
0.0927,1701
0.103,2860
-0.103,7173
-0.257,9357
-0.0555,6991
0.0555,2607
-0.0899,8155
-0.0785,6982
-0.164,8282
0.378,477
0.0112,4454
-0.0839,4113
0.152,2243
0.147,2279
0.353,226
0.0689,2607
0.00704,4537
0.0128,4661
0.0505,3730
0.0132,4735
0.097,3204
-0.26,9337
0.0162,4423
0.0508,3396
-0.432,8989
0.332,362
-0.135,7070
0.0641,3313
-0.1,9063
0.0777,1636
0.103,3184
0.0145,4566
-0.34,10045
-0.149,8376
0.00174,4888
-0.14,10288
0.143,1820
-0.39,8929
0.0393,3378
0.147,2842
0.159,498
-0.143,9932
-0.262,9787
-0.166,8951
-0.106,8266
-0.0776,6522
-0.0422,7331
-0.113,8260
-0.314,9323
0.103,1702
0.382,277
-0.123,8122
-0.0565,7079
0.429,4
-0.134,8256
-0.0968,8719
-0.091,5999
0.0381,3755
-0.0804,7339
0.12,1904
-0.169,7805
0.0834,3510
-0.0878,7895
0.0679,3587
0.0947,2183
0.0288,3486
-0.0297,6051
0.0648,2391
-0.224,8018
0.192,1206
-0.00694,4792
-0.18,9493
-0.439,10298
0.0787,3199
0.199,2211
-0.0419,6429
0.0196,4408
0.0124,4874
0.537,444
0.228,705
-0.127,9019
-0.00588,5233
-0.0761,8013
-0.072,8819
-0.384,10213
0.06,3803
-0.0148,5350
-0.117,8039
0.0113,4914
-0.0129,5474
-0.102,7875
-0.105,7117
-0.148,8602
0.114,2139
-0.0595,7809
0.109,249
-0.22,9239
0.00555,4835
-0.285,9373
0.00779,4716
0.145,691
-0.067,7204
-0.0131,5696
0.0524,2927
0.00754,4947
-0.144,8249
-0.0929,8923
0.0122,4672
0.018,4515
0.254,329
-0.186,6933
0.194,2062
0.0255,3405
-0.0771,7620
0.0185,4464
0.042,3963
-0.136,7229
-0.0765,7156
-0.0567,7305
0.0893,2060
0.355,186
0.0681,3677
-0.0635,6890
-0.316,9203
0.105,611
-0.178,9996
-0.0526,6541
0.128,1898
0.089,3464
-0.0394,5832
0.158,1445
0.163,2405
-0.0712,6829
-0.31,10437
-0.121,8253
0.114,2152
-0.384,10145
0.0586,2633
-0.144,7921
0.127,2566
-0.297,9573
0.102,2056
0.00552,4771
-0.0581,7803
-0.12,8288
1.38,6
-0.255,5072
0.121,1901
-0.174,9522
-0.0848,8328
-0.185,9346
0.0584,3757
0.0883,2253
-0.119,7206
0.0211,3846
0.004,4936
-0.0103,5559
0.0187,4232
-0.196,8567
0.0447,4097
-0.0685,7999
0.0105,4692
0.0877,3238
-0.00199,5029
0.026,4030
0.0421,3840
-0.204,9426
0.0305,3749
0.0572,2406
0.164,1367
0.0388,4216
-0.132,7337
-0.15,9889
0.148,682
-0.225,9072
0.0411,4050
0.055,3309
0.0222,3956
0.0867,1767
0.0754,2402
-0.0782,7427
-0.324,10190
-0.335,7968
0.0806,3547
-0.106,8297
0.0149,4479
0.411,499
0.102,2693
0.0278,4266
-0.235,8150
0.0579,3331
-0.0528,6574
-0.109,8451
-0.0041,5397
0.257,394
-0.069,5715
-0.0517,8857
0.0626,3498
0.356,440
-0.114,7444
0.048,3602
-0.0326,6252
-0.0731,6965
-0.126,9456
0.297,27
-0.123,7927
-0.00799,4753
-0.133,8233
0.0557,2855
-0.0675,6232
-0.184,9152
-0.0378,6221
0.0526,3746
0.0311,3176
0.0293,4176
0.0673,3297
0.0691,2861
0.0345,4182
0.0247,4417
0.0689,3908
-0.124,9860
-0.0063,5161
0.237,1187
-0.0619,6586
0.124,2386
-0.175,7970
0.124,1888
0.137,2550
0.0309,4107
-0.0552,7366
-0.255,9491
-0.11,9272
0.0618,2482
-0.0879,7900
-0.0947,6202
0.126,1995
0.215,1760
-0.0341,6561
0.218,183
0.022,3806
-0.0324,6365
0.0651,3248
-0.243,9767
-0.0472,7451
-0.115,9938
-0.0783,8839
-0.0709,4873
-0.123,8482
-0.029,6484
0.0932,2339
-0.0651,6952
-0.0945,8780
-0.0991,7271
0.269,781
-0.0302,5896
-0.0575,6168
0.104,1622
0.0932,2672
0.0116,4640
-0.0518,6269
0.0145,4204
-0.19,8293
0.0288,3687
0.0896,2187
-0.00324,4968
0.194,704
0.0602,2784
-0.131,9443
0.292,606
-0.00834,5194
0.173,998
0.162,385
-0.222,10169
-0.0215,5324
0.24,618
-0.0616,7633
-0.183,8358
0.108,2273
0.256,522
-0.00336,5275
-0.00535,5470
-0.183,9307
-0.032,6055
0.0541,4047
0.525,696
-0.0141,5645
-0.222,9700
0.363,378
0.166,2070
0.292,342
0.153,2127
-0.145,7455
0.0557,2788
0.039,3397
0.0253,4032
0.115,1964
0.0187,4698
-0.00736,5883
-0.00157,5110
-0.1,8355
0.349,510
0.0501,3740
-0.0724,7148
-0.36,10172
0.0333,2738
0.0533,3124
-0.111,8888
-0.217,9400
-0.34,8689
-0.0294,5376
-0.0387,6806
-0.0918,7212
-0.0964,8356
-0.0513,6516
0.158,1295
0.129,1565
-0.0679,8127
-0.0707,7319
-0.191,9701
0.134,1745
-0.174,9227
-0.258,10006
-0.0328,5769
0.0395,4107
0.161,2555
0.275,885
-0.21,8326
-0.127,8538
-0.0507,7297
0.0704,3380
0.0151,4429
-0.222,9465
0.137,282
0.0934,3116
-0.253,10000
0.0576,2423
0.0287,3686
-0.0847,7388
0.0624,3809
0.159,364
-0.126,9713
0.0469,2376
-0.0823,7962
-0.0218,5932
0.0275,4323
0.0197,4224
0.228,1461
-0.0423,5548
-0.0248,5657
0.108,3203
-0.0606,6872
-0.166,7841
-0.0623,6063
-0.0498,7741
0.105,2832
0.026,4361
-0.243,8993
0.132,515
-0.122,8307
0.053,3096
-0.124,7002
0.163,2027
0.162,607
0.0207,4419
-0.0163,5645
-0.165,9551
-0.0192,6224
0.00391,4706
-0.142,8636
0.064,2724
-0.0113,5998
-0.0746,9194
-0.208,10153
0.463,138
-0.155,9047
-0.00414,4781
-0.133,8909
-0.0429,7198
-0.14,7086
-0.0876,8119
-0.0279,5891
-0.0306,5665
-0.0748,7812
-0.0502,7384
-0.107,7665
-0.129,7268
0.0285,3605
0.107,3213
0.0342,3638
0.0184,4731
0.075,3219
-0.0737,7158
-0.221,8141
-0.0778,7929
-0.0553,7505
-0.0997,9059
-0.228,8775
-0.18,7976
-0.0358,5641
-0.11,8253
0.643,49
-0.151,9329
-0.0464,6101
-0.231,10268
-0.0257,5738
0.167,1127
0.103,1576
-0.03,6155
0.0211,4094
0.36,1374
-0.114,7824
-0.023,6122
-0.0211,5940
0.0289,4372
-0.0422,5759
-0.156,9474
0.0888,3462
0.0872,2368
0.0976,1027
-0.165,8956
0.011,4553
-0.024,6282
0.151,791
-0.0134,5218
-0.109,9102
-0.0017,4924
0.498,94
-0.0038,5407
0.0404,4263
0.202,380
0.0286,3166
-0.00734,5212
0.00206,5267
-0.255,9996
-0.237,9964
-0.277,9450
0.0447,2113
0.126,1361
0.235,1156
-0.125,8422
0.199,99
0.0359,3553
-0.00387,5130
0.128,1344
0.121,1840
-0.101,6972
-0.0422,6421
-0.423,10246
0.0399,3363
-0.0855,8520
-0.117,8852
-0.00318,5257
-0.241,10249
0.258,824
-0.074,7660
-0.122,9082
0.251,185
-0.00601,5201
0.158,2286
0.0623,3651
-0.123,7947
-0.0955,8446
0.248,1103
0.0684,3911
0.313,98
-0.0373,6032
-0.0632,7129
-0.0175,5268
-0.00232,4872
-0.412,8138
0.166,1345
0.407,47
-0.099,7703
0.00869,4415
-0.155,9071
-0.223,10072
0.385,684
0.0152,4621
-0.0318,6563
0.00152,4998
-0.137,8444
0.134,2058
0.00681,4682
0.0609,3563
0.0593,3203
-0.0219,6087
0.173,462
-0.0377,6336
-0.182,10186
-0.174,7476
-0.128,8692
0.0367,2664
0.0975,2682
0.0732,2633
-0.281,9176
0.128,1764
-0.00597,5598
0.0695,1752
-0.00828,5215
0.192,855
0.102,2490
-0.263,10426
0.00226,5013
-0.0704,8526
0.0374,3612
0.00791,4590
1.04,74
-0.0181,5248
0.0923,1961
0.0188,4153
0.0796,2086
-0.154,9325
0.0541,2778
0.0792,2375
-0.0934,10023
-0.117,9534
-0.161,9120
0.389,615
0.0209,4011
0.3,2105
0.0102,4671
-0.134,8805
-0.00679,4702
0.0754,2506
-0.00536,5645
-0.236,8165
-0.0621,6909
0.168,472
0.0146,4642
0.124,2610
-0.0982,7856
0.1,2298
-0.105,8354
0.0997,2166
-0.281,9993
0.248,1388
0.164,2009
-0.181,8676
-0.233,10203
-0.0165,5356
-0.0336,5616
0.00519,5035
0.236,585
0.116,2261
-0.096,7878
0.00492,4796
0.152,1426
0.00629,5011
-0.184,8172
-0.0389,5662
-0.41,10448
0.0182,4589
-0.174,8406
-0.0421,5705
0.216,169
0.196,1343
0.204,530
-0.108,8562
-0.0714,7175
0.177,1544
-0.0741,6459
-0.183,7568
0.079,2370
0.112,2333
0.235,141
0.125,1459
-0.0915,7047
-0.272,9631
0.0618,3218
-0.011,5473
0.384,234
0.287,481
1.14,171
-0.205,8914
-0.072,6658
-0.0725,7632
0.179,1414
-0.0129,5766
-0.177,9416
0.0569,2852
-0.127,9716
-0.26,10175
-0.0217,5884
0.00777,5025
-0.163,6325
-0.0575,7314
0.0851,1638
-0.0793,6746
-0.12,8251
-0.223,8900
-0.165,8794
-0.0587,7127
-0.0372,6178
0.0269,4190
-0.108,7150
0.343,458
0.0559,3951
0.216,526
0.219,280
-0.263,9720
-0.0601,7672
0.0251,4205
-0.139,8238
-0.062,8133
-0.0662,7557
-0.0085,5338
0.0393,3730
-0.154,9362
-0.113,7247
-0.00415,5349
-0.0416,6811
-0.437,9734
-0.143,8662
0.133,2785
0.128,1732
0.078,1987
-0.328,10060
0.174,2205
0.0902,2784
-0.238,10237
0.0841,3164
-0.166,8819
-0.053,6999
0.0139,4599
0.0565,3567
0.00114,4880
-0.147,8797
-0.0492,7068
-0.108,9354
-0.3,10121
-0.0386,6167
-0.101,7907
0.105,1967
-0.0297,5997
0.261,157
-0.273,9922
0.0719,2156
0.0265,4016
0.123,1460
-0.227,10304
0.116,2219
-0.278,9496
0.00249,4884
-0.328,9497
-0.0585,7515
-0.0457,7595
-0.0406,6853
-0.0648,7826
-0.0919,7485
0.0554,3720
-0.0511,7829
-0.0117,5891
-0.126,8563
-0.0104,5411
0.223,944
0.342,601
-0.141,7926
0.448,108
0.0765,2875
0.0377,4108
0.223,665
0.191,1689
-0.0486,7318
0.194,1136
0.134,1381
-0.142,9336
-0.0277,5447
0.145,2103
-0.109,8386
-0.0999,8629
-0.23,9991
-0.0271,5732
-0.00446,4980
0.146,2312
0.133,975
-0.0191,5690
0.0132,4631
0.317,467
-0.102,6832
0.236,805
0.0801,2698
0.0682,2901
0.0642,3441
0.0427,4276
0.0319,4335
0.266,508
0.046,3009
0.0154,4498
0.0708,3138
-0.073,7799
0.00597,5073
0.529,29
-0.092,8625
0.3,504
0.0195,4467
-0.193,10305
0.165,794
0.00271,4920
0.0761,1848
-0.298,8050
0.115,2474
3.77,61
-0.078,4416
-0.0762,8023
-0.175,9139
0.163,2596
-0.0252,5599
-0.0295,6101
-0.023,5535
-0.0755,8065
-0.00143,5235
0.000446,5042
0.104,2374
-0.116,7301
-0.0365,6088
-0.0582,6670
-0.0299,5366
-0.223,8836
0.0624,3508
0.0125,4589
0.636,75
0.232,1059
-0.044,7743
-0.488,10292
0.0121,4821
-0.264,9532
-0.00363,5361
0.219,298
0.247,1167
0.202,770
-0.089,9435
-0.103,5629
0.047,3095
0.0827,1802
0.044,3142
0.22,211
0.439,274
-0.0221,5733
-0.378,9971
-0.0044,5140
-0.293,10411
0.0892,3106
-0.0401,6262
-0.131,6955
-0.152,8433
0.00639,4877
-0.0188,5542
-0.148,8206
-0.202,9511
-0.177,7339
-0.162,7520
0.078,2412
-0.0633,6825
0.0394,4040
-0.0614,7013
0.131,589
0.0681,3445
-0.0227,5958
-0.0526,6492
0.171,1778
0.0786,3001
0.122,2992
0.318,363
-0.0275,6378
-0.0956,9188
0.0646,2460
-0.038,5997
-0.0725,6563
-0.0209,5533
0.0123,4489
-0.0111,5573
-0.219,8948
0.132,2375
-0.062,6882
0.0901,1390
-0.0343,5750
-0.0968,8297
-0.0797,7047
-0.00553,4942
-0.151,7735
0.213,1002
0.0225,3041
0.00236,5135
-0.124,8886
-0.361,9886
0.0252,4055
0.119,3081
0.0353,3435
0.109,843
0.0283,4137
-0.182,9206
-0.249,8951
0.0878,3056
-0.0372,6826
-0.0037,5200
0.00548,4912
0.0146,4335
0.0542,3588
-0.103,8035
-0.255,10019
0.133,1104
0.0185,4301
-0.111,8356
0.0389,4217
-0.146,7487
0.000413,4882
-0.0322,6444
-0.107,8107
-0.0734,6944
-0.231,9554
-0.0244,6241
0.00893,4696
0.0378,4228
-0.0937,9886
0.0869,1375
0.0564,4171
0.243,254
0.217,189
-0.0764,7680
-0.0291,6272
-0.0823,7910
0.224,648
-0.00334,5124
-0.139,9516
-0.0385,6898
-0.155,8763
-0.0776,7341
-0.0992,7562
0.119,1827
0.162,298
-0.0185,6016
-0.0216,5753
-0.0481,6092
-0.452,9384
-0.159,9282
-0.0282,6931
0.18,46
0.1,3025
0.27,516
-0.541,10265
0.262,417
-0.00524,5324
0.187,1486
0.188,283
0.0221,4535
0.14,2733
0.165,675
-0.00313,5271
-0.148,9888
0.0227,4496
-0.0874,7667
-0.146,8324
-0.0988,9069
-0.106,8564
-0.137,10078
0.278,71
0.378,157
-0.0928,8779
0.0519,2884
-0.0918,9339
-0.177,8006
0.0276,4053
-0.114,10080
0.112,2382
0.194,1062
-0.0239,5867
0.0463,3129
-0.161,8635
0.145,619
-0.179,8574
0.0457,3801
0.0781,1342
0.0583,2873
-0.222,7694
0.109,2284
-0.0183,5686
0.453,1062
0.0688,3183
-3.44e-05,5056
0.0207,4387
0.0401,4167
0.0125,4705
0.205,1364
-0.068,6916
-0.0513,6527
0.0671,3457
0.0292,4185
0.043,3720
0.0647,2967
0.103,574
0.279,482
0.00849,4643
0.00634,4843
-0.0911,7953
0.125,2137
0.0918,1257
-0.0359,7028
0.204,1455
0.0109,4746
-0.0577,5901
-0.361,9595
0.0852,1080
0.000154,5332
-0.058,6261
-0.112,7027
0.144,569
-0.274,9866
-0.105,8693
0.104,1316
0.0286,4118
-0.169,9796
-0.15,8540
0.165,2361
0.00534,4966
0.081,1490
-0.034,5954
0.0905,2466
0.123,1943
-0.203,8657
-0.223,10168
0.116,1734
0.00525,4857
0.228,732
0.134,1105
-0.0149,5223
0.0514,2979
0.0898,1848
-0.113,7571
-0.0966,7636
0.181,722
0.053,3617
0.0363,4055
-0.175,9479
0.159,2194
-0.286,10324
0.0256,3883
0.299,636
0.172,1783
-0.16,8789
-0.119,10116
0.111,2125
0.152,833
-0.0171,5864
0.116,3116
-0.0219,5541
-0.0152,5456
0.0428,3770
-0.0466,7714
-0.0876,8705
0.0957,1976
-0.0824,7395
-0.134,8065
0.143,560
-0.114,9682
-0.0661,6226
0.117,2476
0.104,2560
-0.0218,6184
-0.057,7851
-0.0814,7929
7.38e-06,4988
-0.0915,8141
0.124,2411
-0.00345,5265
0.148,477
-0.215,10004
-0.0236,6113
-0.0554,7403
-0.218,7537
-0.19,10381
0.072,2686
-0.0418,7529
-0.326,10101
0.0113,4624
0.183,1025
0.0287,4097
0.0374,3798
0.0249,4494
-0.168,6329
-0.304,8200
0.0602,3597
-0.00935,5447
-0.149,7411
0.0394,4074
-0.169,9280
0.0856,1566
0.0306,4008
-0.0803,8468
0.114,448
-0.00993,5739
-0.127,8808
0.0449,3115
0.0383,3728
-0.187,8390
0.169,1136
0.0602,2750
-0.218,10152
0.109,1627
0.0414,3651
0.053,3711
0.0951,1020
-0.0109,5444
-0.0846,8129
0.00928,4866
-0.00306,5117
-0.122,8897
0.0199,3994
-0.0451,7002
0.0179,4570
-0.186,9962
-0.0416,6188
-0.184,7533
0.134,1797
0.162,146
-0.0257,5360
-0.286,8956
0.0782,3160
-0.22,9864
0.19,1361
0.155,2116
-0.118,9293
-0.0533,6829
-0.0477,6510
0.013,4632
-0.0601,7515
0.0215,4315
-0.24,5640
-0.0174,5407
-0.127,6461
0.0129,4531
0.0024,4978
-0.138,9622
-0.181,9950
0.0639,3059
-0.2,9890
-0.123,8208
-0.149,9178
0.138,2616
-0.00741,5147
0.0377,3885
-0.0613,7571
0.0701,3323
-0.0874,6148
0.0498,3868
-0.0209,5372
0.00102,4910
-0.0983,8787
-0.11,8304
0.134,2039
0.0592,3964
-0.036,6720
-0.0315,6451
-0.0238,6235
0.225,622
0.0348,3805
-0.183,9738
0.0587,3438
-0.0639,7603
-0.179,10341
-0.0146,6017
-0.062,6748
-0.108,8003
-0.103,7603
0.0143,4504
-0.211,9237
-0.0836,7775
0.0792,2814
-0.104,5486
-0.0485,6086
-0.104,8492
-0.118,7943
-0.0271,5533
0.154,1546
-0.304,9644
-0.191,9304
-0.0543,7068
0.0966,2267
0.0789,3164
-0.249,7364
-0.246,9638
-0.0209,5601
-0.094,8075
0.0235,3539
-0.0903,6787
-0.0562,7423
-0.0347,6536
-0.166,9742
-0.206,9793
0.0328,3798
0.0243,4386
0.00274,4867
-0.167,9703
-0.205,9279
0.0112,4774
0.238,257
0.118,3010
0.0656,3376
0.132,1074
0.0134,4590
-0.0778,7171
-0.336,10302
0.137,1132
-0.0847,8490
0.0439,3365
-0.212,10107
0.0322,3835
-0.149,9018
0.0404,3901
0.123,1335
0.18,2323
-0.0697,5535
0.152,939
0.0127,4657
0.103,2713
-0.182,8278
-0.0537,6498
-0.182,9897
-0.23,10217
0.0436,3242
-0.156,9666
-0.151,7994
0.43,698
-0.0655,6877
-0.00181,5281
-0.0393,6095
-0.0832,8530
0.0684,3210
-0.034,5852
0.0616,3753
0.0518,2860
-0.0223,5717
0.132,1790
-0.0298,5889
0.0288,3911
0.373,793
-0.0324,6024
0.155,1357
-0.0669,7847
-0.228,9518
-0.0339,6116
-0.0435,6126
-0.161,9829
-0.354,10465
-0.0335,5466
0.113,1671
-0.0124,5453
-0.149,9687
-0.00343,5416
0.0522,3178
0.275,78
-0.284,6213
0.407,711
0.176,1898
0.382,96
-0.127,8850
-0.0956,8119
0.236,1690
0.161,835
0.165,2720
0.0736,1030
-0.081,7646
0.41,738
0.111,2160
0.214,2524
0.0945,3441
0.026,3522
0.237,474
-0.264,9840
0.0449,4324
0.382,934
-0.0498,7243
-0.00899,5487
0.0535,3215
0.202,1117
-0.0635,6898
-0.309,8995
-0.255,9741
-0.293,10328
-0.198,10330
0.176,1638
-0.135,7038
0.0978,2492
0.054,3465
0.23,235
0.432,18
0.107,2603
0.141,2227
0.405,1821
0.219,444
-0.0977,6686
0.104,2638
-0.182,10035
0.0897,2218
0.0642,3938
-0.119,8457
0.317,108
-0.0101,5763
-0.0317,5867
0.0348,4103
-0.222,8061
-0.213,9429
-0.0805,8710
-0.0233,6296
0.066,3942
-0.165,8110
0.0344,4219
-0.024,5269
0.034,3624
0.155,847
-0.0631,7860
-0.0166,5996
0.209,798
0.331,436
0.00842,4652
0.0608,3459
0.174,1076
-0.0172,5847
0.0157,4538
-0.323,9750
0.195,535
-0.0897,7882
-0.0571,7219
-0.0533,6672
0.0234,4530
-0.0826,7234
0.095,1527
0.0874,3025
-0.186,7366
0.178,652
-0.244,10131
-0.156,8530
-0.0647,7740
0.0737,1759
0.19,254
-0.0476,6833
0.295,388
-0.341,8710
-0.0177,5827
-0.0246,6162
-0.0929,6627
-0.126,8978
-0.192,9472
0.114,2366
-0.00346,5143
-0.0266,6485
-0.076,7268
-0.259,9312
0.00446,5106
-0.224,9388
0.00534,5008
0.0536,2688
0.291,358
0.0408,4026
-0.0354,5846
0.064,2894
-0.143,9712
0.443,203
-0.054,7320
-0.11,8054
-0.0466,6470
-0.0285,5289
0.0649,3029
0.0581,2563
0.168,1487
0.104,1712
-0.086,7041
0.123,3277
-0.0821,8009
0.067,1661
0.34,308
-0.0346,6655
0.137,3364
-0.101,8484
-0.0403,7071
-0.0152,5478
-0.156,9468
0.418,1855
0.000283,4994
0.23,1506
-0.144,9011
-0.183,8816
0.135,2410
-0.137,9329
0.0677,3558
-0.157,9405
-0.188,10204
0.0254,4451
0.0372,4050
-0.077,8922
0.0356,4021
-0.182,5137
0.0775,3230
0.0536,3235
-0.0694,7762
-0.0392,7057
0.115,2529
-0.122,8850
0.0286,4363
-0.0962,9331
-0.0495,6585
-0.00772,5322
-0.171,7339
0.00504,4820
0.11,1922
0.00456,4910
0.405,81
-0.0268,6548
-0.289,7859
0.0437,3357
0.335,74
-0.0997,7108
-0.0931,7128
-0.0553,6384
0.163,2957
-0.00913,5230
0.143,2393
0.261,526
-0.0276,5266
-0.00299,5214
0.285,897
-0.0153,6114
-0.0658,8304
-0.045,6455
-0.062,7419
0.0156,4059
-0.238,10106
-0.0566,6671
0.0496,3446
0.0168,4161
0.0818,3358
-0.0782,8522
-0.119,6771
0.113,2319
0.207,2253
-0.0778,7441
0.000418,4686
0.000439,4980
-0.0231,5601
0.0122,4760
-0.0271,5950
-0.0228,5378
0.0412,4098
0.044,3282
-0.179,8574
0.111,1830
-0.0274,6614
-0.0902,8911
-0.294,9484
0.0879,3333
0.401,713
-0.0505,6297
0.0687,1461
-0.0162,6210
-0.00604,5058
0.184,941
0.00938,4854
-0.122,9196
0.137,1175
-0.0641,8310
0.283,591
-0.223,8866
-0.0194,4737
0.0242,4003
-0.0308,6111
-0.0473,7842
-0.0475,6050
0.0836,1477
0.506,1261
-0.0111,5103
-0.0944,7849
0.136,2918
-0.224,9752
-0.00836,5390
0.282,1024
-0.00661,5051
0.00647,4714
0.172,514
-0.00709,5381
-0.00569,5170
-0.229,9273
0.00204,5021
0.0538,2346
0.313,179
0.102,2063
0.299,1499
0.0124,4781
0.0214,4157
0.0138,4429
-0.034,6501
-0.0509,6737
0.302,453
-0.187,9653
0.131,2524
-0.0416,7104
-0.109,8522
-0.00523,5127
0.0978,637
0.0854,3573
0.0249,4507
-0.328,10413
0.18,1037
0.191,986
0.156,1939
0.15,1523
-0.0202,5442
-0.0845,8323
-0.333,10335
0.0726,3098
-0.16,9752
0.0631,4074
0.0121,4626
0.0818,1752
0.25,102
-0.315,9735
-0.111,9446
0.077,3515
-0.104,6590
0.112,712
0.0199,4299
0.0732,3940
-0.0146,5495
-0.178,8196
0.15,2100
-0.0321,5823
-0.053,6739
-0.0843,8324
-0.104,7978
-0.0511,5920
0.418,546
-0.235,8551
-0.0441,8350
-0.123,7865
0.0987,1968
0.0711,3743
0.0955,1616
0.101,1785
-0.143,8646
-0.159,8260
-0.185,8404
-0.433,8703
-0.344,9718
-0.142,9459
0.0887,1970
-0.0189,5254
0.124,2744
-0.0255,4880
-0.198,8901
-0.112,8248
0.0459,3382
0.169,1021
-0.339,9561
-0.295,10306
-0.0996,8113
-0.0207,5789
0.059,1715
-0.413,7348
-0.0683,5989
-0.0212,6247
-0.00386,5179
-0.0574,7476
0.0639,2565
-0.175,9025
-0.345,10276
-0.138,8520
-0.0558,6069
0.2,320
-0.082,8182
-0.381,10470
0.0748,3258
-0.183,7826
0.429,227
0.144,813
-0.12,9276
-0.127,8236
0.00952,4665
0.333,1127
0.0136,4974
-0.278,10436
-0.154,9509
-0.192,7981
-0.407,9942
-0.0611,6320
0.0138,4665
0.0372,4140
0.285,487
0.333,1412
-0.0456,7103
0.0394,3482
-0.195,8126
-0.0179,5378
0.235,1298
-0.271,9655
0.342,838
0.0688,2113
0.0217,4280
0.138,666
-0.0308,6589
0.0861,2355
0.485,641
0.185,1520
0.124,3381
-0.0405,6842
0.0587,2819
-0.112,8423
-0.027,5672
-0.00272,5372
-0.141,8644
-0.0371,6121
-0.0747,6058
0.0516,3536
-0.0031,5080
-0.00582,5021
0.0334,4138
0.00664,4977
0.0342,3618
0.163,241
0.241,1224
-0.275,8447
0.209,1227
-0.0536,6547
0.0081,4727
-0.244,10265
-0.035,6328
-0.0855,7426
-0.0426,5816
0.0145,4298
-0.0332,6661
-0.0267,5764
-0.179,9826
0.844,59
0.0193,4406
-0.0204,6070
0.0149,4666
-0.0995,7908
0.165,1627
0.243,792
-0.00608,5196
0.228,817
0.131,2405
0.0147,4755
0.078,3130
0.0586,2374
0.0341,3734
-0.0916,7410
-0.0734,7608
0.1,2381
0.0772,2926
-0.431,9106
-0.105,9784
0.0487,3671
0.0195,4455
-0.0874,8164
0.152,1158
0.0865,2356
-0.342,9540
0.133,843
-0.0112,5753
-0.0433,6196
-0.251,10277
-0.0826,8002
0.0522,3800
-0.0543,7408
-0.222,10243
0.0169,4418
-0.0797,7312
-0.0554,5411
0.184,2267
-0.141,9822
-0.108,7889
0.421,1223
0.174,1125
-0.0678,7024
0.0741,2122
0.0183,4431
0.0808,2492
-0.00779,5297
-0.151,6830
0.266,2010
0.186,540
0.00476,4847
-0.0941,8329
0.0682,3240
-0.0267,6531
0.00674,4829
-0.219,8753
-0.061,6761
-0.0901,8282
-0.0996,7477
0.14,1121
-0.161,10066
-0.157,8765
0.00084,5264
-0.0486,6597
-0.0966,8296
-0.0314,4962
0.053,3590
-0.175,9786
0.416,1079
-0.0362,6763
-0.0711,7892
0.247,1418
-0.309,9800
0.278,386
0.118,1341
0.0605,2327
-0.291,9096
0.104,2422
-0.0755,7226
0.146,797
-0.122,9839
0.0787,1642
0.222,1433
-0.0792,7437
0.876,284
0.0538,3068
0.0435,3396
-0.0486,6737
0.0529,4011
0.254,405
0.0542,3399
-0.177,9689
0.0502,2632
-0.0398,6415
-0.0901,7075
0.192,2901
-0.0622,5813
0.282,410
0.0458,3305
-0.182,10071
0.0466,3661
-0.0856,6993
-0.0493,5924
0.000437,4647
0.0863,2450
-0.0167,5744
-0.096,6712
-0.323,8823
0.149,702
-0.0824,9084
0.134,1967
0.53,289
-0.0576,7756
0.122,806
-0.159,7958
0.0207,3884
0.27,855
-0.115,9987
-0.0224,6164
-0.0193,5898
-0.283,10268
0.0289,3886
-0.0732,6685
0.172,1527
0.137,1149
-0.0864,7018
-0.0946,8259
-0.0277,5432
-0.0422,4964
-0.297,8155
0.00466,4728
-0.0743,7505
-0.177,7104
-0.155,9083
-0.0862,8336
0.0842,2225
-0.0293,6158
-0.0299,6554
-0.0566,7100
0.43,1342
0.0162,3948
0.0232,4514
-0.142,7810
0.0472,3822
0.0823,3449
-0.196,7948
-0.00877,5421
-0.182,9778
0.104,1677
-0.0755,7659
0.0358,4100
-0.096,6937
-0.0493,7950
-0.0583,7743
-0.241,9090
-0.0587,6901
-0.281,9947
0.0382,3724
-0.0269,6144
0.0239,4297
-0.0631,6649
0.263,239
-0.325,8678
-0.103,7656
-0.00789,5477
0.0242,4183
-0.149,9108
0.14,1779
0.0139,4622
-0.125,7916
0.0417,3648
-0.0695,8304
-0.0636,6694
0.291,1287
-0.384,9215
-0.204,10127
-0.0307,5970
-0.0221,5724
-0.0385,6079
0.0649,3310
-0.186,9849
0.0558,4131
-0.0561,6489
0.0365,3576
0.183,884
-0.0137,5590
-0.172,9777
-0.254,9913
0.233,252
-0.164,9032
0.0439,3593
-0.364,9489
-0.00588,5375
0.0285,3599
-0.0338,6057
-0.0672,7759
-0.229,9698
-0.0355,6281
-0.169,8692
0.0195,4548
-0.039,6640
-0.285,10170
-0.739,8868
-0.0433,5983
0.139,757
0.672,11
0.16,246
0.163,3290
-0.168,7512
0.251,766
-0.131,10259
-0.301,5999
0.819,223
-0.29,9627
0.0855,3422
0.166,425
0.0816,2111
-0.0436,6421
0.0772,3108
-0.381,9692
0.0999,2047
0.0553,2378
0.0573,1635
-0.109,8705
-0.151,8251
0.138,873
-0.0723,6530
-0.0174,5973
-0.118,9811
0.11,2784
0.0547,2752
0.76,368
0.122,1868
-0.0845,7171
-0.103,7384
0.141,2421
-0.098,7773
-0.321,10433
-0.529,9981
-0.0437,6552
-0.0874,6990
-0.101,7684
-0.106,8799
0.406,756
-0.0228,6115
-0.193,9808
-0.0668,7481
-0.0556,7253
0.315,726
0.322,887
0.106,2173
0.135,1120
-0.119,9699
0.907,73
0.0304,4155
0.081,3018
0.205,1033
0.0734,3289
0.162,872
0.0835,2944
-0.19,8564
0.184,2225
0.000734,5269
-0.0183,6716
0.163,661
-0.152,9300
-0.206,9134
-0.137,7654
0.31,490
-0.202,9232
0.141,1316
-0.05,6408
0.187,1395
-0.00646,5215
-0.0995,6090
0.221,396
0.186,1937
-0.0252,5830
-0.0303,6045
0.0986,2418
-0.216,10027
-0.0647,8270
-0.0252,6561
-0.0749,7721
-0.153,8506
0.392,408
0.0491,4231
0.0151,4330
0.142,1144
-0.044,5494
-0.139,8012
-0.276,8848
0.15,2205
-0.02,6613
-0.0616,6211
-0.12,9105
0.299,249
-0.147,8314
0.0808,3475
0.028,3832
-0.171,10034
-0.0503,5508
0.084,2652
-0.276,9472
-0.104,8220
-0.044,6736
-0.168,9682
-0.149,10311
0.105,963
0.122,827
-0.0687,7558
-0.152,10231
0.0843,1884
0.126,2345
-0.25,8689
0.215,1654
-0.156,8458
-0.154,9733
0.164,712
-0.0161,5692
0.1,2865
0.101,3217
-0.0369,6580
0.0399,3012
0.00786,4861
0.0941,2248
-0.104,7545
0.347,545
-0.0313,5635
-0.0803,7665
-0.00308,5026
0.0566,4068
0.0411,4304
0.0047,4888
-0.122,9430
-0.244,10275
-0.0145,6136
-0.0307,5720
0.00742,4798
-0.0557,6963
0.0298,4082
-0.0717,8175
0.0276,3793
-0.298,10335
-0.28,8850
0.23,1855
-0.14,8978
-0.0541,8112
-0.0347,6223
0.0185,4031
-0.123,8566
0.398,35
0.0439,3995
0.0274,4117
0.109,2049
-0.114,8855
0.16,1242
-0.126,7611
0.07,3250
0.791,38
0.0592,1943
-0.0849,7338
0.245,1726
0.0556,3407
-0.016,5684
0.518,549
0.00095,5177
-0.11,8906
-0.0844,7735
-0.287,10283
-0.11,8130
-0.12,8768
-0.14,9869
-0.149,9290
-0.186,6646
0.112,2778
0.34,1484
0.0783,2392
-0.0448,6868
0.141,877
-0.108,8571
0.0688,2661
-0.213,9593
-0.217,8746
0.142,2059
0.343,535
0.0746,3323
0.0107,4580
0.00541,5062
-0.389,10075
-0.123,8630
0.0107,4590
-0.188,10170
0.0497,3325
-0.017,5284
-0.132,8933
-0.141,7029
0.056,3068
-0.0319,6371
0.185,564
-0.122,8187
0.107,2158
0.00171,4918
0.00442,4804
-0.00555,5368
-0.0232,5450
-0.104,8548
0.0652,3751
-0.215,8861
-0.0649,8039
0.058,3086
0.0491,4367
-0.116,7782
0.276,874
-0.229,9397
-0.0728,6883
-0.0489,7191
0.16,1625
0.423,22
-0.036,5698
-0.1,7691
0.0431,3949
0.0427,3418
0.021,4363
-0.0973,7072
-0.126,8617
-0.427,10280
0.0155,4346
-0.0129,5469
-0.18,8628
0.0841,2330
-0.0632,5481
0.0971,3401
-0.0874,8392
-0.188,10043
0.058,3761
0.0299,4144
-0.044,6157
0.235,2088
0.0543,2536
-0.0141,5609
-0.0405,6646
0.0122,4570
-0.00584,5331
-0.317,6403
0.105,800
-0.135,9631
0.244,866
0.118,2087
0.0353,3587
-0.00421,4680
-0.109,9560
-0.0993,9851
-0.142,8201
0.0913,2015
0.066,3532
0.246,1092
-0.0418,5770
-0.466,10320
0.432,514
-0.08,7062
0.0283,4484
-0.266,10252
-0.00723,5374
-0.0627,7827
-0.144,7152
-0.194,9543
0.00586,4692
0.0063,4694
0.085,1205
0.108,902
-0.0623,7128
0.449,181
0.125,3641
-0.155,7421
-0.17,9850
0.208,940
0.124,3135
0.00134,5043
0.4,737
0.0108,4656
-0.158,9132
-0.0169,7051
-0.0644,6308
0.343,1709
-0.138,9121
-0.0417,6285
0.046,3221
0.00989,4814
-0.214,6011
0.0579,3223
0.205,1029
-0.161,8510
0.329,996
-0.064,8258
0.0866,2668
0.0162,4194
-0.0621,8117
-0.232,9957
0.0681,1625
-0.0582,7185
-0.182,8616
-0.0345,5640
-0.118,7597
-0.28,9101
0.321,1280
-0.0286,7084
0.00622,4844
0.012,4575
-0.039,6553
-0.0717,6646
0.0596,3562
-0.0484,5929
0.447,242
0.0546,3158
0.299,193
0.193,522
-0.157,9518
0.052,2854
0.128,2561
0.189,1320
0.0336,4217
0.0668,3824
-0.073,6963
0.0988,1829
0.0263,4215
-0.098,7406
-0.342,9189
-0.0296,5216
-0.189,9390
-0.00864,5134
-0.101,8666
-0.117,8297
-0.0841,7582
0.0568,3845
-0.224,10409
-0.0581,7776
-0.0781,7515
0.0442,3781
-0.289,9988
0.148,1663
-0.127,9500
-0.0911,7766
-0.184,8171
0.0973,1699
0.0564,3593
-0.227,8895
-0.114,10392
-0.268,9973
-0.0901,7491
0.296,211
-0.0555,6650
0.671,504
0.134,1832
0.076,1606
0.0746,2928
-0.0726,8178
-0.177,8309
0.123,1996
-0.279,8803
-0.0487,6649
0.126,1819
-0.0571,7574
0.426,633
-0.115,7403
0.3,780
-0.229,9791
-0.0892,7144
-0.0379,6035
-0.169,9490
0.12,1837
0.134,823
0.0579,2474
0.192,1363
0.164,2118
0.105,2954
0.254,1048
-0.321,10430
0.0312,3075
0.259,212
-0.184,9706
-0.206,8187
-0.0187,5776
0.016,4477
0.048,3630
-0.153,8465
0.0464,4172
0.296,694
-0.16,9664
-0.0594,7225
-0.0424,7710
-0.178,8015
-0.00281,5144
0.0289,4352
0.179,2160
-0.14,7950
0.0462,3563
0.0716,2694
-0.0351,5459
-0.27,9796
0.0624,3610
-0.0906,8747
0.199,1416
0.0167,4545
0.214,302
-0.142,8499
0.00722,4999
0.00568,4862
-0.0118,5605
0.00866,4847
-0.153,8596
0.186,2395
0.111,2946
-0.149,9730
-0.0121,5190
0.11,1635
0.0853,2720
0.0565,2504
0.124,2410
-0.017,5616
-0.0969,7585
-0.191,9879
-0.0601,7490
0.217,500
-0.266,9247
-0.0286,5658
0.471,155
0.163,1428
0.0801,2563
0.212,611
0.262,656
0.266,122
0.00841,4636
-0.0143,5685
-0.0637,6059
0.344,714
-0.0584,8538
0.0256,3641
0.357,84
0.263,523
0.00772,5051
0.0346,4427
-0.176,8359
-0.129,9519
0.0163,4617
-0.28,10009
0.0227,4356
0.155,1880
0.197,173
0.0537,1643
-0.000833,5352
-0.17,4124
-0.222,7954
-0.177,9409
0.205,999
-0.0443,6944
-0.105,7980
-0.104,6318
0.277,1039
-0.0868,6972
0.174,1230
-0.0726,8634
-0.00181,4891
-0.0448,6623
-0.14,7350
-0.339,9286
-0.126,9052
0.118,1939
0.116,2208
-0.0656,8617
0.103,2555
-0.0781,7245
-0.273,10058
-0.177,10407
-0.185,9728
-0.0216,5947
-0.341,10251
-0.322,9130
0.132,670
-0.115,8877
0.0306,3969
0.0459,3499
0.107,1972
0.27,562
-0.0398,6949
-0.16,7508
0.0568,3461
-0.0666,7981
0.254,1972
0.361,1987
0.0258,4280
0.184,722
-0.106,8104
-0.0367,5767
0.0396,3659
-0.118,9018
0.0819,2533
0.13,626
0.236,1246
0.162,1546
-0.0761,6241
-0.202,9968
0.0586,1444
-0.0018,5000
-0.161,9431
-0.133,10003
0.00589,4839
0.143,1652
-0.144,9158
-0.179,9804
0.284,375
-0.0509,6376
-0.339,10314
0.0135,4581
0.374,313
0.000912,5324
-0.032,6645
-0.25,10042
-0.229,9687
0.661,18
0.00519,4792
-0.104,6924
-0.0449,6792
0.0947,2756
-0.183,8716
0.299,644
-0.0981,8171
0.168,295
-0.0172,6059
0.706,66
-0.222,7397
-0.494,10027
0.0795,2722
-0.0385,6284
-0.125,7809
0.316,194
0.075,2144
-0.123,6535
-0.119,10091
0.0157,4580
-0.193,9461
-0.115,9664
-0.0606,6036
0.00678,5096
0.0775,2311
-0.0324,6363
-0.207,9317
-0.151,9307
0.111,3588
-0.182,9036
-0.0458,7382
-0.213,9720
-0.035,6322
-0.324,9748
1.39,205
0.782,273
0.0545,2288
0.461,510
-0.0252,6025
-0.0534,6422
0.267,1766
0.286,2182
-0.0547,7608
-0.236,8223
0.39,826
0.0084,4562
0.0843,3810
-0.257,10044
-0.0893,9016
0.00214,4961
-0.128,9279
-0.0129,5004
-0.167,9604
0.283,220
0.0526,2268
0.0737,2378
0.62,59
0.0439,3964
-0.0197,5690
-0.253,9076
-0.0356,6616
0.0555,3319
0.132,1680
-0.311,10260
-0.0576,7106
-0.162,8721
0.192,153
-0.157,9279
-0.033,5993
-0.00624,5273
-0.292,9722
0.084,3247
0.229,327
0.0264,3990
0.0164,4534
0.0564,3399
0.0302,4032
0.117,3195
-0.0707,8232
0.00988,4650
-0.0174,5727
0.0666,2962
0.0336,4130
0.0909,2846
0.136,1777
0.0171,4601
-0.141,7694
-0.199,8206
-0.11,8639
-0.0577,5711
0.0183,4594
-0.0486,7792
-0.0265,5621
-0.17,8357
-0.122,6891
-0.0721,6372
-0.0227,6111
-0.217,10110
-0.233,8234
-0.0568,6970
-0.0323,6254
-0.0649,7543
0.363,26
0.00705,4869
-0.0634,7486
-0.0309,5576
-0.273,9522
-0.178,7742
-0.0571,6499
-0.177,10252
0.032,3817
0.042,3573
0.00778,4890
0.000515,4936
-0.0931,7188
-0.0653,7746
0.0899,1658
0.137,2012
-0.0353,7053
-0.182,9779
-0.0567,6906
0.00824,4532
0.377,833
-0.103,8881
-0.0593,5642
-0.0691,6677
-0.00576,5478
-0.0193,6229
0.121,1946
-0.174,9604
-0.0562,8119
-0.244,9228
-0.223,10223
-0.15,9925
0.335,328
0.263,538
-0.113,8409
-0.245,9767
0.0752,2816
-0.119,9918
0.165,969
0.0888,2687
0.102,3085
-0.00141,5187
-0.0317,6452
0.0854,2868
-0.234,9455
-0.021,5897
0.0933,3180
0.185,1334
0.11,1631
0.104,419
-0.186,9216
0.176,311
0.298,312
0.0639,3460
-0.0349,6437
-0.0498,8375
-0.0214,5856
0.119,1941
-0.0313,5943
-0.137,6352
0.0131,4579
0.128,679
-0.117,7225
-0.0105,5712
0.0619,2633
-0.123,8559
-0.224,9649
-0.0787,8360
0.0698,3181
0.144,1578
0.101,2710
0.0443,4265
-0.0691,5920
-0.0443,6618
0.372,703
-0.0803,7754
-0.423,9535
0.341,901
0.0419,3532
-0.125,9339
-0.24,9421
0.151,2683
-0.216,9641
0.0698,2985
-0.156,10234
-0.0248,6242
0.0647,2888
-0.211,9030
0.119,1847
0.468,990
0.084,3245
0.0987,1933
-0.00678,5001
-0.146,8468
-0.0116,5080
-0.0955,6668
-0.00736,5118
-0.0858,8982
0.102,1330
-0.0532,7566
-0.0971,7456
-0.0645,6072
-0.174,10069
0.157,2283
0.0569,3839
0.0281,4418
0.0299,4300
-0.138,9103
0.0163,4450
0.0294,3554
-0.219,9861
-0.0438,6382
-0.0572,6366
-0.0482,6570
0.0354,3359
-0.0468,8020
-0.0616,7052
-0.275,7552
-0.102,7172
-0.123,7574
0.00285,4887
0.00133,5130
0.161,1454
0.0116,4559
-0.0676,6791
0.135,2443
-0.149,8994
-0.0224,6219
0.0161,4512
0.0529,2494
-0.252,10247
-0.086,8234
-0.157,9829
0.0381,3909
0.00735,4693
0.685,404
0.269,1545
-0.0597,7764
-0.00231,5275
0.12,2366
-0.0611,6398
-0.269,9631
-0.584,8749
-0.0801,6127
-0.0729,7762
-0.0958,8482
0.116,2117
0.15,2112
-0.0493,5634
-0.17,8919
-0.04,6068
-0.128,8969
-0.0687,7588
-0.0737,7356
-0.46,10220
0.00407,4906
0.00558,4891
-0.0565,7160
-0.0346,6350
0.317,1157
0.0957,2976
-0.267,7530
-0.0457,6753
-0.0462,6963
-0.0938,7436
0.364,56
-0.057,6306
-0.273,9928
0.0815,2587
0.0874,1485
0.0448,3453
0.0803,2999
0.146,1950
-0.21,9094
-0.0128,5838
-0.0809,8901
0.0616,3534
0.0531,3398
0.0811,987
0.207,1497
-0.0428,7074
-0.0387,6992
0.0521,3662
0.0761,3698
0.111,2819
0.0562,2554
0.0304,3774
-0.0291,5970
-0.062,8222
-0.0668,7604
-0.128,8938
-0.142,6260
0.0343,4097
-0.119,8858
0.116,1805
0.0622,2554
-0.0414,6430
0.0752,1814
0.0613,850
0.279,100
-0.0924,7909
0.135,1578
-0.296,9396
0.379,1215
0.0887,2497
-0.12,9295
0.164,1986
-0.299,9490
-0.0866,8742
0.0805,3809
0.00396,4759
0.00759,4614
-0.19,9686
0.428,135
-0.102,7988
-0.103,6583
-0.082,9348
0.285,242
-0.231,9253
-0.171,8068
-0.195,9301
-0.162,8176
-0.241,8937
-0.0302,6223
-2.78e-16,9493
