coef,rank
0.48,1943
-0.178,8237
-0.0229,5322
0.219,2286
0.385,1801
0.083,2791
-0.0984,8825
0.0954,2769
-0.0598,6238
0.128,2227
-0.0683,7617
0.0757,1871
-0.00139,5235
0.0711,3460
0.201,2203
-0.477,9037
0.158,102
-0.0153,6118
0.224,409
0.14,1361
-0.00659,5196
0.237,2303
-0.0134,5387
0.0274,4201
-0.348,9503
-0.296,9963
0.000743,5115
1.01,668
-0.0216,5431
-0.0307,6258
0.301,229
0.318,1698
0.0574,3651
0.142,2905
-0.0648,7366
-0.0691,8395
0.121,1488
0.0136,4658
-0.0806,7314
-0.171,9112
-0.0119,5317
-0.00184,5468
-0.119,7783
-0.0693,7766
-0.0523,6278
-0.394,10379
-0.0216,6302
0.0657,1463
-0.255,9654
0.149,1087
-0.117,7991
-0.0107,5146
-0.0113,5474
-0.0683,8478
0.239,662
-0.126,7895
-0.343,8558
-0.0583,6363
0.0799,1509
-0.0908,8661
-0.0729,6544
-0.0743,7045
-0.059,7743
0.000876,5116
-0.0548,7320
-0.0676,8160
-0.119,9466
-0.0166,5732
0.198,888
0.00124,4284
0.0435,3172
0.0261,3924
-0.258,10149
-0.33,10278
-0.00151,5233
0.0454,3695
-0.147,9720
0.119,1397
-0.0963,8995
0.022,4464
0.427,1718
-0.31,9815
-0.0603,8226
0.157,601
-0.0453,6551
0.195,1787
0.00191,5092
-0.0149,4993
-0.00177,5042
-0.0899,9547
-0.0183,5552
-0.051,6463
-0.378,10291
0.0042,4998
0.189,1403
0.0301,3725
-0.0151,4960
-0.0772,8328
0.0944,2150
-0.0401,6249
0.00591,4827
0.218,377
0.0325,3862
-0.0446,5871
-0.289,9371
0.14,2400
-0.0594,6031
-0.0613,6610
-0.194,9313
-0.179,9184
0.2,2578
-0.0599,6102
-0.0895,9067
0.0822,1223
-0.0448,6462
-0.0465,6676
0.0488,2973
-0.119,7657
-0.152,9019
0.00647,4581
-0.0715,8576
-0.0179,5999
0.0424,4142
0.535,527
-0.0382,6816
0.148,2552
0.0407,4086
-0.163,9040
-0.278,10187
0.108,2242
0.0468,2995
-0.189,9970
-0.376,10334
0.0297,4139
-0.55,7420
-0.193,8015
0.0334,3787
0.113,1638
0.405,752
0.0226,4049
-0.215,9309
-0.131,8131
0.135,1562
0.0268,4153
0.0913,2967
0.261,827
0.127,876
0.32,562
-0.0633,7048
0.148,570
-0.3,6929
0.0763,3175
0.224,1706
0.0914,2487
0.171,1195
0.122,1667
-0.0379,5714
-0.255,10290
-0.122,7991
0.0423,3772
0.374,243
0.0388,2795
0.15,1511
-0.0664,6949
-0.00964,5617
0.0442,3348
0.0519,3768
-0.0671,8047
0.11,2207
-0.21,8327
0.0495,3481
-0.0674,8071
-0.0677,9255
0.0293,4052
0.0802,1904
-0.0263,5441
0.258,1844
0.0255,3532
0.25,99
0.069,3352
-0.0713,8044
-0.24,10395
-0.0716,8645
-0.0679,9666
0.0236,4352
-0.0997,8760
-0.0499,6413
-0.0353,6677
0.258,2071
-0.0852,8434
-0.00801,4963
-0.0389,7878
0.042,3558
0.0196,4480
0.514,256
0.0128,4592
0.0569,3480
0.396,517
-0.0587,8313
0.0159,4483
-0.239,10059
-0.15,7708
0.0345,3371
-0.0382,5928
-0.0635,6624
0.155,2162
-0.00985,5162
-0.11,7621
-0.0327,6432
0.0606,2599
-0.013,5814
-0.0929,7350
0.233,779
-0.025,5511
-0.0152,5987
0.0418,3292
0.0947,2691
0.22,719
-0.119,6959
1.31,1052
0.0382,4083
0.0243,3930
-0.0362,7413
-0.0416,6128
0.114,3242
0.0587,3570
-0.285,10445
-0.00182,5083
0.069,1881
-0.0664,6223
0.0214,4356
0.279,994
0.249,1216
0.0822,1044
-0.0176,5494
-0.169,9029
-0.396,9111
0.0794,2945
-0.116,7336
-0.135,6637
-0.3,9320
0.0254,4108
0.123,1561
-0.103,8430
0.0794,2360
-0.0594,6476
0.211,1430
-0.00459,5280
0.173,1660
0.0752,2416
0.137,301
0.337,796
-0.152,7259
0.0282,4300
-0.455,9985
-0.189,9952
-0.0271,5964
-0.0395,6492
0.101,2333
-0.033,6101
0.181,1373
0.0454,3072
0.0102,4902
-0.156,7981
0.196,484
0.248,521
-0.0624,5348
-0.0291,5790
0.0681,1258
0.0555,3475
0.133,1352
-0.025,5342
-0.0379,6443
0.0163,4386
-0.266,9978
0.0449,3677
-0.15,9079
0.246,1009
0.223,389
0.158,1036
-0.213,9101
-0.0941,7544
-0.0255,5647
-0.182,9113
-0.0679,6909
-0.0254,6493
0.177,1178
-0.229,9612
-0.201,9238
0.0916,3002
-0.362,10009
0.0221,4065
0.032,4008
0.402,725
0.0696,2767
-0.245,9774
-0.179,8274
0.0388,3730
0.00429,4795
-0.0844,7270
-0.0554,6656
0.0399,4126
-0.139,6704
0.126,589
-0.165,8624
0.0781,2387
0.167,2619
-0.0574,6147
-0.162,10067
0.0494,2636
-0.0366,6390
0.323,209
-0.286,9352
-0.167,7968
0.0714,3214
0.211,2186
0.183,1611
0.0786,3363
0.074,2699
0.418,232
-0.0231,5354
-0.167,10315
-0.111,8871
0.0504,3325
-0.165,9146
0.0709,1658
0.634,795
0.144,560
0.0319,3667
-0.0878,6925
-0.312,10294
0.135,2269
-0.623,8140
0.0278,3996
-0.00693,5509
-0.181,9911
-0.098,8864
0.0995,1844
0.293,1174
-0.165,10309
-0.346,6035
-0.226,9169
0.0149,4201
0.00827,4525
-0.0686,6670
0.177,180
0.191,1003
-0.54,7081
-0.0885,5276
-1.15,10023
-1.07,10243
-0.283,6166
-0.265,9794
-0.0421,5851
-0.0561,6962
-0.0448,5965
-0.0572,8252
-0.129,10263
0.718,1321
0.201,1817
-0.13,7636
-0.39,9236
-0.0482,6396
0.025,3777
0.0268,4262
0.151,1994
-0.217,10238
-0.0191,5671
-0.261,9860
-0.0673,8028
0.00894,4759
0.205,1588
0.0971,2551
0.141,2539
-0.0496,6146
0.0564,3085
-0.0307,5686
0.0217,4001
0.18,1276
0.269,2466
-0.0761,7974
0.0883,1889
0.125,1900
0.107,2101
-0.0784,6429
-0.0905,7751
0.144,1441
0.0465,3288
0.0744,2826
0.0545,4005
-0.00714,5269
-0.00333,4939
0.0355,4288
0.12,1503
-0.169,7787
0.257,207
0.0239,4634
-0.11,8160
0.0604,3195
-0.0685,7768
0.0471,3609
-0.214,8900
-0.129,7852
0.143,3473
0.00349,4705
-0.0203,5994
0.0209,4386
0.19,1890
0.0149,4723
-0.163,8834
0.165,405
0.0707,1063
-0.0163,7570
-0.053,6963
-0.221,8571
-0.0314,6003
-0.114,7288
0.0613,2278
0.168,1279
-0.0652,6633
-0.0599,6993
-0.162,8419
-0.181,8366
-0.0241,6128
-0.16,9289
0.111,2755
0.185,1437
-0.121,8353
0.0694,2162
-0.12,9410
-0.033,6084
0.0163,4555
-0.133,8161
-0.0925,8347
0.0663,3274
0.0822,2334
0.00194,5042
-0.515,9181
-0.187,8432
-0.111,7524
0.00465,4732
0.0941,1598
-0.0568,6745
0.438,125
0.0368,4428
0.0154,4561
-0.22,9107
0.0458,3359
-0.331,9865
-0.082,6261
-0.194,9694
-0.00237,5023
0.444,12
-0.137,9668
-0.00728,5513
-0.147,8473
-0.00246,5213
0.0479,3927
-0.204,10123
-0.0773,8071
0.0558,3759
-0.215,9587
-0.285,9835
-0.0291,5863
-0.0278,5771
-0.0861,8386
0.202,513
0.00303,4717
0.276,551
-0.0435,6915
0.132,1442
0.149,1434
-0.0452,6158
0.122,1579
-0.12,6997
-0.044,6344
-0.0728,7185
-0.0277,6256
-0.02,5313
-0.0214,6181
0.194,1333
0.0851,3278
-0.168,9652
0.117,1505
-0.0227,6289
0.186,425
-0.0748,8057
-0.0881,7859
-0.0936,7716
0.00594,4625
-0.132,9056
0.0619,2776
-0.0651,6086
-0.0624,5697
-0.0881,8456
0.00858,4889
0.181,664
0.0223,4306
0.127,1961
0.24,1343
-0.111,8991
0.000336,4916
0.13,1048
-0.218,8757
-0.0458,6484
-0.0182,5137
-0.174,8285
-0.127,7565
-0.00832,5503
0.277,2160
0.0472,4099
-0.131,7555
-0.201,7388
0.176,134
0.0272,4172
0.0196,4306
-0.00695,5076
-0.173,8275
-0.147,8902
-0.0237,6145
0.178,881
0.299,1585
0.244,979
0.0287,4379
0.158,3031
-0.041,7265
-0.127,8882
0.21,988
0.0714,2715
0.316,131
0.0782,3001
-0.226,10416
-0.0636,8916
-0.624,8892
-0.392,6295
0.23,2930
-0.0768,7336
0.0388,4087
-0.087,8310
0.164,1659
0.171,1696
0.0252,4186
0.0558,3434
-0.0943,7470
-0.0706,7110
-0.0215,6022
-0.626,10029
-0.475,9423
-0.168,10043
0.0413,3952
0.139,1217
0.213,1181
-0.181,9122
-0.254,10254
-0.122,8402
-0.303,10336
0.199,725
0.141,1007
0.1,2668
-0.0992,8015
0.141,774
-0.0328,6229
0.0283,4043
0.0218,4212
0.0809,3125
0.0848,1805
0.137,1058
-0.0777,6999
-0.174,9333
-0.0472,6348
-0.0502,6714
0.0446,3921
0.0623,3184
0.097,1149
0.0192,4530
0.117,1673
-0.169,8315
0.445,903
-0.0738,7970
-0.0906,7664
-0.173,8384
0.0982,1685
-0.0159,5914
0.136,2612
0.00733,4797
0.0179,4427
-0.0469,6543
-0.0552,7328
0.266,1003
0.546,369
0.127,280
0.0849,2803
0.0736,3323
-0.0854,7403
0.151,1533
-0.121,8883
-0.296,10401
0.0691,2554
-0.103,7668
-0.493,10436
-0.0222,5768
-0.0824,6943
-0.00426,5007
-0.175,10318
-0.00674,5362
-0.0924,8996
0.599,125
0.185,1967
-0.0129,5417
-0.204,10257
-0.184,9148
0.076,2517
-0.043,6011
-0.129,7766
-0.0741,7525
0.00028,4913
0.0578,2356
-0.0896,7605
0.11,2100
-0.148,9241
-0.0548,7385
-0.27,10005
-0.119,9506
0.0416,3941
0.137,3410
0.161,743
-0.0722,8480
-0.14,10219
0.223,142
0.00606,4524
-0.0075,5318
0.00587,4998
0.0384,2735
0.083,1982
-0.17,8923
-0.13,7309
0.286,609
0.215,607
-0.0575,6408
-0.613,8831
0.236,486
0.0851,3306
0.0906,2782
0.141,702
0.0472,3445
-0.158,5181
-0.0295,6501
-0.0695,5639
-0.104,7016
0.0373,3190
-0.0469,5920
0.0799,3804
0.9,1117
0.00084,5212
0.159,2465
-0.000557,5283
0.259,894
0.0984,2779
0.00664,4792
0.165,1219
-0.0938,7054
-0.187,6460
0.0882,1724
-0.0718,7397
0.0971,1361
-0.0764,6671
-0.142,9424
-0.188,8115
-0.168,10113
0.116,1855
-0.106,8633
0.0566,3672
-0.126,7144
-0.114,7858
-0.0163,5477
-0.00412,5326
0.0598,3240
-0.242,9533
0.0192,4340
-0.0852,7483
-0.0564,6002
-0.00283,5280
0.28,824
-0.132,8025
-0.00935,4488
0.23,549
0.307,677
-0.149,9103
-0.00646,5202
-0.172,8747
0.576,131
0.306,334
0.045,3929
-0.282,9710
0.185,968
-0.075,7541
-0.178,6833
-0.0957,7498
-0.00709,5186
0.0893,2151
-0.17,9506
0.103,1368
-0.135,8248
-0.162,7465
0.481,2062
0.0612,2636
0.0344,3600
-0.106,9317
0.0269,4442
-0.0827,9094
0.0136,4295
-0.117,8573
-0.0925,8683
0.156,2554
-0.0667,6683
-0.0344,5984
-0.104,8111
0.132,1869
-0.109,9063
0.0668,3956
0.0973,3097
0.362,2090
-0.0362,5650
-0.114,9735
-0.0735,6907
0.0172,4581
0.0862,2000
0.0884,2731
0.417,825
0.162,1329
-0.00618,5287
-0.0894,7624
0.219,257
0.0413,4365
-0.716,10352
0.0895,1889
0.181,151
-0.0132,5394
0.0734,3187
0.051,3962
-0.0524,6200
0.101,1614
0.0134,4784
-0.186,9255
-0.0013,4814
-0.105,8195
0.0334,3667
0.038,3637
0.0262,4011
-0.0131,5501
0.0256,4711
0.00717,4511
-0.0947,7811
-0.0541,6138
0.0488,2867
-0.133,8453
-0.013,5240
0.0305,4357
0.116,3206
0.113,2113
-0.154,8822
-0.138,8494
-0.0186,5244
0.0845,3280
-0.103,7501
-0.0547,7876
0.245,1398
0.297,1690
0.0428,3756
-0.0935,6567
-0.389,10421
0.044,3508
-0.053,6662
-0.355,10123
-0.0889,9172
-0.366,9782
0.018,4482
0.0378,4092
-0.000679,5051
0.0101,4724
0.126,2278
0.0264,4215
-0.01,5220
-0.0612,7693
-0.159,8956
0.0907,53
-0.00146,5993
-0.00786,6662
-0.00799,7034
-0.00171,5613
-0.746,8845
0.304,716
1.46,1074
0.029,4079
0.000891,4898
0.287,1508
-0.273,9433
0.529,92
0.143,866
0.338,579
-0.122,8756
0.497,312
-0.00189,5452
-0.174,9440
0.00704,4887
-0.367,8530
-0.65,10159
-0.0754,5957
0.503,1199
-0.041,6247
-0.0515,6313
0.175,3292
-0.121,7629
-0.37,10367
0.0125,4500
-0.0995,8410
-0.0695,7404
0.136,3140
-0.0907,7668
0.203,314
-0.116,9467
0.364,1140
-0.134,7910
0.0364,3836
0.566,190
-0.00818,5321
-0.0798,8446
-0.1,10208
0.0837,2846
-0.0203,5695
-0.0768,7281
0.0259,4352
-0.0358,5687
-0.0952,7924
0.532,73
0.151,1494
0.262,653
0.186,439
0.0606,2662
0.294,246
-0.102,8139
0.125,933
-0.263,9300
-0.341,9436
0.182,718
0.174,785
-0.123,7487
0.0998,1899
0.0491,4031
-0.244,8938
0.116,1499
0.0382,4030
-0.0774,6009
0.0749,2211
0.104,2627
0.156,1017
0.196,335
-0.168,9954
-0.118,9198
-0.0868,7919
0.0389,4006
0.307,912
0.0933,1465
0.02,4352
0.821,124
0.358,584
-0.159,9467
0.0778,3175
0.234,795
0.122,1027
-0.168,10008
0.121,3160
0.107,1996
0.158,971
-0.245,6995
0.269,170
-0.162,6080
0.0103,4713
0.197,529
-0.0364,6774
-0.74,8555
-0.474,8346
-0.165,6834
0.0759,3939
0.142,1549
0.36,1311
-0.257,10342
0.0584,3059
0.0293,4236
-0.145,9429
0.215,794
0.187,1079
0.245,638
-0.147,9319
-0.0885,8018
0.036,3647
-0.0573,6220
0.0179,4427
0.0584,3850
0.194,1505
0.258,581
-0.0761,7477
1.81,655
-0.547,6814
-0.0161,5316
-0.326,9311
0.127,2623
-0.237,9398
-0.0616,6223
0.119,1858
0.0437,3685
0.0472,3164
-0.246,10299
0.0403,2452
-0.0224,5629
-0.0815,7014
0.264,606
0.0716,1985
-0.313,10267
0.0623,2249
-0.226,8221
0.18,1589
-0.138,7239
0.333,334
-0.0278,6740
0.3,208
0.195,2684
-0.205,9956
-0.141,9314
-0.141,7789
0.0806,2029
-0.0321,5878
-0.0219,5051
-0.124,8657
-0.0804,7560
-0.0157,5282
0.0231,3855
0.0408,3479
2.31,117
0.585,1657
-0.238,9276
-0.0464,7235
0.221,1726
-0.159,8079
0.298,1316
-0.231,9153
-0.194,9815
0.108,3238
0.0237,3798
0.135,2247
-0.594,8588
-0.373,9086
0.28,2643
-0.0254,5799
-0.151,8907
-0.144,8938
0.272,1449
0.162,3105
-0.474,9557
0.135,755
-0.0935,8192
0.426,631
-0.152,8944
-0.598,10416
0.0297,3970
-0.022,6146
0.0179,4193
-0.0191,6619
0.00039,4967
-0.0439,7181
0.0446,3047
0.179,284
-0.167,9962
0.0912,2516
0.0317,3630
0.362,941
-0.16,6927
0.0254,4185
0.0729,2813
0.00765,4864
0.212,1171
-0.145,8711
-0.197,9051
-0.142,8599
0.122,1232
-1.27,10078
-0.0176,5194
-0.187,6761
0.0712,3841
-0.129,8006
-0.194,9893
0.464,312
-0.099,7665
0.0826,2416
0.056,3537
0.126,1678
0.0407,1514
-0.0393,5868
0.858,1368
-0.209,7635
-0.0192,5420
-0.0352,6686
0.228,371
-0.502,10465
-0.0365,6168
0.493,572
-0.0556,7354
0.0173,4512
0.0161,4228
0.109,2840
-0.0359,5755
-0.0229,5089
0.0431,4123
-0.0774,6421
-0.139,9483
0.112,2475
0.0753,2592
-0.34,10336
0.281,1511
-0.0568,7085
-0.0581,7168
0.44,409
0.118,1582
-0.0609,6717
0.342,1352
0.118,1398
-0.251,10423
-0.0123,5204
-0.245,10033
0.496,262
0.0193,4747
-0.0916,7820
-0.0979,8637
-0.0547,7093
-0.216,9529
-0.0232,6058
0.0446,4300
-0.0188,6214
0.00774,4760
0.466,438
-0.0773,6753
-0.124,7377
0.135,2051
0.0513,3481
-0.242,9509
0.136,2484
-0.339,10381
0.0885,1241
-0.00528,5196
-0.0228,6267
0.138,1151
-0.0874,8335
-0.102,8589
0.0199,4588
-0.0438,6235
0.119,1056
-0.141,9469
0.0423,3369
-0.136,7534
-0.0933,8106
-0.127,7031
-0.111,8176
-0.111,9511
-0.0549,5535
-0.137,8603
-0.127,8442
-0.0269,5311
-0.0525,6513
-0.0792,7814
0.326,880
0.0291,4207
-0.398,7720
-0.184,9844
0.0298,4330
-0.0148,5538
-0.0627,7723
0.19,1190
-0.583,7539
0.0675,2646
-0.079,7520
0.0119,4566
-0.396,10146
-0.232,8135
0.0736,2742
0.277,139
-0.0265,6322
0.113,1929
-0.00805,5477
-0.159,8588
0.341,270
-0.0751,7894
0.0387,3915
-0.146,9795
-0.239,10360
-0.0205,5644
0.451,147
-0.0176,6047
0.0654,2286
0.0112,4711
0.161,901
0.371,1098
0.346,388
-0.0408,6104
-0.078,7208
-0.0641,6853
-0.165,8452
-0.438,10226
-0.077,6324
-0.183,10237
-0.156,10039
0.3,1157
0.357,36
-0.0835,8033
0.176,2099
-0.0236,5788
0.0392,3299
0.167,2121
-0.193,9540
-0.2,9369
0.37,2067
-0.0467,5800
0.0752,1914
-0.099,8835
-0.0818,7206
0.0194,4156
-0.014,4972
0.0106,4366
0.0419,3839
-0.0947,6525
0.257,2540
-0.0892,5107
0.0108,4996
0.0749,2781
0.0214,4070
-0.000803,5086
-0.189,10251
0.363,1048
0.226,909
-0.0252,6551
-0.0442,7144
-0.123,7910
-0.168,7983
0.0664,3164
-0.127,8882
-0.0422,7322
-0.193,9735
0.101,2711
0.0184,4755
0.000875,5102
0.0473,4196
-0.142,8776
0.164,2351
-0.0146,5616
0.0369,4315
0.027,3755
-0.0525,6343
-0.0156,6035
-0.0167,5349
0.0531,3059
0.113,1352
0.26,2519
-0.177,9048
-0.0637,8886
0.0804,1928
-0.195,9704
-0.0529,6252
-0.039,5640
0.502,339
-0.163,10148
-0.0671,7980
0.439,235
0.219,1602
0.3,649
-0.0894,7382
0.0856,2811
-0.00224,5062
-0.561,9121
-0.236,9923
-0.0224,5437
-0.134,9004
-0.0883,7991
-0.191,7262
-0.0287,6385
-0.189,8336
-0.148,7266
-0.00347,5106
0.104,1556
0.0518,3490
0.0823,2533
-0.0177,5932
-0.0909,7606
-0.0245,6154
-0.163,10209
0.00308,4856
-0.0734,8480
0.164,2967
0.0829,3224
-0.0757,7811
0.236,310
-0.0211,5876
-0.585,7929
0.0627,4013
-0.272,9757
1.9,154
-0.227,10286
-0.35,10226
0.208,432
-0.0909,8103
0.186,1127
-0.243,10059
-0.0715,6457
0.00434,5057
0.0547,3036
-0.201,9802
0.374,744
-0.109,6760
0.144,1528
0.0356,3122
-0.0249,6059
-0.0966,8210
-0.0266,5875
-0.141,9544
0.00353,5019
-0.0374,6675
0.00718,4893
0.189,1804
0.228,2774
0.0481,4019
0.322,306
0.129,1486
0.26,606
-0.142,9957
-0.0138,5141
0.0804,3392
0.0192,4576
0.00702,4930
0.164,1451
0.258,2724
0.105,2230
-0.263,8906
-0.0417,6840
0.25,192
-0.0434,7064
0.318,973
-0.0153,5869
-0.162,8416
-0.0391,7392
0.291,104
-0.146,9229
-0.0786,7537
-0.0832,7922
0.132,2647
0.146,2005
-0.173,7583
0.189,1636
-0.252,9883
0.544,232
0.568,1390
-0.0531,6770
-0.286,9355
-0.311,10380
0.342,209
0.291,616
-0.344,9175
0.0663,2636
-0.086,7693
0.0512,3501
-0.0363,5493
-0.000532,5092
-0.121,8336
0.0658,2171
-0.0998,8391
0.266,1976
0.205,511
-0.484,9986
0.0528,3188
-0.00861,5580
0.138,2414
-0.164,9356
-0.436,10321
0.0724,2499
0.0152,4512
-0.199,10193
-0.196,9126
0.094,1628
-0.033,6409
0.188,164
0.0822,1775
-0.22,10341
0.0292,4373
-0.184,8236
-0.17,8579
-0.113,9235
-0.306,10465
0.0916,2592
0.094,2627
-0.365,10357
-0.0272,5327
-0.258,9704
0.00855,4652
-0.00167,5339
0.142,2017
-0.0991,8602
0.0774,3841
0.0535,2561
0.172,383
-0.0958,8700
0.326,760
0.0726,2531
-0.14,7008
0.0645,3109
0.0448,2398
-0.046,7410
-0.094,7895
-0.078,7519
-0.08,7172
-0.12,7006
0.0385,3935
0.0565,2933
0.0169,4480
0.0658,2888
-0.248,8830
0.00975,4696
0.143,1783
0.0466,2827
0.033,3878
-0.0925,7821
-0.126,8630
-0.208,9251
0.104,2385
0.0268,3943
-0.184,8919
0.0894,2602
0.0613,3334
0.122,2708
-0.139,8848
0.0177,4387
0.0464,3791
-0.0276,6373
-0.0595,7073
0.203,3251
0.0261,4385
0.0554,3176
-0.118,9236
-0.107,8192
0.372,285
-0.121,9211
0.0742,2651
0.202,454
0.218,2717
-0.326,5348
0.834,979
0.00815,4646
-0.396,10158
-0.0132,5002
0.442,71
0.197,1047
-0.0552,6186
-0.262,10256
-0.135,10095
0.364,285
-0.0334,5681
-0.0864,7424
0.289,753
-0.0104,5425
0.0145,4317
-0.411,10466
0.16,1365
0.0951,3318
-0.0505,7764
-0.0151,5295
-0.0216,6088
-0.234,8732
-0.0553,7275
-0.0418,6025
-0.00307,5139
-0.088,9284
-0.0812,8484
-0.0448,6505
-0.145,9322
-0.0784,5993
-0.302,7231
0.0191,4239
-0.127,10265
-0.11,7507
-0.115,8235
0.138,3541
-0.373,7794
0.0373,3250
0.306,142
0.0164,4509
0.109,1271
-0.164,9539
0.018,4386
-0.0322,6471
-0.0118,5856
-0.0572,8221
-0.0508,7163
0.0747,2161
0.0567,3201
-0.0161,6569
-0.0232,5936
0.188,2150
-0.0742,8384
0.305,1422
0.24,491
-0.113,9554
0.00309,4862
0.219,1123
0.0285,4564
-0.0686,7874
0.26,1292
-0.0891,9331
-0.0076,5431
-0.0562,10091
0.0493,4385
-0.00971,7319
0.0356,4073
-0.165,9136
0.296,1962
-0.244,9129
-0.178,9149
-0.0739,6683
-0.268,8307
0.194,1340
-0.179,6988
0.28,910
0.319,50
-0.0343,5389
0.387,1188
0.423,73
-0.0956,6976
0.13,1962
-0.0326,5991
-0.00571,5150
-0.203,6118
-0.313,7811
-0.0662,6141
-0.253,10317
-0.0551,6705
-0.0434,7031
0.188,646
0.043,4111
-0.352,10019
0.114,2448
-0.0264,6863
0.0207,4404
-0.00833,5286
-0.225,9113
-0.101,7911
-0.126,7546
-0.0201,6173
-0.0433,7814
0.0229,4210
-0.161,9386
-0.115,8992
-0.209,8329
-0.216,9565
-0.0313,6099
0.118,1904
0.144,1530
-0.0479,5913
-0.192,7290
0.0726,2552
-0.106,8870
-0.0597,7143
0.315,498
-0.123,8372
0.344,668
0.0667,2651
-0.0734,7512
-0.205,9918
0.0536,3481
-0.185,7200
-0.0406,6271
0.0882,1886
-0.0736,7101
0.271,736
-0.116,8303
0.0941,2509
-0.217,8304
0.00716,4914
-0.0201,6379
0.207,1732
-0.129,8111
0.397,168
0.00369,4748
0.14,1122
-0.0534,6964
-0.00504,5156
0.0245,4432
0.00648,4936
-0.378,9709
-0.0293,7007
-0.0402,7572
0.0316,4077
-0.0773,7918
0.144,3347
-0.102,9189
-0.0146,5786
0.375,312
0.00272,4991
0.135,2560
-0.0852,6450
0.0298,4007
-0.0267,5975
0.125,1417
-0.0822,7780
-0.192,10160
-0.24,9478
-0.13,8720
0.000374,5064
0.0421,3293
-0.263,9817
0.0454,4233
-0.218,9281
-0.0734,7503
0.000339,4935
0.011,4740
-0.51,10388
-0.304,8397
-0.338,9884
-0.138,8180
-0.048,6198
-0.0201,6086
0.0721,2266
-0.0256,6050
-0.0427,6197
0.0962,2281
-0.0409,6464
-0.275,10124
-0.355,9760
-0.251,9668
-0.319,9247
0.0997,2665
0.0426,3274
0.0445,4168
-0.167,8777
0.0616,1527
0.0361,4346
0.0135,4981
-0.0308,6756
-0.0973,8043
0.214,177
-0.373,5709
0.202,2996
0.219,1382
-0.131,9407
-0.0202,5792
0.144,2528
-0.288,9004
-0.0335,6459
0.0307,3767
-0.107,7109
0.0975,2152
0.0105,4851
0.191,765
-0.0845,7436
-0.0731,7898
-0.114,8349
-0.0824,8421
0.00274,4914
-0.0585,7152
-0.345,10242
-0.0752,6206
0.137,1408
-0.136,8615
-0.134,8414
0.134,1486
-0.0264,5580
-0.0687,6937
-0.0396,7620
-0.0269,6643
-0.531,10044
-0.212,4762
0.192,2998
-0.307,10090
0.0437,2970
-0.0223,6314
-0.0693,7002
-0.214,9596
-0.0818,7608
-0.0266,6053
-0.106,9199
-0.0179,5178
-0.161,8995
0.0494,3678
-0.0276,6080
0.17,1462
-0.0375,6199
0.157,909
-0.119,8863
0.224,1013
-0.207,9817
0.183,1465
0.00951,4870
0.0175,4266
-0.204,9823
0.302,469
0.173,2298
-0.281,7464
-0.128,8691
-0.0275,6241
-0.0781,6043
-0.136,7543
0.0892,2437
0.0975,2442
-0.0455,6858
0.027,3988
0.0408,2871
-0.0347,5491
0.102,2341
0.041,3758
-0.175,9934
-0.144,9729
0.118,1936
0.101,2668
0.0144,4297
0.0943,3693
-0.0499,7754
-0.119,8888
-0.256,9847
-0.154,7344
0.139,1650
0.0374,4169
0.0567,2684
0.186,1838
0.185,713
0.243,722
0.186,2231
0.233,852
0.00995,4866
0.0848,2334
0.134,1446
-0.00177,5103
0.154,2251
-0.0693,8117
-0.059,8153
-0.155,7747
0.276,2051
0.271,209
0.202,740
0.0461,3261
-0.0803,7354
-0.0722,8012
-0.0761,6848
-0.0832,6831
-0.0472,6421
0.064,3037
0.187,1801
-0.21,9308
-0.0689,6810
0.557,282
-0.254,8389
-0.0364,6423
0.224,505
-0.117,8938
-0.0338,5927
-0.0506,5921
-0.109,6943
-0.0402,7387
0.0352,3579
0.0616,4010
-0.0574,7645
0.206,1399
-0.306,9904
0.101,2318
-0.193,9792
-0.0234,6922
0.0146,4738
-0.119,9323
0.172,986
0.095,1703
-0.0576,7526
-0.0917,6963
-0.4,10471
0.0874,2547
0.516,789
0.422,670
0.127,1171
0.105,2471
-0.0833,7388
-0.0782,7454
0.124,2801
0.0221,4206
0.0442,3298
0.878,44
0.0459,3180
-0.00659,5338
-0.375,10403
0.0495,3243
-0.197,10128
0.0627,2387
0.2,2283
0.203,1910
0.126,2838
0.0206,4656
-0.0356,6249
0.137,674
0.327,755
-0.147,8583
0.0206,4536
-0.014,5382
0.0171,4583
0.092,3458
-0.182,8270
-0.0983,6568
1.83,748
0.0767,3237
0.0655,3744
-0.138,8583
0.0313,4131
0.0492,2986
-0.00547,5342
-0.131,7429
-0.0956,7593
-0.071,6994
0.0886,1338
0.0284,3597
-0.0481,7400
-0.319,9631
0.516,55
0.319,819
0.0773,2631
0.0603,1346
-0.156,9878
-0.0993,7583
0.49,438
-0.0916,6611
-0.406,10180
-0.044,6475
-0.0335,6795
0.0124,4543
-0.151,8619
-0.168,9298
-0.00126,5274
-0.0231,6045
0.213,1872
0.155,4114
0.221,1325
0.119,2036
0.0804,2934
0.178,1849
-0.0675,7186
0.0393,3959
0.15,1757
0.00571,5023
0.116,1003
-0.00074,5204
0.0867,3127
-0.0943,7690
-0.262,9644
0.211,374
0.0407,4089
-0.0656,6605
0.252,1034
-0.249,8939
0.154,1128
-0.0795,6593
-0.111,7608
-0.211,9614
0.126,2044
0.024,4486
-0.143,8998
-0.294,5062
0.0216,4506
0.847,1158
0.162,213
-0.0469,7369
-0.734,8912
-0.403,6050
0.461,158
-0.27,9516
-0.0143,5066
-0.0217,5957
-0.0614,7424
0.367,563
0.231,2207
0.104,2825
0.182,412
-0.0997,8586
0.0538,3838
0.00257,5090
0.119,2931
-0.388,7977
0.01,4589
-0.221,10108
0.016,4569
0.187,2266
-0.16,9080
0.241,637
0.116,685
0.00564,4867
-0.0856,6919
0.0821,2881
-0.389,9956
-0.0703,6362
0.0745,3284
-0.00495,5503
0.185,596
-0.0202,5614
0.16,1045
0.123,2056
0.0408,1827
-0.0605,8921
-0.00199,4926
-0.00105,4835
-0.057,7629
-0.236,9944
0.126,962
0.11,1344
0.0295,4463
0.125,3077
-0.477,9901
-0.167,8554
-0.188,9115
-0.0168,5243
-0.103,8121
-0.357,9997
0.375,398
-0.0183,5439
0.0312,4041
-0.0395,5708
0.147,2053
0.469,639
-0.0247,5770
0.039,3690
-0.0232,5952
-0.0451,6497
-0.0748,9183
-0.0942,8373
-0.232,9810
0.0469,3952
-0.0393,6424
-0.203,10205
-0.0422,6859
-0.17,9065
-0.181,6616
-0.0772,8784
-0.0308,6041
-0.0413,6819
0.0839,3350
-0.439,10026
0.155,1185
-0.0733,5921
0.0165,4518
-0.0848,6709
-0.0139,5446
0.0158,4636
-0.0162,5885
0.217,561
0.108,1731
0.177,910
-0.22,9413
0.0255,4049
-0.152,8957
-0.277,10116
0.0584,2063
0.139,950
0.154,1740
-0.0879,7360
0.144,453
0.032,4005
-0.114,9050
0.103,2140
0.0525,3403
0.00287,4830
-0.153,7748
-0.346,10217
0.0775,2763
-0.00719,5247
0.109,2495
-0.0764,5050
-0.142,7908
-0.187,9252
-0.0394,5845
0.0809,2476
0.0203,4549
0.119,3097
0.0219,3690
-0.0609,6843
0.0321,4166
-0.128,9360
-0.416,6996
-0.167,9053
0.132,1930
-0.504,9802
-0.0828,8020
0.26,1129
0.204,624
0.106,2002
-0.0481,6740
0.0272,4343
0.128,514
0.0386,3536
-0.324,10081
0.151,2261
-0.026,5759
0.0322,3765
0.0227,4171
-0.0182,6376
-0.0163,5513
-0.18,8995
-0.111,9038
0.228,781
0.00833,4739
-0.0212,5984
0.0586,3178
-0.0749,6725
0.483,285
-0.0409,6784
0.106,1947
-0.158,8935
-0.273,7204
-0.1,9268
-0.245,8326
0.0048,4932
-0.0132,6005
0.0243,4492
0.0829,3333
-0.0985,8594
-0.0762,8092
-0.0209,5669
-0.103,9341
0.119,1874
0.0421,4193
-0.143,7657
-0.117,6734
-0.0467,5433
0.0912,2157
-0.0044,5347
-0.183,10393
0.035,4376
-0.049,6128
-0.0751,7087
-0.0603,6904
-0.0497,6618
0.0154,4715
0.00874,4806
-0.0812,6033
-0.258,9093
0.00718,4636
0.0596,3112
0.252,1306
0.0502,3217
-0.135,7334
0.187,3005
-0.063,8020
0.315,542
-0.0968,7952
0.153,954
0.0136,4744
-0.464,10152
0.166,2018
-0.311,10106
-0.175,10063
0.277,571
-0.0554,6373
0.0237,4034
-0.0347,6311
-0.11,7158
-0.352,9972
-0.0357,6541
0.468,600
-0.187,8433
0.00833,4698
0.0613,2567
0.175,903
0.0409,3290
0.0715,3195
-0.0396,6493
0.143,2303
0.117,1162
-0.00252,5155
0.042,4034
0.0479,4026
0.173,703
-0.029,5689
0.254,718
-0.045,6254
-0.000265,4907
-0.00112,5151
-0.0409,5404
0.00364,4839
-0.033,6394
-0.0554,7891
-0.0195,6025
0.0514,3297
-0.0816,7121
-0.0179,4963
-0.0694,6563
-0.0764,7910
-0.0401,6060
0.241,1774
-0.115,7722
-0.148,8560
0.0999,204
-0.018,5620
-0.165,9403
-0.0978,7271
-0.219,8698
0.105,2500
0.363,173
-0.146,8803
0.127,2545
-0.0512,6460
0.0513,3119
-0.187,10099
0.00205,5201
0.0596,3624
0.0995,1780
-0.116,6560
-0.0192,5396
0.122,2013
-0.05,7343
0.198,1976
0.0178,4480
0.186,1214
0.0404,2625
0.11,2698
-0.133,9888
-0.122,8212
-0.111,8818
0.197,1627
0.236,2207
0.174,2268
0.208,1477
0.196,1074
-0.108,7107
0.115,3608
-0.128,7665
0.783,37
0.139,1231
0.107,2418
0.247,157
0.0154,4505
-0.0842,6499
-0.0894,9584
-0.000147,5217
-0.392,10381
-0.043,5715
-0.0643,8543
-0.131,6397
0.0436,2921
0.0375,3231
-0.184,9173
0.0448,4050
-0.133,7955
0.301,795
-0.0804,7171
-0.14,9499
0.0127,4608
0.0835,2339
0.11,2795
-0.231,9872
-0.116,7972
0.041,3279
0.0199,4257
0.172,2598
0.203,1671
-0.0959,7317
-0.0156,5993
0.215,240
-0.149,9995
0.0512,3962
-0.277,9264
-0.0591,6234
-0.143,10127
-0.0364,7433
-0.0898,6788
-0.00579,4907
-0.23,8109
0.0786,3570
0.439,888
-0.198,9299
0.0275,4237
0.103,2326
-0.129,6851
0.061,3639
-0.103,8795
-0.0483,5925
-0.0653,6206
0.13,1202
-0.16,7538
-0.336,9176
0.0287,3733
-0.0224,5794
0.261,828
-0.0125,5371
0.0966,2810
-0.0573,6491
0.00895,4862
-0.0201,5537
-0.135,9054
0.321,432
0.364,2092
0.229,1445
0.134,1500
-0.0874,7087
-0.154,9050
0.0201,4386
-0.151,8947
-0.0351,6375
0.142,1390
-0.127,8834
-0.0664,6926
-0.354,8410
0.134,1765
-0.127,7879
0.0635,3124
0.00716,4831
-0.0272,5779
0.136,2341
-0.0469,6818
-0.216,8975
0.0917,1081
0.0307,3336
-0.0729,6290
-0.0316,5902
0.185,1064
0.0118,4606
0.0511,3849
-0.0763,7835
-0.0135,5386
-0.196,7729
0.118,2266
-0.4,9909
0.101,2660
-0.132,9904
0.0942,3055
0.268,282
0.0104,4800
-0.0788,5407
0.0772,2310
-0.0409,6875
0.152,1406
-0.125,9243
0.0696,3139
0.109,2690
0.22,979
-0.11,9206
0.00738,4800
0.0528,3111
0.0866,3254
-0.0225,5668
-0.0646,7855
0.0692,2533
-0.285,8403
-0.548,10445
0.439,356
0.0174,4462
0.0691,2150
-0.0126,5924
-0.197,9451
-0.471,10347
0.117,3672
-0.0133,4489
0.0118,4572
-0.0155,6097
-0.193,9539
0.118,1680
-0.115,8683
0.508,266
-0.0165,5690
0.144,683
-0.127,8543
0.0575,3664
0.0955,2271
0.468,371
-0.12,9581
0.0523,3591
-0.00646,4982
0.0602,3397
0.0645,3216
-0.073,6995
0.0338,3734
0.106,1620
-0.157,9279
0.209,766
-0.173,8246
-0.152,8995
0.144,380
0.0992,3762
-0.16,10191
-0.148,8696
-0.203,9273
-0.174,7567
-0.15,9468
0.162,308
0.0639,3811
-0.201,8972
0.00441,5031
0.0925,3753
-0.198,9028
0.0432,4243
0.184,2076
0.444,94
-0.214,9252
0.3,97
0.0128,4649
-0.0405,5851
-0.047,7321
-0.533,10464
-0.09,7561
-0.102,6099
-0.0816,7623
1.17,508
0.22,816
-0.209,9306
-0.164,9287
0.0764,2747
0.0738,2072
-0.104,7214
-0.0318,6138
0.483,911
0.153,169
-0.128,8804
0.00666,5039
-0.0569,6682
0.124,2003
0.357,175
0.0299,4237
0.0974,2565
0.23,1865
-0.304,10172
-0.0739,6810
0.0579,3676
-0.0877,7947
-0.202,9900
0.0287,3536
-0.141,7142
-0.411,8323
0.29,1598
-0.169,9581
-0.0739,6876
0.104,1446
0.387,143
-0.168,8806
0.606,162
-0.21,10121
0.0873,2665
0.13,1022
-0.0359,5891
0.0555,3348
-0.109,6594
-0.151,7050
-0.186,9804
0.0101,4478
-0.119,9665
-0.197,9776
0.222,2201
-0.462,9418
0.0141,4420
0.0202,4115
0.166,1988
-0.346,10101
-0.416,8990
0.0478,3210
0.00376,5098
-0.0449,7233
0.0321,4208
-0.105,7037
0.0104,4474
0.028,3603
-0.102,9373
-0.161,9803
-0.101,7920
-0.00615,5469
-0.13,8696
-0.112,8512
-0.0748,7188
0.0314,4278
-0.159,8322
0.16,1248
0.237,1367
-0.309,9904
-0.155,8980
0.0695,2991
0.255,483
0.145,2462
0.823,867
-0.135,8236
0.0521,3521
-0.038,5894
-0.328,9612
0.0259,3504
0.00353,4957
0.115,2158
0.0788,1681
0.17,418
-0.0451,5792
-0.0869,7632
-0.132,8371
-0.168,9153
0.119,2114
0.0562,3237
0.00744,5133
-0.207,9569
-0.0629,6507
-0.254,9567
0.0385,4039
-0.274,10266
0.196,894
0.0352,4094
0.242,1520
0.315,698
-0.131,7632
0.0561,3332
-0.394,10446
0.0902,2097
0.0815,3032
0.0645,1737
-0.021,6116
-0.0773,8945
0.149,2460
-0.104,6429
-0.0501,7782
0.245,680
-0.0723,7900
0.0238,4404
-0.0689,6727
-0.00991,5305
-0.276,8470
0.632,97
-0.136,9526
0.0101,4892
0.111,1784
0.0725,1695
-0.0109,5641
0.0241,4327
-0.17,8250
0.0333,3827
0.0373,3828
0.0759,2964
0.092,2394
0.103,2252
-0.0481,5804
-0.184,9829
-0.12,6441
-0.0701,6075
-0.00344,5207
0.0339,3965
-0.0744,6870
-0.145,9614
0.0351,3665
0.0362,3640
-0.0884,7983
0.109,2340
0.212,1001
0.488,395
0.0308,4007
0.0256,4241
0.00483,4989
0.174,2110
-0.024,5993
0.021,4033
-0.247,10319
-0.163,9540
0.213,1009
-0.218,8900
-0.156,8604
0.572,152
-0.0507,7377
0.0324,3712
-0.0246,5215
-0.246,9944
-0.188,9024
-0.0251,6000
-0.0035,5048
0.05,3858
0.00505,4909
0.116,1682
0.156,2251
0.0394,3828
-0.184,9862
0.12,596
-0.00932,5487
-0.1,7261
-0.237,9082
-0.0137,5394
-0.0958,6776
-0.0262,6523
-0.247,9735
0.149,1403
-0.0311,6165
0.146,2775
0.000416,5194
-0.118,9325
0.399,1191
0.0822,3757
0.356,640
0.11,1899
0.0445,2067
0.107,1140
0.0481,4137
-0.0426,5250
-0.207,9029
0.0506,3794
-0.0617,6760
-0.0472,5908
1.28,1200
-0.668,8563
-0.485,7649
-0.24,7976
0.00904,4685
-0.115,7713
0.0384,4039
-0.267,5569
0.458,200
-0.0836,8216
-0.0266,7198
-0.256,9980
0.2,1373
-0.037,6371
0.0417,4395
0.163,1214
-0.105,8829
-0.0851,6443
-0.0101,5336
-0.377,9608
-0.0544,7115
-0.25,10176
-0.0419,6586
-0.13,7844
-0.2,8553
-0.00986,5200
0.0763,1626
-0.109,6956
-0.0152,5717
0.0337,3990
0.0119,4648
0.135,1556
0.142,1171
0.112,2387
0.0794,2624
0.0847,2229
-0.0314,5728
-0.36,9097
-0.114,8545
-0.0768,9946
-0.0356,6382
-0.0395,5673
-0.0463,6230
-0.202,8263
0.0107,4673
-0.118,8796
0.0319,4346
0.257,1394
-0.108,8265
-0.00562,5005
0.337,648
0.0836,1980
0.306,328
0.0797,3645
0.141,995
-0.781,10420
0.0506,3151
0.0687,2681
-0.043,6521
-0.0656,7005
-0.283,10031
0.0901,2884
-0.279,10189
-0.0867,6753
0.438,54
-0.0184,5519
-0.249,9300
-0.145,7069
-0.0165,5473
0.0288,4097
-0.102,8213
0.0822,2920
-0.0348,5913
-0.116,7357
-0.0576,7902
0.0697,1833
-0.185,8840
0.0877,3496
-0.198,7571
-0.0187,5293
-0.186,9670
-0.0664,8302
0.0702,3062
0.0596,3798
-0.278,8177
0.116,2106
0.364,797
-0.0793,6379
-0.0347,5934
0.31,854
-0.101,5977
-0.0287,6279
0.058,3179
-0.0587,7439
0.255,580
-0.124,8397
-0.0848,7432
-0.0973,8368
0.00108,5031
-0.0311,6882
0.201,1674
-0.0912,7078
-0.227,8575
-0.123,7573
-0.159,10227
-0.0561,7700
-0.252,9239
-0.228,9555
0.29,1590
-0.225,9324
-0.024,6129
0.0685,2586
0.114,2438
0.274,578
0.353,926
-0.152,8462
-0.0619,8943
-0.051,7426
-0.0615,6368
-0.0724,7042
-0.125,8915
0.222,1083
-0.0633,6983
0.147,981
0.0818,2413
-0.163,6314
0.333,1511
-0.0272,5623
0.0736,2579
-0.0414,6514
-0.218,10165
-0.221,9971
0.0752,2712
0.011,4892
0.109,1414
0.121,1118
0.0382,3822
-0.0682,7278
0.105,2299
-0.0239,5520
-0.0711,9082
-0.137,8435
-0.21,8486
-0.225,8796
-0.301,9150
0.436,1169
0.0879,2169
-0.169,9504
-0.0525,6398
-0.0368,6268
0.163,1473
-0.155,8564
-0.0719,8097
0.153,582
-0.0149,5654
0.0658,3749
-0.304,9779
0.0237,4364
-0.0721,9351
-0.0576,7017
-0.193,9723
-0.0358,6294
-0.205,10183
-0.0712,6512
-0.00238,5113
0.0544,2253
0.0498,3570
-0.15,8917
0.0394,3732
-0.0668,6076
0.0596,2419
0.243,92
-0.19,9940
0.338,296
0.308,1040
0.0575,4016
-0.00765,5343
0.0853,2569
0.208,261
-0.0645,7479
-0.127,8556
0.111,2530
-0.00286,5234
0.219,125
0.024,4421
0.141,1994
0.289,2145
0.359,191
-0.0545,6771
-0.209,9349
0.093,2358
-0.0402,5915
0.109,2389
0.736,788
-0.0484,6569
-0.13,8909
-0.148,9187
0.0195,4547
0.0787,4041
-0.287,10171
0.135,1240
0.0659,1894
-0.192,9789
-0.165,9500
0.178,1848
-0.514,10069
0.0103,4690
0.0568,3218
-0.482,10030
-0.332,8456
0.0952,2430
-0.0474,6583
-0.0751,7079
-0.179,9669
0.155,1515
0.0309,4105
0.0552,3404
0.14,2530
0.277,134
-0.118,9191
-0.0208,5725
0.0053,5026
0.249,1476
0.19,2624
-0.0084,5470
0.0547,1678
-0.0393,5133
-0.0413,6159
-0.11,8959
-0.0536,7681
0.0886,1555
0.0313,4115
0.0561,3218
-0.343,10386
-0.261,9039
-0.0283,7639
0.0145,4380
-0.178,10015
-0.213,8985
0.0375,4294
0.267,491
0.123,2589
-0.0661,8490
0.0449,3510
0.0811,2959
-0.16,8339
0.302,686
-0.178,10093
0.0124,4424
-0.024,6437
0.0929,2884
-0.231,10060
-0.286,8977
0.000951,5043
0.0339,4330
-0.0668,8583
0.352,965
-0.0264,5623
-0.212,8077
-0.0615,7729
0.00227,5285
0.164,728
-0.0825,6793
-0.209,8168
-0.119,7811
0.0685,2655
-0.0355,7685
-0.123,9029
0.028,4156
0.415,904
0.193,2459
-0.31,9954
0.105,1743
0.0628,2683
-0.318,9159
0.157,2613
-0.0983,7737
-0.0457,5712
0.00329,4974
0.0583,3368
0.0109,4808
0.0704,2924
-0.149,8079
-0.0148,5884
-0.522,7365
0.116,2534
0.402,878
0.119,2196
-0.317,9364
-0.22,9233
0.194,7
0.066,3338
-0.563,8888
-0.278,9034
0.401,758
0.121,3214
0.168,331
0.0725,1809
-0.425,7168
-0.263,6798
1.32,1085
-0.025,5665
-0.0736,5836
-0.315,9112
0.144,2804
0.346,1341
0.0386,3899
0.172,908
-0.229,4963
-0.769,9311
-0.557,10383
0.201,118
-0.0748,8281
0.934,1221
0.403,1097
-0.0521,5533
0.0933,3413
0.0411,3915
-0.687,8451
-0.296,8709
-0.0337,7180
-0.00365,4945
0.175,968
0.189,1614
1.46,570
-0.205,9529
-0.0272,5588
-0.245,9741
-0.248,10134
-0.859,9991
-0.261,8538
0.121,2153
0.342,2101
0.089,3419
-0.117,8513
-0.117,6308
0.241,1074
-0.149,8035
-0.205,5164
-0.0901,8350
0.00991,4491
0.324,212
0.0644,2430
0.0614,3578
-0.258,9950
0.036,3370
0.0136,4547
-0.196,9081
-0.176,8485
0.00669,4782
0.0431,4087
0.0311,4147
0.26,1525
0.0131,4670
-0.00028,5431
-0.0384,7572
0.326,380
0.223,363
0.00459,4926
0.148,837
0.0373,3091
0.00148,5177
-0.86,9896
0.0681,3741
-0.151,6294
0.093,3676
0.242,2578
-0.0244,5860
0.0763,3080
-0.429,10073
-0.0924,7958
0.0735,2728
0.00195,4991
-0.339,10438
0.16,1818
0.0138,4297
-0.201,8990
-0.0217,5885
0.148,1597
0.625,925
-0.0542,7044
-0.114,8594
0.0531,3794
0.0993,1511
0.0857,1010
-0.137,9208
0.00728,4662
-0.0935,8667
-0.00589,5229
0.11,2165
0.21,1049
0.0199,4110
0.115,2534
-0.068,7437
-0.0442,6153
-0.0341,7296
0.0865,2374
-0.198,9013
-0.112,9092
-0.25,8802
-0.0296,5742
-0.0485,7602
0.0149,3491
-0.0589,6704
0.0791,3315
-0.0974,9132
0.269,152
-0.0838,6882
0.0151,4425
0.0806,2980
0.172,2645
0.547,129
-0.0868,7689
-0.289,10437
0.0492,4036
-0.21,10150
0.0729,3693
-0.0588,6372
0.105,3273
0.00729,4824
0.1,1563
0.121,1900
-0.175,9373
0.109,2546
0.129,2797
-0.00608,5254
-0.0327,6268
0.00288,5109
0.125,2092
0.254,722
0.0753,2459
-0.157,8671
0.61,0
-0.0918,7437
-0.159,8247
-0.0145,5031
-0.693,10208
-0.139,10038
0.056,2890
-0.0967,9016
0.0744,2844
-0.257,7959
0.104,1075
0.00574,4594
0.0924,2746
-0.22,9374
0.176,1858
-0.18,9267
-0.212,9884
0.177,1098
0.0303,3785
0.00999,4645
0.08,2826
-0.697,10438
-0.485,9495
-0.0972,8697
-0.0115,5671
0.0351,4221
-0.0385,5733
-0.136,6511
0.532,863
-0.107,7349
-0.323,9852
0.535,987
-0.106,7312
-0.125,5434
0.159,2068
-0.274,9117
0.143,3005
0.277,194
-0.129,9700
0.0308,4356
0.281,975
-0.0516,8791
-0.0437,6067
-0.0429,7269
-0.102,8612
0.0308,4016
0.105,2401
0.0459,2898
-0.11,8966
0.0601,3412
-0.115,7998
-0.0991,7338
-0.0632,7060
-0.00335,5153
-0.0179,5810
-0.139,8353
-0.183,8618
0.0362,4314
0.0777,2863
0.0448,2742
-0.347,10440
0.0617,3178
-0.0122,5652
-0.0303,5585
-0.274,8489
0.0684,2074
0.0346,3281
0.0641,3476
0.00894,4770
-0.00224,5123
0.402,216
0.075,1712
0.129,1381
0.0744,3741
0.0418,4168
0.0514,3891
0.268,725
0.0802,3031
0.0124,4423
-0.0327,6083
0.133,1395
0.00813,4829
-0.169,8673
0.0551,3302
0.000425,5150
0.0768,2688
-0.0746,8076
-0.0051,5181
0.251,1336
0.138,892
0.0891,2516
0.254,584
-0.113,6467
0.405,418
-0.261,10405
0.0342,3867
0.123,2670
-0.0459,6304
0.082,1614
-0.0273,5847
-0.0802,5958
-0.114,6816
0.206,526
-0.0745,6671
-0.22,10029
-0.318,10016
-0.0551,6534
-0.301,10117
0.253,544
0.0714,3485
-0.245,9247
0.318,1599
0.382,218
0.102,983
0.00219,5193
0.22,1117
-0.205,9055
2.08,710
-0.0311,6800
0.134,1238
-0.0696,7621
0.12,3112
2.55,12
0.0107,4905
0.011,4793
-0.0589,6800
-0.148,8164
0.0883,3670
-0.1,8760
-0.113,9544
0.153,993
0.0712,3373
-0.0597,7698
0.0123,4670
0.00711,4958
-0.154,8268
-0.0525,6502
-0.00712,5404
0.0543,4077
0.206,1001
0.0935,2921
0.144,2499
-0.0715,5425
0.156,1817
-0.064,9132
0.194,1036
-0.112,8321
0.168,829
-0.19,9251
0.151,2266
-0.0114,5936
2.95,439
-1.01,9572
-0.408,5877
-0.663,9699
0.182,3288
0.0492,3482
-0.241,4694
0.199,1725
-0.216,9896
0.0166,4546
0.155,484
-0.0225,5757
0.49,59
-0.215,9740
0.203,1190
-0.0941,7707
0.0552,2025
-0.192,9062
-0.0865,6831
0.0842,3727
0.0528,3664
-0.201,10008
-0.126,7708
0.151,1256
0.0888,1944
-0.286,10408
0.253,1310
-0.138,10207
-0.00554,5391
0.023,4418
0.0303,3502
0.286,258
-0.288,8935
0.0626,2261
-0.0802,7475
-0.046,6060
-0.0161,5533
0.11,2769
0.716,200
0.00784,5003
0.0175,4184
-0.193,8778
-0.252,9820
-0.15,9006
-0.0908,7900
-0.134,9293
0.0481,3957
-0.204,9347
0.497,468
0.0124,4565
0.0314,3741
-0.0484,6997
-0.0122,5136
-0.0476,5411
-0.0235,5307
0.315,1066
-0.0166,5721
0.0736,3336
-0.125,8665
0.26,375
-0.132,7735
0.0113,4535
0.042,4009
-0.0605,6275
-0.127,8468
-0.157,9385
-0.123,8080
0.131,1507
-0.0943,9087
-0.0779,7395
0.0268,4273
-0.0563,6117
-0.164,8027
0.132,2103
-0.119,9995
-0.146,9301
0.0403,2984
-0.0788,6865
-0.278,9958
0.164,621
-0.0554,6448
-0.00888,5550
-0.0597,6954
-0.0173,5675
-0.065,6768
-0.0512,7333
0.186,219
-0.0768,7334
-0.0358,5932
0.00687,4993
-0.0821,8133
0.0319,3210
-0.0363,6593
-0.0711,7870
-0.0649,6224
-0.182,9440
0.061,3001
0.0745,2180
-0.0366,6951
0.298,531
-0.0911,7717
0.168,2058
0.211,1199
0.0128,4510
-0.0691,8431
-0.0551,5916
0.241,890
0.153,1139
-0.137,9599
0.034,4062
-0.0556,6924
-0.0142,5368
0.0839,3091
-0.0594,6154
-0.0265,6633
-0.231,9882
-0.0626,7032
0.0144,4611
-0.0912,6048
0.583,745
0.109,1654
0.0561,2463
0.236,1422
-0.475,10189
-0.0871,6544
-0.514,10383
-0.139,9228
-0.0355,6591
0.0221,4427
-0.103,7534
0.0384,4152
-0.251,8954
-0.0875,9256
-0.0293,6758
0.933,1094
-0.378,10162
-0.37,10412
-0.19,9308
0.146,253
0.0402,3421
0.0671,3428
-0.11,6607
0.0308,3982
-0.0588,6358
-0.13,9624
0.0583,2902
0.11,1016
-0.126,8831
-0.0164,5825
-0.183,9418
-0.00721,5654
0.0692,1869
-0.0645,7819
0.317,620
-0.245,9713
0.0216,4211
-0.0827,6954
0.00261,4851
-0.117,7292
-0.146,9095
-0.0489,6161
-0.396,9957
0.103,2070
-0.0793,9334
0.0416,3081
0.00216,5042
-0.235,9347
0.159,1054
-0.0611,6880
-0.16,10221
-0.134,9953
0.24,954
0.036,3849
-0.05,6259
0.227,303
0.115,852
-0.254,8329
-0.0361,5056
0.595,31
0.117,2731
-0.179,9287
-0.0652,7977
-0.00409,5025
0.0858,3442
0.334,1288
0.192,2791
0.0464,3315
-0.0682,7329
-0.101,9591
-0.155,8210
-0.0444,5864
-0.342,10175
0.0449,2672
0.0235,3885
-0.232,9557
-0.188,9584
0.133,3023
0.0837,3570
-0.0624,6951
0.64,1208
-0.19,9107
0.0765,3495
-0.136,7856
0.00567,4990
-0.135,9834
0.436,659
-0.146,9139
-0.17,9612
0.269,1821
-0.169,9365
0.215,641
-0.127,7904
0.0891,2071
0.00793,4522
0.153,2217
-0.0471,7016
-0.162,9301
0.0432,2329
-0.218,7339
-0.0553,7214
0.00351,5024
-0.221,10365
0.118,1858
-0.139,8452
0.0326,4019
-0.06,7991
0.337,640
-0.00255,4856
-0.143,9918
0.0065,4514
-0.184,8061
0.0994,2008
-0.0988,8290
0.00517,4997
-0.211,9912
0.00604,4885
0.00146,4902
-0.0072,5255
0.072,2991
0.219,702
-0.14,9950
0.0987,1926
-0.33,10373
0.026,4333
-0.195,10280
-0.0991,7705
-0.0495,6014
-0.0533,7180
-0.0849,5914
0.206,1087
-0.0544,6806
-0.265,6870
-0.289,10299
0.0812,529
-0.0217,6465
0.149,1230
-0.0306,5829
0.179,1082
-0.0131,5399
-0.0273,5915
-0.0506,6792
0.17,2756
0.199,1181
-0.0738,7842
0.0842,1290
-0.023,5587
-0.134,9677
-0.195,10340
0.515,1103
0.39,815
0.0108,4284
-0.0385,6724
0.48,186
-0.119,8816
-0.117,7192
0.0348,3860
-0.0948,7591
-0.0665,6864
-0.104,8037
-0.222,8133
0.448,164
-0.076,8036
-0.189,9841
-0.0348,7203
0.0915,2520
-0.0861,7778
-0.0461,6186
-0.0498,6081
-0.0204,5851
-0.181,9513
-0.196,9937
-0.0241,5911
-0.339,10436
0.0092,4743
0.00876,4789
0.0022,4907
0.0472,3429
0.00256,4899
0.209,961
-0.0924,7219
0.0452,3103
0.0024,5081
0.0991,2487
-0.0432,6661
0.121,2801
0.22,1370
-0.0422,6341
-0.0806,8905
-0.235,9816
0.135,390
0.0887,1722
-0.015,6128
-0.0325,6176
0.0732,1770
0.00661,4888
0.0976,1804
0.206,2678
-0.155,8180
0.207,453
-0.296,10224
-0.123,7703
0.0147,4296
-0.156,6878
0.0615,3158
-0.464,10370
-0.0681,6763
-0.0923,6549
-0.0419,6166
-0.135,8278
0.11,2663
-0.151,9046
0.0341,3658
-0.0216,5956
-0.176,6562
-0.0522,5986
-0.0355,6343
0.232,1256
0.0459,2710
-0.137,8387
0.195,851
-0.401,10243
-0.0394,5479
0.0717,2593
0.0345,3320
0.266,653
-0.431,10280
-0.0432,6057
-0.0313,5614
-0.0432,6784
0.207,603
-0.116,8828
-0.088,6790
0.281,745
-0.494,10464
0.0418,1739
-0.0139,5899
0.196,732
-0.0726,6862
-0.187,9585
-0.0048,5003
0.161,1256
-0.154,8895
-0.195,10236
-0.123,9264
-0.103,7822
0.0935,3207
0.0937,2832
0.0802,3045
-0.224,8614
-0.295,10383
-0.102,7339
0.228,92
-0.0284,6066
-0.0594,7650
0.00103,4963
-0.0578,7848
0.0512,3211
0.344,380
-0.158,9703
-0.00207,5228
-0.118,9198
0.0852,1927
0.15,1849
-0.197,8452
0.0138,3727
0.0336,3838
0.111,3002
-0.0497,6548
0.129,1035
0.16,1899
0.0599,2892
0.0393,3622
-0.124,8576
0.132,1893
0.0687,3643
-0.0637,6769
-0.106,8788
0.0377,3224
0.0699,2948
-0.129,6720
0.0554,3176
-0.0618,6141
0.181,1521
0.0793,1817
-0.0222,6606
0.116,1729
0.117,2184
-0.965,9698
-0.0725,8788
0.404,463
0.066,3253
-0.156,7859
0.231,833
0.172,2166
-0.0381,6509
0.0691,1096
0.138,942
-0.199,8016
0.045,3599
-0.0573,6778
0.027,4235
-0.0436,6494
-0.02,5137
-0.171,8397
0.055,3543
-0.0179,6057
-0.0776,7174
0.0936,1656
-0.157,8962
0.16,1082
0.3,1577
-0.0762,7652
-0.0253,5118
-0.541,9701
-0.0485,8354
0.0251,3835
-0.138,9442
-0.329,10274
-0.145,9485
-0.0222,4923
-0.0654,7373
0.136,1313
-0.0728,8154
0.227,679
-0.058,7309
-0.205,7307
-0.0664,8121
0.168,313
-0.0177,5354
0.177,857
0.286,373
-0.535,10347
-0.0947,7740
0.0029,4793
-0.045,6046
0.117,1868
0.147,1505
-0.204,8882
-0.0504,9536
0.162,1464
-0.184,9793
-0.0984,7029
0.0228,4052
0.191,592
-0.132,8877
0.0142,4300
-0.479,10383
0.0205,4110
-0.0296,5810
0.131,3099
0.284,101
-0.24,10411
-0.144,9374
0.438,816
-0.106,7782
0.104,1956
0.129,1683
-0.081,8346
0.106,2839
-0.184,7858
0.326,1623
-0.0686,8705
0.318,361
-0.247,10445
0.208,841
-0.0863,7423
0.275,279
0.0722,3743
-0.167,10241
0.0604,3341
-0.0185,5371
0.0958,2376
-0.187,8875
0.078,3120
-0.00259,5283
-0.0545,7053
-0.0931,6988
-0.378,10346
-0.215,8572
-0.0193,5039
0.0866,2257
0.274,18
0.0857,1894
-0.0848,6211
-0.136,8800
-0.0249,6286
-0.0984,9021
-0.232,10142
-0.216,8771
-0.152,7285
0.0663,3018
0.197,357
-0.183,9701
-0.214,8668
-0.0989,8509
-0.0299,5692
0.169,2124
-0.0989,8112
-0.0292,6788
-0.0778,8234
-0.0535,5849
0.24,720
-0.0633,6242
0.0975,2144
0.0464,3546
-0.00502,5287
0.255,1533
0.0228,4372
0.244,546
-0.43,6958
-0.0732,7609
-0.0643,8506
-0.11,7922
0.111,2202
0.0478,2862
0.0663,3762
0.00444,5051
0.0221,4180
0.333,140
0.114,393
0.104,2484
0.0337,3845
0.0359,2529
-0.163,9949
0.169,2102
-0.107,9462
0.49,407
-0.0514,7789
0.0181,4261
0.111,1295
-0.133,8491
-0.0797,9189
0.0623,3459
0.103,1223
0.0874,1722
-0.0258,5871
-0.351,9976
0.00342,4808
-0.0885,7643
0.594,514
0.0479,4001
0.143,1938
-0.0669,7375
-0.0856,6407
0.00289,4837
-0.0676,6981
0.165,2162
0.112,2572
0.0215,4576
-0.0128,5437
-0.137,9018
0.504,80
-0.245,10321
-0.0525,6874
0.145,3339
0.336,2030
0.213,1854
0.287,830
-0.0638,7999
-0.173,8651
-0.143,8183
-0.0849,9203
-0.0352,6215
-0.0287,5500
-0.0655,9544
-0.0337,6615
0.0618,3433
0.181,1013
0.0415,3742
-0.134,6991
0.0239,4215
0.168,1166
0.0675,3557
-0.279,9046
0.0244,4554
0.0702,3143
0.0816,2645
0.0187,4308
0.0431,3786
0.131,1917
-0.247,5331
0.33,191
0.269,383
0.228,1004
-0.0724,7738
-0.0881,7829
-0.137,9705
0.114,1705
0.0583,2676
0.0681,3305
-0.172,8807
-0.125,7937
-0.258,10260
-0.214,9432
-0.0777,6961
-0.00259,5092
-0.045,6132
-0.31,10454
0.343,1127
-0.0184,5608
0.00716,4763
0.00419,5149
0.281,271
-0.15,9635
0.152,2410
0.00519,4701
-0.0639,7107
-0.0124,6328
-0.0237,5891
0.0281,4425
-0.31,8680
0.148,1774
0.0143,4313
-0.135,8807
0.0208,4118
0.112,1990
0.105,1042
0.0129,4549
-0.0183,6024
0.0353,4282
0.097,3481
0.566,1789
0.0637,3177
-0.0646,6135
-0.0446,5752
-0.029,6322
0.173,742
0.0881,3060
-0.169,8423
0.33,2392
0.33,290
0.144,281
-0.0771,8418
0.0925,2168
-0.0597,8102
-0.295,9407
-0.109,9413
0.0206,3874
0.249,2271
-0.151,8201
0.133,2733
0.513,1106
0.089,2426
-0.0752,7489
-0.00898,5516
0.0316,4166
-0.176,9360
-0.0669,7710
-0.0392,6635
0.21,731
-0.265,10177
0.0532,3193
0.129,1126
-0.431,6098
-0.043,6314
-0.146,9410
-0.00218,5188
-0.00518,5462
-0.0341,5799
0.0484,3548
0.0188,4303
-0.153,8627
-0.0944,7443
-0.112,8952
-0.168,8712
0.0189,4054
-0.0178,5977
0.00883,4616
0.267,129
-0.0249,5433
-0.0747,8060
-0.0335,5708
-0.0992,9220
0.124,1440
0.354,581
-0.00133,5169
0.0211,4240
0.387,418
-0.0975,10218
0.0528,2639
-0.193,10116
-0.231,7173
0.462,271
-0.19,8775
-0.0504,7532
0.199,939
0.145,2137
0.266,1845
0.0204,4528
0.0967,2840
0.0943,2126
0.0527,3246
0.473,1265
-0.134,9219
0.247,1087
-0.0591,5656
-0.0277,6488
0.0489,3315
0.0136,4859
-0.273,9556
0.172,2122
-0.18,8716
-0.155,9638
0.213,369
-0.173,9040
0.0351,3933
-0.0807,6748
-0.0985,8034
0.107,1554
-0.0474,7301
0.0369,3836
-0.291,9934
-0.0441,6332
0.0311,3821
0.198,367
0.01,4710
0.188,1106
-0.158,8441
-0.594,7788
0.0953,3133
0.0429,3369
0.104,1177
-0.132,8523
0.0139,4405
-0.553,10062
-0.00268,5456
-0.0769,8738
-0.00395,5377
0.0864,2960
-0.169,9219
-0.167,7337
-0.104,6356
0.0946,1283
-0.197,8435
-0.592,10312
-0.0166,5473
-0.0959,6422
-0.0744,7152
-0.237,9723
0.0176,4271
-0.11,8790
-0.193,7901
-0.109,9692
-0.17,8945
-0.0676,7321
0.0337,3907
-0.206,8015
0.258,1540
0.233,2288
0.292,166
0.127,1286
-0.0921,7761
-0.158,8716
0.263,942
0.419,805
0.0707,2570
0.0728,1859
0.212,1029
-0.127,9327
0.144,1938
-0.0871,6886
-0.0753,7573
0.158,1990
0.000821,5456
-0.198,9711
-0.0608,6843
0.458,540
0.346,913
0.0672,2930
0.139,1594
-0.00214,5426
0.272,572
-0.179,10015
-0.179,9287
0.11,1364
0.0897,1601
-0.15,8558
0.0772,3051
-0.151,8731
-0.121,7519
-0.0647,7660
0.067,1954
0.195,646
0.0258,3865
0.209,2622
-0.379,9442
0.272,513
-0.0784,7657
0.0151,1801
0.105,2860
-0.18,9303
0.0883,2097
0.837,1279
0.188,556
0.134,1129
0.00948,4889
-0.177,8693
-0.115,7556
0.0893,3428
0.0319,3965
-0.166,10208
-0.033,6395
0.407,1057
0.00214,4799
0.338,1571
0.203,590
-0.00702,5235
-0.244,10015
0.154,1113
0.038,3733
0.0443,3946
0.0463,3520
-0.157,9517
-0.411,10291
-0.187,9138
-0.26,9178
-1.17,10437
-0.00224,4997
-0.014,5575
-0.13,9215
0.339,340
-0.412,9115
-0.191,9984
0.0995,1953
0.084,2518
-0.00662,5251
-0.091,8594
-0.0424,5762
0.0336,3719
-0.0214,5368
-0.0819,8235
-0.16,8838
-0.0272,5673
0.132,1768
0.0691,3412
-0.136,10168
-0.119,9575
0.223,397
0.0975,2201
-0.0576,5423
0.0998,2345
-0.00238,5089
-0.0249,6238
0.173,1105
-0.679,9426
-0.486,9795
-0.152,7807
-0.117,9122
-0.014,5617
0.0711,4047
0.0125,4656
0.0494,3827
0.517,144
0.00424,4780
-0.0739,7217
0.145,2011
-0.0653,6866
-0.236,10150
0.24,968
-0.0922,6748
0.0223,4047
0.209,1069
0.0367,3896
0.0186,4883
0.387,427
0.0942,2446
-0.038,6772
0.0719,3194
-0.0523,5643
-0.0104,5513
-0.0586,5915
0.0821,2387
0.044,1882
0.00602,4917
-0.43,9201
-0.1,6250
-0.0774,8186
0.0367,3881
0.164,261
0.165,1812
-0.221,9253
0.111,3213
-0.318,9654
0.172,442
0.0141,4763
0.125,2100
-0.0968,7384
0.256,611
-0.0351,5482
0.00419,5089
-0.0759,7302
-0.274,9896
-0.0733,7627
-0.235,9431
0.106,2964
-0.22,10194
-0.0466,6900
-0.0159,5488
-0.227,10370
-0.0932,8889
-0.0835,7580
0.119,2307
-0.0378,6296
0.079,2437
0.0708,2602
0.0882,2158
-0.138,8086
-0.0137,5830
0.00812,4461
0.136,2144
0.0724,3198
0.00407,4709
0.00732,4887
0.147,1079
-0.268,10289
-0.147,8135
0.0507,3638
0.183,605
-0.0116,6063
0.215,436
0.0383,3993
-0.118,9523
-0.0159,5611
-0.0686,6627
-0.0462,6330
0.0813,2298
-0.000635,5382
0.246,657
-0.139,8939
-0.0827,6913
-0.0922,6758
0.152,412
-0.155,8999
0.18,1793
-0.093,9099
0.594,250
-0.0118,5748
-0.0906,6994
-0.0638,7466
0.0937,2136
-0.0786,6539
-0.0998,6780
-0.175,6312
-0.0418,6123
0.0397,4125
0.248,1421
0.0635,2480
-0.107,6256
-0.228,9138
0.00933,4380
-0.0633,7937
-0.00405,5126
0.139,1142
0.0602,2359
0.0775,3020
-0.0123,5477
-0.0304,6486
-0.0149,5283
0.109,3002
0.087,3378
-0.178,8841
-0.0996,9082
0.000765,5274
-0.0308,5726
-0.166,8302
0.0323,4454
0.0698,3052
0.192,404
-0.149,7109
0.835,63
-0.255,7119
-0.0892,4762
0.332,1126
-0.249,10032
-0.216,9816
0.00787,4688
-0.378,9845
-0.0356,6255
-0.053,7553
0.152,1173
0.154,2796
0.14,1990
-0.0673,6922
-0.19,9651
0.123,1442
-0.08,8908
-0.0339,5558
-0.0168,5544
-0.311,10085
-0.104,6572
0.138,1097
0.0302,3822
0.0365,3473
-0.144,8038
0.0345,4192
-0.497,9585
-0.0409,6390
0.0222,3529
0.124,3066
-0.111,7243
0.427,719
0.0793,2244
-0.0309,6554
0.00463,4773
-0.0788,8382
0.00344,5018
-0.0413,6464
0.0441,3978
-0.0269,6942
0.0758,2056
-0.274,9899
0.0413,3835
-0.141,9578
0.567,63
0.13,809
-0.0197,6052
-0.0257,6443
-0.0874,7124
-0.126,8004
0.0725,3513
0.181,324
-0.0621,8209
-0.166,9481
0.0759,3505
-0.444,9881
-0.0213,5111
0.0361,3360
0.00216,5143
0.147,1210
0.0744,3158
0.113,2142
-0.0694,6722
-0.0784,8050
-0.0841,7768
0.034,4044
0.236,451
0.00589,4968
-0.0957,8137
0.0549,2749
0.101,1305
-0.24,9354
-0.0325,5256
-0.12,6791
0.359,122
0.0358,3810
-0.0427,8206
-0.0273,6126
0.211,1002
0.0701,3077
0.0446,3920
-0.0224,6534
-0.0489,6434
-0.0473,6909
0.131,2466
-0.12,9814
-0.267,10062
0.135,906
0.0911,2328
-0.207,9843
-0.0704,8036
0.0644,3401
-0.552,9519
0.0219,4136
0.0104,4518
0.168,1332
-0.124,7938
-0.217,7539
0.307,2634
0.0586,3710
0.0414,3341
-0.0941,7946
-0.0637,7128
0.336,2311
-0.465,9453
-0.257,9401
0.0373,3784
0.0207,4529
-0.113,7647
0.453,579
0.0806,2554
-0.264,10361
0.151,2809
0.163,1498
0.0871,3287
-0.206,7923
0.0466,4006
0.0345,3699
0.074,3112
-0.0039,5222
0.104,2391
-0.0129,5557
-0.369,10466
-0.0309,7558
-0.102,8847
0.00917,4691
0.0617,3763
-0.177,9480
0.174,2537
-0.0588,7557
-0.00198,5141
0.0384,3421
-0.168,8352
-0.0584,6242
0.168,1232
-0.123,8672
-0.187,8238
-0.0309,5397
0.192,983
0.0575,3765
0.0924,2813
-0.169,9667
0.0145,4736
0.0339,3892
0.19,1313
0.0412,4417
0.256,1802
0.0339,3779
-0.0652,6809
0.0473,4004
0.142,2790
0.0557,4013
-0.0153,5845
-0.144,9719
-0.158,8936
-0.0753,7384
0.169,1225
0.108,3804
-0.116,9125
-0.0853,7850
0.0242,4395
-0.0546,6204
0.00793,4867
-0.0939,8406
0.0294,4100
-0.122,8277
0.124,1960
0.00188,4989
0.0106,4694
0.128,2295
-0.116,7893
0.177,711
0.0633,2580
0.112,2701
0.447,101
-0.0696,6890
0.14,2620
-0.058,8085
0.0219,3791
0.183,737
-0.171,8682
0.0325,4272
0.231,1529
-0.217,10101
-0.0215,5794
0.126,889
-0.0965,7404
-0.122,7770
-0.125,7983
-0.0432,7275
0.0171,4246
-0.141,9006
-0.12,7793
0.0346,4099
-0.226,10093
0.0388,3281
0.00448,4990
-0.00467,5398
0.133,2907
0.0518,4204
-0.354,10114
-0.00685,5756
0.0373,3016
-0.151,8295
-0.206,10234
0.126,3228
0.116,2212
-0.0434,6293
-0.0312,7115
0.0131,4735
0.038,3859
0.0502,1822
-0.268,10233
-0.195,10034
0.337,340
-0.0317,6124
0.043,3869
0.0463,3814
-0.0854,6734
0.119,1123
0.0891,2054
0.0917,2636
0.135,1404
0.305,280
-0.0497,6202
0.00679,4909
0.0012,5036
0.0181,4794
0.605,337
0.545,2074
0.147,3223
0.0256,3809
0.0743,3241
0.0989,2691
-0.254,9687
0.166,2741
0.394,1090
-0.075,9258
0.0153,4502
-0.0953,6554
0.0871,2922
-0.585,9861
-0.203,8172
0.0205,4392
-0.337,7097
-0.0194,5695
-0.0492,7050
-0.0486,6983
0.434,458
-0.101,8035
-0.0317,6396
0.119,1961
-0.0465,5862
-0.228,10053
0.214,2445
-0.0353,6026
-0.0262,5741
0.0338,4110
0.105,1849
0.0924,3119
0.047,3765
-0.103,8961
-0.0386,8323
-0.602,10225
-0.0566,6881
0.23,668
-0.0263,6035
0.0287,4341
0.0902,1185
0.158,1591
0.301,1854
0.258,562
0.19,1687
-0.053,6012
-0.0229,5554
-0.38,9886
-0.22,9547
0.343,610
-0.264,8988
0.084,3582
0.122,811
0.201,958
-0.0818,8066
-0.214,9596
0.178,1411
-0.0413,6467
-0.0315,7497
-0.111,8140
-0.211,10184
-0.275,8246
0.287,122
-0.0796,7874
-0.0573,6567
-0.284,10077
-0.298,10121
0.265,1213
-0.453,8513
-0.118,10022
0.452,46
0.0591,2780
0.178,2863
-0.0619,6431
0.23,456
-0.0584,8437
0.0505,3087
0.159,2428
-0.0979,7353
0.188,984
0.512,372
-0.169,10152
-0.0319,6300
0.318,1022
0.0503,3599
-0.111,6778
-0.0241,5684
-0.173,9546
-0.0404,6851
-0.211,10100
0.445,84
0.259,1231
-0.0809,8475
-0.179,9912
-0.125,8769
-0.0518,7655
-0.185,9576
-0.226,9868
0.0933,3383
-0.0256,5992
0.0214,4155
0.118,1927
0.035,3783
0.149,2696
-0.038,6599
0.0243,4122
-0.277,9790
-0.165,7893
-0.0012,5110
-0.256,10282
-0.15,7730
-0.0609,7890
0.193,1544
0.208,642
0.0805,3854
0.0126,4558
-0.19,7820
-0.084,9722
-0.0636,8101
0.198,1916
0.00612,4632
0.406,2082
0.278,2064
-0.0537,7459
0.0451,3316
0.139,1417
0.0613,3790
-0.251,8281
0.0652,3772
-0.136,9065
-0.0483,7147
0.0389,4392
-0.0672,6661
0.252,1575
-0.11,6570
-0.0821,7030
0.0402,3621
0.0542,3863
-0.126,8587
-0.0527,6092
-0.09,6647
-0.0248,6812
-0.0796,7631
-0.39,9396
-0.184,9007
0.331,1089
0.349,43
-0.0477,8242
-0.00631,5404
-0.259,9260
0.113,2156
0.0941,3124
-0.127,7847
0.00726,4848
0.0771,1593
-0.14,6864
-0.0583,6914
-0.146,9331
-0.0512,6930
0.148,1441
-0.0744,9626
-0.19,9922
-0.225,10373
0.319,528
-0.0135,5207
-0.0727,8465
0.0664,3756
0.0626,933
-0.0457,7153
0.0909,2359
0.0335,4091
-0.0184,5810
0.199,208
-0.0797,8470
-0.126,8649
-0.0377,6532
0.0799,3308
-0.069,6851
-0.097,8515
0.0696,2838
0.351,592
0.113,2181
-0.0289,5280
-0.434,10224
-0.0136,6256
-0.0258,7023
-0.794,10054
-0.0435,5602
-0.0392,4670
-0.393,10068
-0.205,10062
0.0561,2248
-0.0422,6025
-0.0643,7379
0.385,208
0.219,1162
0.147,444
-0.0678,8242
-0.0327,5695
-0.0361,6919
-0.236,9666
-0.0995,6227
0.0923,2306
0.284,453
-0.183,9176
-0.156,9137
-0.331,10069
0.125,3101
-0.0381,6315
0.0445,3231
0.0694,2441
0.0753,3604
0.352,1158
-0.00578,5320
0.0338,3985
0.124,981
-0.304,6757
-0.0579,5688
0.0285,3743
-0.141,10190
-0.505,10461
0.0153,4345
0.0845,2711
-0.241,9698
-0.207,9305
0.0273,3938
-0.16,8981
0.613,271
-0.117,8695
0.418,327
-0.116,8161
-0.23,9837
-0.08,8312
-0.0157,5799
0.126,2285
0.091,1999
0.0167,4592
-0.187,9141
-0.0557,7383
0.0668,3495
0.0754,2581
-0.0268,5758
0.329,84
-0.0176,5962
0.104,2069
0.0738,2987
0.0623,3515
-0.0325,5763
0.00745,4865
-0.038,6550
-0.169,10238
0.013,4654
-0.0108,5484
-0.095,7352
-0.339,9020
0.0892,2700
-0.114,9861
0.0836,3781
0.0263,4215
-0.136,8106
-0.126,7480
0.0785,2692
0.0371,4178
-0.0908,6888
0.435,228
0.00641,5070
0.0826,2147
-0.0459,6770
-0.112,7244
-0.144,5504
-0.0216,5661
0.0747,3684
-0.0635,5707
-0.0656,7075
0.0362,3021
-0.0386,6659
0.112,2220
-0.152,9596
0.0478,3279
-0.0773,7778
-0.00467,5527
0.299,461
-0.0321,6392
0.0445,3071
-0.18,9342
0.0185,4332
0.122,2298
-0.193,9437
0.0511,3604
-0.126,9140
0.014,4178
0.264,133
-0.0187,5635
0.0688,2868
-0.237,10215
-0.372,10342
0.000915,4814
0.0271,4119
0.047,4060
0.0205,4214
-0.0558,6489
0.11,3742
0.15,1703
-0.0745,9095
-0.16,8828
-0.098,5078
0.179,1995
-0.0555,7474
0.16,1708
-0.0463,6825
-0.0864,8794
-0.113,7837
0.0279,4029
-0.2,9199
-0.127,6742
0.11,1149
-0.00488,5397
-0.105,6845
0.136,1549
0.0037,4903
0.0302,4408
0.14,1204
-0.0243,6026
0.0258,3943
-0.0272,5116
0.0172,4303
0.0351,3920
0.117,846
0.235,136
0.044,3791
0.0149,4508
0.321,461
0.0891,2591
0.00761,4800
-0.0682,7974
-0.137,8572
-0.176,9904
0.1,2047
-0.0957,7915
0.0278,4297
-0.0431,6578
-0.241,9839
-0.147,9437
0.198,1266
0.0804,3322
0.105,1513
0.124,1848
0.095,2306
0.17,630
-0.131,6332
0.0303,4213
0.0815,2686
-0.0125,5170
-0.121,8501
0.0714,2661
-0.0123,5475
0.144,1836
-0.0911,9131
-0.109,8338
-0.0385,5977
0.302,1096
-0.143,7967
0.1,1698
0.128,871
-0.241,9686
-0.0825,6835
0.605,754
-0.134,8323
0.345,135
-0.0399,6214
2.41,406
0.17,2965
-0.299,6035
0.298,532
0.0161,3957
-0.224,8732
-0.0626,6719
0.275,1304
0.129,1813
0.00991,4632
0.102,1718
-0.265,9620
-0.0394,6460
0.0265,3995
-0.236,9182
0.44,8
0.0825,1206
0.343,322
0.0692,3367
0.446,581
-0.386,10162
0.0178,4591
0.0224,4376
0.211,985
0.0758,2900
0.0371,3911
0.0905,3257
-0.0185,6056
0.0653,3128
-0.182,9906
-0.00815,5247
-0.0159,5449
0.287,762
-0.0475,6542
0.00824,5011
0.108,2612
-0.189,10050
0.0826,2821
-0.0958,7466
-0.00134,4863
-0.049,7855
-0.1,3959
-0.0935,6734
-0.0168,5284
-0.000696,4940
0.00388,5055
0.147,1622
0.0342,3504
-0.133,8744
-0.0859,6805
0.0235,4719
-0.076,7639
-0.0471,9231
-0.221,9989
0.337,2689
-0.0735,7724
0.114,1893
-0.0219,6094
0.029,3779
-0.00301,5252
-0.0282,6744
0.0219,3739
0.118,3112
-0.181,9641
0.104,564
0.145,884
-0.0163,4799
-0.0581,6555
-0.0672,5673
-0.278,9392
-0.16,9173
-0.0285,5684
-0.113,6865
-0.0676,6340
0.471,22
0.262,1151
-0.111,9198
0.952,867
-0.493,8049
0.0749,3250
0.0669,3197
0.0566,3794
0.0299,2972
-0.0423,6690
-0.0851,9323
0.0843,2801
0.0844,2962
-0.0573,6030
0.301,668
0.0385,4206
0.25,273
-0.691,9690
-0.143,7466
0.0276,4258
0.179,1500
-0.126,8751
-0.0259,5823
-0.0945,7912
0.0435,3821
-0.319,9958
-0.167,9068
-0.0921,9109
-0.147,8846
0.365,179
-0.0648,7165
0.446,791
0.179,2537
-0.036,7433
-0.0459,7093
-0.0751,6982
0.0967,2223
-0.0587,5967
-0.0706,6840
0.0525,2495
-0.0532,7071
-0.128,8277
-0.0764,7377
0.28,651
0.167,2529
0.197,307
-0.0351,6582
0.12,1860
0.0401,3993
0.425,1091
0.291,1048
0.00625,4982
-0.0942,9103
0.154,1462
0.0136,4729
0.063,3761
-0.134,8422
-0.0548,7099
-0.178,9351
0.113,1891
0.312,530
-0.0443,5311
0.305,102
0.042,3559
-0.0443,6596
-0.113,8099
0.157,1443
-0.0435,7307
-0.0429,6325
0.0601,2546
0.0653,1388
-0.102,7593
-0.208,9778
-0.194,9262
0.0958,3086
-0.0487,6413
-0.0963,8257
-0.0104,5432
-0.0294,5118
-0.156,8095
0.239,2135
-0.148,6969
0.097,2832
-0.127,6713
0.186,3223
0.193,1818
-0.0722,6696
-0.146,7907
0.203,1013
-0.0445,6126
-0.631,10444
0.00695,4958
0.209,258
-0.0333,6094
0.101,3331
0.0366,3511
0.0962,2258
-0.2,9228
-0.0492,6785
0.152,215
-0.065,6688
0.0647,2597
0.814,788
0.0555,3468
-0.039,6329
0.0485,3061
-0.141,8137
0.183,2630
0.035,3492
-0.104,8093
-0.131,9572
-0.0802,6354
0.0621,1342
0.0446,3621
-0.379,9381
0.57,258
-0.278,10303
0.0131,4706
-0.132,8356
-0.269,10371
0.166,545
-0.0256,6054
-0.179,10067
0.0913,1577
-0.0613,7566
-0.311,10455
0.0875,3170
-0.0619,5968
0.00617,4300
-0.017,5898
-0.119,7847
-0.0459,7255
-0.107,7345
-0.215,9394
-0.247,9815
0.0712,2576
-0.316,9618
0.143,707
-0.191,9262
-0.177,8570
-0.0247,6144
-0.0283,6360
0.0997,2201
-0.182,8783
-0.234,8988
0.0165,4604
-0.0171,6022
0.0688,3012
-0.424,6594
-0.118,4184
-0.77,9526
0.0594,3733
-0.3,8109
-0.289,8839
-0.289,10092
-0.0795,8263
-0.219,9387
-0.228,9303
-0.0226,5902
-0.177,9296
0.128,2600
0.194,3163
-0.0538,6234
0.683,1986
-0.385,6800
0.47,764
-0.0624,6261
-0.061,7386
0.13,3341
0.128,2256
0.038,3234
0.115,1186
0.542,187
-0.0742,7667
-0.046,6699
-0.0418,5259
0.0797,952
-0.0243,5868
-0.059,6908
-0.0391,5601
-0.115,7322
-0.117,7531
-0.0328,6008
-0.0311,6111
0.169,2608
0.0658,3971
0.467,1107
0.0168,4595
-0.262,10308
-0.0715,8197
-0.0628,6410
0.102,2304
0.142,1538
0.289,341
0.034,3413
-0.156,10048
-0.392,5776
0.341,140
0.238,1378
-0.133,7814
0.238,274
-0.0479,7220
0.0864,1812
-0.0995,8630
-0.236,7716
-0.0151,6257
0.157,1137
-0.0468,7312
-0.0465,7078
-0.269,8370
0.231,2402
0.0731,2986
-0.0946,7332
-0.0258,5826
-0.0235,5839
-0.00378,4919
0.0855,2696
0.179,1078
-0.18,10352
-0.0898,8829
-0.185,9701
-0.00761,4909
-0.104,7814
0.269,2753
0.14,1505
0.104,2066
-0.0596,7231
-0.195,8304
0.124,2693
-0.244,8556
0.0463,3599
-0.135,9047
-0.0242,6161
-0.192,9219
-0.164,8015
0.768,416
0.0259,4327
-0.0464,7411
-0.0577,6489
-0.107,7598
-0.0413,7806
-0.289,9190
0.0253,3737
-0.0198,5747
0.0308,4354
-0.0599,6842
0.0882,3199
0.0448,4019
0.125,2403
0.045,3219
0.0509,3543
-0.0471,7942
0.0168,4484
0.112,1880
0.0165,4281
-0.204,10400
0.0955,2684
-0.0168,5533
-0.386,8615
0.0637,3503
-0.108,8346
-0.0216,6236
0.167,627
-0.176,8073
1.27,206
0.123,1532
0.059,4001
-0.0212,6418
-0.141,7101
1.96,241
0.453,1516
0.117,1966
-0.477,9428
-0.205,9022
0.00712,4962
0.0614,3773
-0.161,9460
0.0929,1731
-0.0311,6232
-0.31,9479
-0.236,9495
0.252,1533
-0.0118,5484
-0.243,10365
-0.0283,6634
-0.165,9880
-0.174,9306
0.109,1434
0.0479,3714
-0.135,8942
-0.0447,6147
1.08,5
0.013,4738
-0.418,8569
-0.292,8563
0.00228,4894
-0.235,9933
0.238,359
-0.0747,7644
-0.164,9012
-0.0513,6320
-0.00704,5462
0.552,115
0.0707,3196
0.166,875
0.179,2089
-0.0377,6062
-0.0745,6002
-0.102,7326
0.053,4230
-0.272,8819
0.00889,3449
-0.0249,5934
-0.0193,5634
0.0949,2101
-0.194,9995
0.285,827
0.0791,3211
-0.0133,5317
0.0622,3652
-0.0821,7938
-0.225,8294
0.0156,4267
-0.158,8941
-0.109,8379
0.025,4048
-0.311,10362
-0.0739,7950
-0.039,6295
0.0187,4710
0.171,1183
0.0295,3763
-0.0361,6899
0.13,1980
-0.0806,6501
0.0777,2996
0.252,938
-0.0128,6311
0.0276,4206
0.25,800
0.152,2217
-0.112,7579
-0.00138,5065
-0.0673,6702
-0.0448,6704
0.24,1779
-0.0153,5416
-0.229,8960
-0.197,9401
0.0237,4212
-0.0143,5840
-0.0854,6194
0.177,1636
-0.0286,5400
0.064,3936
-0.089,5884
0.0765,1673
-0.101,7907
-0.193,9977
0.178,3327
-0.191,6681
-0.078,8890
-0.174,9993
0.202,764
-0.0403,6523
-0.188,10017
0.228,1375
0.0218,4130
-0.0325,6952
0.00571,4592
0.18,1294
-0.152,5358
0.173,1249
-0.0277,5593
-0.0423,6723
-0.124,8829
-0.0855,6778
0.0427,4093
-0.145,8875
-0.143,10180
0.128,1105
-0.452,9571
-0.414,9653
0.0221,3963
-0.231,10130
-0.00914,5519
0.339,932
-0.0184,5278
-0.163,9738
0.125,2591
-0.0403,5788
-0.0704,6786
-0.0722,8961
0.0512,4286
0.0225,4599
0.123,1683
0.124,2785
-0.0182,6025
0.0842,3078
-0.0594,6958
-0.214,9604
-0.0424,6626
-0.101,7928
0.183,828
0.0655,3570
-0.13,8063
0.027,4427
0.0991,3140
0.0915,1106
-0.00209,5197
0.232,67
-0.103,7776
0.122,2337
-0.0769,6404
0.205,585
0.235,111
-0.114,9202
-0.0428,6084
-0.223,9124
-0.243,9643
0.0635,3072
-0.0886,8088
0.0417,3827
-0.0304,5660
-0.112,8432
0.0478,2710
0.115,1804
0.0144,4620
-0.0604,7584
-0.1,7117
-0.264,9483
-0.015,5158
-0.0628,7093
0.323,209
-0.0658,7964
0.514,238
0.227,1599
-0.0463,5987
0.0687,3653
-0.145,9739
0.0874,1608
-0.0363,5818
-0.0656,6419
-0.382,10312
0.0283,4068
-0.0881,7925
0.085,2737
-0.042,5909
0.374,505
-0.0115,5683
-0.21,9547
-0.0134,5765
-0.0478,6936
0.00329,4782
-0.169,8997
-0.445,10359
-0.317,9455
-0.0915,6695
-0.117,9134
0.107,3177
-0.137,7741
-0.0134,5355
-0.109,8834
-0.0267,6068
-0.0326,6713
0.139,2013
-0.196,8271
-0.0703,7631
-0.0773,6305
-0.0768,7871
-0.0771,8926
0.0544,3775
0.486,76
0.0722,3075
0.0625,3251
0.0553,3263
-0.0434,7601
-0.0687,7235
-0.0354,6365
0.166,2447
0.0464,3352
0.283,61
-0.0244,6843
-0.308,10326
-0.026,6108
0.00289,5065
0.795,964
-0.0556,7608
-0.119,8872
-0.0788,7943
0.0447,3651
-0.0381,5692
0.171,1069
-0.0938,8473
0.0557,3613
-0.167,9170
-0.2,6774
0.132,2791
-0.12,8294
-0.109,8891
0.0284,4336
-0.265,9489
-0.0909,6753
-0.0482,6874
1.44,37
-0.192,9685
0.0972,1618
-0.146,8085
-0.0491,6572
-0.0863,7971
0.083,2952
0.0475,2450
-0.265,10350
0.34,342
-0.0729,8221
-0.071,6583
-0.455,10229
-0.0948,8645
0.0203,4261
-0.566,10426
0.0231,4558
-0.16,8749
0.0884,3779
-0.0697,7895
-0.116,9848
0.0117,4880
0.0911,3407
0.0963,2878
0.151,1184
-0.0336,6161
-0.0167,5392
-0.185,9642
0.571,93
0.225,1021
-0.0393,6644
-0.169,10031
0.182,2299
0.144,709
-0.22,9575
-0.0353,4885
-0.0855,9840
0.157,1393
0.0796,2258
-0.00178,5063
-0.0691,7671
0.306,535
0.0874,2347
-0.0484,6915
-0.302,9935
-0.158,7791
-0.0162,5537
0.22,1115
-0.201,9549
0.167,1320
0.0629,3695
0.0197,4421
-0.00353,5264
-0.117,8059
0.0956,1323
0.0245,3846
-0.284,9710
-0.126,8522
-0.167,8962
0.181,2821
-0.0125,5820
0.138,423
-0.0374,6205
-0.0944,8384
-0.224,9089
-0.317,9231
-0.191,10454
0.297,78
-0.0507,7804
0.128,2413
0.163,1781
0.0214,4200
-0.159,9623
0.157,1024
0.0467,4037
-0.0119,5553
-0.0699,5390
-0.0251,5524
-0.143,9259
0.0679,2337
-0.16,8821
0.0691,2867
-0.106,7767
0.206,1412
-0.116,9375
0.0256,4546
-0.158,8265
0.228,1064
0.0229,4432
0.229,2522
-0.0465,6642
-0.087,7661
0.0447,4173
-0.0353,5582
-0.248,9580
-0.211,9472
-0.00305,5279
0.0378,3698
0.148,1539
0.00186,5014
-0.131,10401
0.239,561
0.0255,3911
-0.0556,7321
-0.655,8401
-0.277,5095
0.0243,4804
1.88,87
-0.447,8700
-0.0391,6821
0.19,2579
0.337,298
0.307,128
-0.15,9246
0.188,671
-0.0729,7648
-0.137,9007
0.00593,4961
-0.319,10246
-0.577,8375
-0.0151,5737
0.0609,2222
0.054,3517
0.0413,3617
0.00528,4874
-0.31,10095
0.0468,3451
-0.00237,5244
-0.352,8263
-0.0413,5936
-0.488,9838
-0.0586,6575
-0.188,9953
-0.0758,9312
0.082,3535
-0.0599,7098
0.112,1616
0.15,1192
0.0694,1788
-0.0479,10320
-0.247,10397
0.0702,2457
-0.311,10235
-0.0156,5854
-0.0762,8542
-0.0025,5243
-0.164,8271
0.0806,3510
0.129,945
0.0265,4572
0.0876,2369
0.283,947
-0.62,10169
-0.0181,5286
-0.183,8255
0.0119,4738
0.0956,1657
0.112,823
-0.427,10432
-0.192,9006
0.0609,4054
-0.334,7172
-0.00576,5308
-0.00885,5658
-0.158,8495
-0.223,8458
-0.245,10118
-0.0453,5472
0.0877,2785
0.132,604
-0.095,7703
-0.128,7252
0.158,1206
-0.207,8694
0.209,737
0.0695,3342
-0.0774,8399
-0.258,9811
-0.0625,6924
0.0184,4436
0.0705,2386
-0.137,9425
-0.136,8630
0.0721,3305
0.37,687
-0.317,9037
-0.0134,5962
-0.0652,6890
0.0543,3127
-0.0565,6949
-0.13,7844
0.169,2267
-0.0352,6178
0.0399,3971
-0.0918,7325
-0.0547,6066
-0.223,8692
0.126,2524
-0.0433,6982
0.0195,3484
0.196,2580
0.0747,1471
0.0802,3581
0.0376,4374
0.106,2756
0.0487,3495
0.182,388
-0.0266,5737
-0.105,6724
0.121,1352
-0.17,9341
0.0228,3659
0.0624,3238
0.19,1629
-0.0998,7395
-0.0908,7323
0.109,1392
0.0793,3110
-0.123,6938
0.126,2763
-0.0263,6491
-0.0578,6397
0.0284,4255
0.0693,2021
-0.116,8711
-0.0257,5800
-0.314,10394
-0.319,9961
0.0342,4022
-0.00818,5639
1.13,1386
-0.184,7719
0.0288,4119
0.107,3312
-0.0831,7914
0.352,107
0.162,2251
-0.0364,6557
-0.294,9798
-0.0776,7845
-0.0423,6218
0.188,462
0.118,2231
-0.0948,9293
0.0475,4088
-0.00468,5131
-0.0645,7701
-0.114,8708
0.373,271
-0.136,9598
0.222,913
-0.0719,7724
-0.228,9353
-0.0841,7864
0.0608,2822
-0.179,9664
-0.32,10428
0.182,1814
0.389,395
-0.0158,5434
0.119,2008
0.0843,3970
0.108,1755
0.122,2743
0.148,1676
-0.21,9853
-0.0782,7673
-0.389,10220
-0.464,6306
0.0613,3478
0.0088,4945
0.197,702
-0.554,8663
-0.124,6273
0.233,1205
-0.9,9818
0.494,344
0.357,42
-0.059,6003
0.353,347
-0.0469,6974
0.0398,2910
0.0274,4286
0.151,2751
0.176,2146
0.0446,3386
0.00566,4606
0.0239,3654
-0.168,9004
-0.0894,8886
-0.057,7419
-0.246,9918
-0.038,6264
0.0763,1754
1.26,41
-0.0497,6840
-0.0213,6233
0.123,2882
-0.083,7339
-0.0847,8996
-0.352,9500
0.134,1859
-0.192,9377
0.276,228
-0.157,9124
-0.0884,7381
-0.195,8621
-0.0673,7718
-0.0273,6095
-0.12,6729
-0.0942,8669
-0.0311,6336
-0.104,7368
0.0784,3484
0.185,2342
-0.103,7176
0.0429,3113
0.372,83
-0.151,7644
-0.0131,5444
-0.152,8810
-0.05,6219
-0.0449,6753
0.0494,2844
0.0624,2265
0.0439,4025
0.493,876
-0.115,7786
0.197,817
-0.00925,5602
-0.178,9624
-0.234,9087
-0.206,9133
0.0213,4551
-0.0633,7737
0.0423,3626
-0.0948,7938
0.0382,3745
-0.395,10421
-0.193,9982
0.0668,2479
-0.0675,7420
0.33,906
0.079,2583
-0.274,9508
0.0186,4514
-0.0383,6100
0.0208,4357
-0.149,8858
-0.109,9521
0.166,1057
-0.062,8417
0.157,1590
0.0119,4561
0.115,2498
0.0219,4106
-0.0856,8274
0.0767,3148
-0.0672,8051
-0.0743,7191
0.0129,4766
-0.0463,6999
0.0609,3460
-0.0296,5712
0.0989,2278
-0.241,10145
0.116,2232
-0.0849,7020
0.227,653
-0.213,9953
-0.154,8354
0.0758,3173
-0.131,8322
0.228,1214
-0.307,9761
1.22,191
0.306,13
0.107,1474
-0.113,9049
-0.216,8888
0.0109,4610
0.229,1651
0.124,834
-0.131,9751
-0.0859,8055
0.117,2494
-0.0861,5749
0.0571,3870
-0.000818,5186
-0.0767,8121
0.142,1805
-0.201,10144
0.432,306
-0.223,9547
0.0193,4498
0.0995,1225
-0.123,8777
0.0167,4795
0.151,1613
-0.0634,7479
0.0929,3120
-0.109,7526
0.026,4427
-0.344,9973
0.234,3036
-0.193,7321
-0.19,10060
-0.0967,9809
-0.0939,7229
-0.293,8807
0.196,301
-0.0452,5529
-0.19,9575
-0.116,9594
-0.0998,7330
0.062,2994
-0.0198,5459
-0.153,7036
0.118,2975
0.18,1531
-0.244,9384
0.0605,3933
0.135,1209
-0.0552,6826
0.0223,3736
-0.147,9965
-0.102,7021
0.0679,2931
0.372,213
-0.0829,7723
0.111,492
-0.036,7230
-0.0259,6188
0.256,661
-0.269,9598
0.0738,2997
-0.203,10170
-0.101,9326
0.173,472
-0.144,8956
-0.0542,8164
0.0442,4503
-0.205,10209
-0.172,9805
-0.259,9059
-0.0257,5228
-0.0765,7651
-0.32,10252
0.021,4168
0.0119,4332
0.041,4114
-0.0467,6950
-0.168,9286
0.142,1211
-0.18,9753
-0.025,5960
0.0174,4134
-0.194,9562
-0.0225,6625
0.0624,2738
0.0262,3941
0.0451,3274
0.0607,3083
-0.0853,7081
0.213,1794
0.847,1462
-0.0687,8180
-0.0266,6137
0.0319,3801
-0.0655,7241
0.0914,3259
0.141,1791
0.0544,3308
-0.0714,8296
0.00832,4740
-0.0165,5625
0.322,1297
0.0934,2705
0.105,982
0.124,1453
-0.0384,6160
0.00619,4873
-0.0255,5579
-0.0363,6788
0.0146,4393
0.158,1574
0.129,1223
0.0725,3692
0.0129,4575
-0.182,8932
0.265,397
0.0111,4592
-0.261,9730
0.0337,4147
0.307,228
-0.491,9247
-0.026,6367
0.0938,1612
-0.105,7450
0.319,2726
-0.0782,7246
-0.0798,5471
-0.244,9900
-0.112,9159
-0.201,7625
-0.135,8275
-0.228,8389
-0.116,7474
0.216,188
-0.158,9362
-0.241,8997
0.234,1723
0.1,3156
0.0373,3649
-0.0737,8587
0.0664,1733
0.23,1496
-0.0128,5204
0.144,1780
0.124,2192
-0.014,5045
-0.00593,5416
-0.103,7571
-0.00998,5445
0.333,668
0.0797,2601
-0.244,8331
0.19,231
-0.0341,6119
-0.0227,5096
0.677,1387
0.0442,3686
0.0683,2943
-0.016,5563
0.165,2022
0.447,53
0.268,1199
-0.133,7311
-0.00794,5394
0.271,118
-0.0102,5185
0.0886,2827
0.0266,4215
0.208,423
0.0752,2636
0.00197,5015
0.113,2086
0.13,1822
0.559,1278
0.355,351
-0.00663,5589
0.191,382
0.326,821
-0.219,10125
-0.0406,6012
-0.186,10093
0.123,1107
0.255,2073
-0.0839,7476
-0.191,8297
0.041,3931
-0.124,8257
0.1,2386
0.118,1811
-0.00473,5112
-0.00157,5306
0.405,170
0.109,1204
-0.0344,6092
0.0556,2501
-0.102,7600
0.00967,4662
0.0854,3134
0.0437,4178
-0.00991,5551
0.133,498
-0.202,9537
0.117,2371
-0.0528,6387
-0.00578,5181
-0.0799,6759
0.0183,4360
0.156,2902
-0.0257,5407
-0.102,8286
0.462,236
0.272,386
0.0825,1690
0.0644,3640
0.199,2025
0.00535,4759
0.192,2393
-0.0786,7477
-0.0127,5875
-0.025,5706
0.321,2160
-0.00213,5028
-0.141,7701
0.0883,416
0.174,857
0.0925,2629
0.0628,3290
-0.0224,5672
0.00961,4733
0.0137,4526
-0.0246,5682
-0.0311,5887
-0.128,8511
0.038,4323
0.0665,3311
-0.135,9532
-0.0313,5874
0.264,1383
-0.0213,4505
0.409,2017
-0.867,9463
0.25,266
0.00608,4763
-0.169,9389
0.0642,3644
0.0884,2464
-0.0877,7322
0.145,1210
-0.364,9249
0.023,4234
0.124,2314
-0.0168,5992
-0.0686,7228
0.504,33
0.00941,4609
0.152,1874
0.151,1561
-0.0344,6317
0.173,2970
0.119,1572
-0.0162,5300
-0.116,5604
0.0363,4303
0.297,185
0.421,365
0.0742,3055
-0.302,9530
0.17,2729
0.059,3323
-0.491,10470
0.0375,3728
-0.0416,7652
0.0193,4235
-0.00437,5204
0.299,684
0.16,3207
-0.0472,7902
-0.0281,6130
-0.00332,5553
0.156,2255
-0.111,6901
-0.422,7469
-0.424,9790
0.301,33
-0.0155,5380
-0.174,8263
0.0152,4596
-0.164,7903
-0.115,7308
0.0683,3335
0.0107,4666
-0.225,9953
-0.0378,5888
0.034,4177
-0.25,9643
0.0986,1309
0.103,1266
0.0735,2895
-0.0867,8568
-0.109,8015
0.0162,4590
0.221,421
0.0603,3865
0.126,1695
-0.143,8980
-0.103,7475
-0.247,10045
-0.0781,8320
0.000667,5099
-0.21,8313
0.016,4607
0.0811,3361
-0.312,8803
-0.0612,6912
-0.0054,5456
-0.0275,6088
0.0823,1636
-0.154,8716
-0.139,9364
-0.0473,6706
-0.0887,7895
0.00432,4518
-0.297,8158
0.099,2284
-0.211,5690
-0.179,9785
0.0783,531
-0.184,10028
0.0889,2186
0.155,2349
-0.109,9133
-0.0804,7737
-0.259,10085
0.0269,4508
-0.113,8814
-0.0969,7705
0.0117,4782
-0.0533,6819
-0.0767,8906
-0.194,9031
0.0564,3154
-0.107,8051
6.24e-05,4961
-0.209,8790
0.138,1920
0.314,261
-0.203,7796
0.251,1258
0.12,2693
0.0317,3845
-0.023,5803
0.181,625
-0.288,8917
-0.096,7601
-0.335,9671
-0.118,9603
0.0044,4729
-0.139,7833
-0.0181,5555
-0.089,8694
-0.107,6051
-0.0254,6136
-0.0237,6935
0.0584,3696
-0.208,8874
0.16,2097
-0.105,6315
0.0504,3563
0.378,310
0.101,3279
0.0382,3983
-0.525,7990
-0.193,8188
0.0475,3413
-0.15,9804
-0.0338,5642
0.216,697
-0.179,9592
0.0741,3775
0.0622,2680
-0.0431,7639
-0.175,8581
0.0861,2324
-0.079,7801
-0.245,9293
0.129,1383
0.0134,4665
-0.0595,7056
0.0128,4544
0.09,1656
0.0321,3795
0.161,1385
-0.128,9302
0.16,2008
0.0258,4600
0.0112,4637
0.213,1869
0.0848,1570
-0.076,7272
0.132,2601
0.0305,3780
-0.315,8606
0.0539,3522
0.238,138
0.0506,3191
0.588,1345
0.393,570
-0.192,7481
0.00843,4682
-0.0182,5965
-0.00237,5190
0.0327,3976
0.185,1319
0.347,376
0.104,2207
0.0958,2964
-0.0348,6240
0.046,3698
-0.402,9970
0.0166,4308
-0.118,7306
-0.167,9129
-0.392,8089
-0.0409,5682
-0.183,8430
-0.381,10271
-0.527,10367
0.0184,4481
0.239,2616
-0.0763,6434
-0.106,5959
-0.222,10141
0.087,1015
-0.0128,5972
0.178,980
-0.103,8335
-0.231,9498
0.178,907
-0.0929,8348
-0.199,9653
-0.172,6995
0.297,549
-0.0131,5639
0.0344,4049
0.243,1141
0.748,47
0.235,640
0.119,1176
-0.153,8354
-0.0167,5724
-0.00403,5164
-0.0063,5864
-0.102,6656
0.0503,4101
0.319,557
-0.137,8290
0.0369,3418
-0.0681,7825
-0.107,7848
0.00907,4579
-0.0279,5828
0.24,1076
0.0551,2893
-0.0152,5507
-0.715,8689
0.192,1007
0.212,1418
0.021,4184
0.246,678
0.133,1514
-0.244,10205
0.0707,3133
0.585,286
0.389,1371
0.219,49
0.12,2096
0.17,561
0.0673,3609
-0.091,6746
-0.0828,6654
-0.249,9680
0.195,849
-0.135,8887
0.299,776
0.0234,4167
-0.0137,5173
-0.0239,5878
-0.227,9037
-0.144,8737
-0.0173,5432
0.0404,4115
-0.031,6061
-0.101,7916
0.0573,2729
-0.0691,6896
-0.174,8314
-0.029,5778
0.00322,4920
0.0352,3610
-0.0242,6038
0.053,2884
0.196,1651
-0.0325,5328
0.0653,3724
-0.00026,5318
-0.00753,5286
-0.199,9361
-0.227,9370
0.105,2439
0.177,2424
0.076,2516
-0.0392,6328
-0.0511,7013
-0.137,8758
0.0356,3746
0.0307,4157
0.286,173
0.104,2800
0.135,2803
-0.265,10056
-0.161,9376
-0.223,8415
-0.0685,7165
-0.0806,7146
0.335,830
-0.169,9968
-0.282,9418
0.143,2994
-0.137,9223
0.0568,3413
-0.0463,6688
0.123,1861
-0.0225,5894
0.0949,3161
-0.227,10263
0.0518,2900
-0.53,7340
0.0201,4420
-0.0636,6529
-0.137,8269
-0.188,10051
0.378,222
0.121,2019
0.27,1369
0.0214,4200
-0.0342,7222
0.00884,4735
0.0945,1209
0.0007,5136
0.0393,3398
-0.175,8523
0.119,3210
-0.0183,5820
-0.209,10153
-0.214,10058
-0.0481,6206
0.267,1303
-0.0364,7527
0.172,437
-0.0191,5856
0.68,537
-0.0455,8544
-0.016,6036
-0.0153,6028
-0.0815,7837
0.133,3144
-0.0436,6106
-0.0736,9847
0.0498,1735
-0.8,9974
0.0108,3893
0.0868,1605
0.104,1668
-0.208,8981
-0.0229,5661
-0.0275,5478
0.0396,4200
0.233,620
0.114,1875
-0.0828,7533
-0.36,10100
-0.0714,6924
0.0802,2638
0.292,298
0.152,273
0.054,3047
-0.338,10209
0.0566,4280
0.0621,3582
0.0242,4471
-0.24,9207
-0.0654,8384
-0.154,9551
0.0457,3871
-0.536,10113
-0.052,6084
-0.00792,5394
-0.343,10332
0.15,599
0.0682,2880
0.4,94
0.149,2166
0.0613,3445
0.235,104
-0.108,8522
0.0425,4027
-0.0825,8347
-0.207,7678
-0.0494,7710
-0.0035,5481
0.0641,3370
-0.117,8613
-0.31,9192
-0.145,9117
0.0576,2732
0.0735,2687
-0.173,9764
-0.0615,6721
0.178,593
-0.199,9443
0.232,509
0.00165,5338
-0.0395,6509
0.0538,3489
-0.0873,6729
0.0946,1543
0.0269,3563
0.0112,4858
-0.0279,5982
-0.0114,4865
-0.0577,7461
-0.183,8749
0.074,2038
0.0127,4548
-0.0303,5921
0.0719,3448
0.138,1566
-0.0179,5609
-0.119,7241
0.0763,2384
0.222,1442
0.0371,3644
-0.18,8190
0.148,3291
0.0455,3399
0.000148,4982
-0.14,9469
-0.153,8990
-0.0553,6570
-0.177,9337
0.0911,2529
-0.04,7438
0.119,1565
-0.0459,6360
0.0272,4161
-0.0723,7314
-0.0898,9586
-0.0537,7664
0.0206,4318
-0.426,10284
-0.149,8512
-0.0791,8303
0.0831,2513
-0.0708,7369
-0.0619,6708
-0.225,8496
-0.137,7722
-0.106,8322
-0.0827,7406
-0.373,7188
-0.565,9063
-0.244,9789
0.274,2522
-0.0891,8773
-0.102,7136
-0.315,9697
0.0504,3526
0.0989,1139
0.00394,5202
-0.156,9279
0.127,3269
0.109,1712
0.297,722
-0.031,6313
-0.051,7683
0.105,1613
0.768,69
0.195,1998
-0.0101,5640
-0.16,9651
-0.169,9682
0.0763,2821
0.255,1559
0.0559,3730
0.0863,2782
0.0652,3107
0.159,1443
0.15,1027
0.0286,4129
0.137,1975
-0.103,6939
0.0471,3714
0.0925,2408
1.65,864
0.178,1023
0.0943,3328
-0.108,6424
0.0208,4030
0.0238,4091
-0.0921,9310
0.136,2149
0.041,3725
-0.0571,6498
-0.529,10444
0.024,4080
0.0723,2040
-0.0943,7551
-0.0147,4895
-0.159,9197
-0.0773,8445
0.0121,4888
-0.106,8348
-0.0723,6933
0.0288,4460
-0.0605,5252
0.31,585
0.00449,4844
0.0334,3992
-0.294,7139
0.175,1186
-0.0579,7554
0.000965,4943
-0.0624,6665
0.0497,3412
0.063,4069
-0.157,5587
-0.134,9202
0.126,1338
-0.0897,7888
0.0836,2787
-0.273,9981
-0.255,8799
-0.0616,8620
0.00505,4776
-0.0332,6140
-0.0434,6593
0.317,1209
-0.0821,7573
0.00086,5036
0.104,1445
-0.0704,7795
0.287,359
0.0431,4005
-0.462,10383
0.213,809
-0.139,9140
0.0696,3255
-0.0879,8142
-0.131,7466
0.0446,3993
-0.0346,6319
-0.105,8618
-0.244,9470
0.0437,3542
0.13,1846
-0.117,8339
0.00499,4967
-0.122,9702
-0.251,9040
0.301,2754
-0.639,10381
-0.431,9638
-0.00299,5339
-0.156,9900
0.0584,3659
-0.0723,7098
-0.214,10003
-0.34,9842
-0.0919,8947
0.413,46
-0.172,9085
-0.0373,6316
0.00368,4797
0.0173,4334
-0.221,10283
0.102,2669
-0.0275,5864
-0.405,10235
-0.107,7649
0.0429,3892
0.159,371
0.00345,4916
-0.0148,5290
0.0118,4897
-0.256,10004
-0.348,9962
-0.276,10303
0.0387,4345
-0.194,9892
-0.0372,6530
0.0426,4055
-0.00177,5324
-0.0439,7889
0.421,1343
0.152,860
0.0908,3434
0.155,1355
-0.0219,6134
-0.108,9541
-0.0858,7890
-0.0811,7372
-0.0184,5718
0.0725,3857
0.0501,3077
-0.142,9830
0.0455,3143
-0.131,7927
-0.277,7588
0.101,3471
-0.0472,5741
-0.0617,7367
-0.0665,6806
0.052,2948
-0.0971,6788
0.145,2212
-0.0345,6041
0.0187,4132
-0.0165,5666
-0.106,7977
-0.112,8713
0.0921,2349
0.174,248
-0.199,10296
-0.129,7039
-0.0769,7289
-0.0258,5655
-0.235,8848
-0.0759,7089
0.0604,3613
-0.442,8591
0.532,595
1.27,642
0.0829,3979
0.103,3142
0.0737,2289
0.286,163
0.00658,4728
-0.0927,6453
-0.279,8185
-0.0385,6442
0.57,526
-0.303,9709
-0.158,8015
-0.139,8291
-0.121,7003
-0.0347,6787
-0.196,10234
0.126,1824
-0.132,4083
0.0668,3259
-0.00926,5233
-0.0183,5364
-0.0851,6961
0.198,2343
0.018,4586
-0.0491,5095
-0.22,8814
-0.0202,5976
0.0238,3960
-0.0647,7026
-0.134,8580
-0.117,6225
0.127,1564
-0.128,9287
-0.0586,6571
-0.151,9086
-0.0192,5469
0.0454,3630
0.144,1248
0.177,323
-0.12,9480
0.00335,4917
0.16,1516
0.0371,2919
0.0576,3247
0.0567,2192
0.111,1783
0.0397,3855
0.0796,3002
-0.118,7861
-0.122,8183
-0.0263,6892
0.0354,3464
0.0406,3493
0.0207,4375
-0.0322,5028
0.0101,4570
-0.0606,7734
0.0329,3765
0.00806,4727
-0.0507,5688
-0.0125,5810
-0.116,6731
-0.0561,8329
-0.0511,8503
-0.194,7842
0.101,2946
-0.0383,5989
-0.114,7767
0.0387,3978
-0.115,9500
0.0117,4804
-0.101,7687
0.434,382
0.0836,2396
0.00777,4823
0.00136,5051
-0.0565,5477
0.195,784
0.0962,3620
0.402,1905
-0.0897,8310
-0.0182,5579
0.214,1559
0.0476,4007
0.18,1918
0.0481,3543
-0.0141,6234
-0.183,9481
-0.232,10170
-0.469,9728
0.0743,2712
-0.0893,7593
-0.221,10427
0.0587,3896
-0.0762,6764
0.000375,5135
0.0841,2705
-0.017,6487
0.0202,4266
0.415,111
-0.032,6303
-0.233,9423
0.0373,4131
0.00291,4993
0.179,1569
-0.0792,5901
0.397,2296
-0.066,6364
0.768,1397
-0.0996,6758
0.23,802
-0.0748,7825
-0.0173,5517
-0.0293,6427
-0.177,10145
-0.14,9422
0.0316,3603
0.232,1096
0.0761,2742
0.0346,3619
0.237,486
0.113,2681
-0.0821,7330
0.211,765
0.124,324
0.0986,1141
-0.129,9414
0.172,1305
0.255,592
-0.127,9197
0.0572,2980
0.198,1109
0.17,1305
-0.232,8993
-0.00454,5353
-0.000614,4818
-0.125,9322
-0.179,9841
-0.0764,7281
-0.0636,7201
-0.092,6974
0.0332,3499
-0.242,10058
-0.0955,7039
-0.21,9691
0.0912,2692
0.202,1612
0.0939,3389
-0.0549,6533
-0.0867,9493
-0.0734,6571
-0.0453,7124
-0.024,5778
-0.245,8865
-0.0197,5815
0.00276,5030
0.102,2421
0.124,2704
-0.156,6733
0.278,2059
-0.152,9308
-0.174,10011
0.0291,3253
0.48,95
-0.0505,5499
0.0495,3856
-0.00489,5458
-0.185,10284
-0.00392,5256
0.0839,1794
-0.116,8388
-0.015,5798
0.245,314
0.199,538
-0.166,9621
0.15,1023
0.00872,4769
-0.0434,6995
0.0857,1030
-0.0073,5280
0.238,520
-0.00589,5377
-0.0965,7518
-0.274,10436
-0.247,9677
0.108,1866
0.12,1989
-0.00932,5643
0.191,2129
0.125,2157
0.0639,3707
0.242,241
0.0236,4088
0.119,2983
-0.0892,6532
0.0655,1845
-0.0597,6601
-0.00706,5432
0.165,921
-0.0572,6160
0.203,232
0.178,2888
-0.595,10077
-0.123,7851
0.305,1071
0.109,2956
-0.0336,6091
0.16,1358
0.108,1298
-0.0602,6957
-0.134,8372
0.181,1676
-0.187,9213
-0.119,8013
-0.0171,5806
-0.0291,6140
0.0619,3099
-0.101,8216
0.253,273
0.181,549
0.0609,2604
0.0355,4293
-0.0536,6163
-0.118,8557
0.142,2063
0.0283,3354
-0.007,5133
0.0525,3365
-0.0784,7628
-0.0658,7171
0.00849,4847
-0.148,8240
-0.0312,6240
0.0647,2021
-0.188,9573
-0.0201,5564
-0.186,9358
-0.15,8301
0.233,622
-0.0312,5456
0.0558,3130
0.17,2226
-0.277,7578
0.00359,4958
-0.0155,6150
0.0582,3378
0.173,1230
-0.0336,6403
-0.217,7355
-0.0601,8458
0.0184,4317
-0.136,8369
0.0881,3336
0.0546,4037
0.0989,2489
-0.0385,6288
0.12,1731
0.27,477
0.062,3347
-0.0805,7985
-0.332,8437
0.106,2367
-0.271,10391
-0.109,7481
-0.0598,6119
0.0126,4759
0.154,2891
-0.051,7972
-0.0715,8103
-0.00425,5185
-0.0353,6201
-0.0639,6978
0.32,1409
0.0864,1828
-0.184,8882
-0.718,10329
-0.178,9975
-0.0442,6485
0.11,1358
0.0229,4100
-0.0722,8678
0.253,677
-0.101,8960
0.216,872
0.103,2347
-0.142,10013
0.0289,3249
0.067,2696
-0.201,9812
0.0103,4710
-0.219,9556
0.182,1382
-0.124,9704
0.0497,3463
0.21,1901
0.114,2176
0.0536,3349
-0.0351,6956
-0.122,8676
0.087,2952
0.0917,2684
0.269,1111
0.275,613
0.06,1285
-0.0336,6514
-0.12,7772
-0.165,8744
0.0305,4444
-0.0215,5498
0.0683,2849
-0.109,9935
0.00844,4869
0.0288,4205
0.003,4701
0.0307,4252
-0.00296,5112
-0.0183,6097
-0.221,7788
-0.0383,6657
0.0799,2737
0.2,1835
0.0294,3949
-0.00911,5320
0.2,1481
0.109,2941
0.1,2554
-0.417,10309
-0.0094,5454
0.0243,4311
-0.112,8598
0.0956,2709
0.0241,4177
-0.15,6124
-0.0468,7690
0.0896,275
-0.239,9408
-0.167,9510
-0.573,10073
0.347,113
0.0288,3726
-0.154,9896
0.0911,3541
-0.314,9822
0.299,1179
0.0903,3724
0.00654,4851
-0.0499,6103
-0.029,6120
-0.2,10238
0.123,1319
0.136,2668
-0.0526,7590
-0.0965,8166
-0.199,9457
-0.00285,5421
-0.448,7523
-0.00792,4687
0.117,2057
-0.0882,7786
-0.0334,6587
0.631,171
0.0534,3594
-0.395,9813
0.0518,3662
-0.0465,6632
0.377,136
-0.263,7062
-0.0657,6634
-0.0694,5834
0.0559,2006
-0.0517,6538
0.0285,4442
0.0637,3245
-0.0085,5500
0.127,2763
0.0321,3912
0.28,1016
-0.153,8513
0.0193,4480
-0.00959,5563
-0.00705,5023
0.125,641
0.129,2319
0.165,1065
0.553,11
-0.0108,4994
0.199,1289
-0.0584,7892
-0.316,10471
0.116,2415
-0.0122,5348
0.309,903
-0.281,10185
-0.0293,6133
0.112,2210
-0.274,9930
-0.0795,7027
-0.00742,5490
-0.0407,5611
0.0475,3136
-0.0105,6031
-0.109,9295
0.0129,4465
-0.0997,7954
-0.113,8215
-0.136,8034
0.0094,4793
0.00227,5161
-0.119,7293
0.279,786
0.534,408
0.998,109
0.00981,4467
-0.0168,5839
0.00207,5212
-0.069,7911
-0.258,9761
0.097,2695
-0.103,9123
0.0494,1973
-0.899,9804
-0.0611,4307
1.9,773
-0.0647,6205
0.338,1800
-0.0283,6885
-0.226,9813
-0.128,7985
0.0459,3398
-0.0338,7326
0.122,991
-0.0165,5583
-0.145,8203
-0.042,5805
-0.118,8540
0.105,2183
0.0401,3209
0.0474,3312
0.35,439
0.0937,3367
0.0628,3620
-0.262,10338
0.00653,4590
0.0852,3336
-0.0106,5353
0.239,1088
0.235,2787
0.0983,2695
-0.0105,5680
0.0357,3669
-0.54,7765
-0.214,7098
-0.164,6642
0.256,1241
0.0145,4333
0.457,33
-0.599,8716
0.727,431
0.913,1499
-0.653,8447
0.0223,4396
-0.77,8589
-0.0863,5969
0.322,2377
-0.254,10329
-0.674,7804
0.0774,2875
-0.0314,6264
-0.02,5723
0.252,555
0.14,1238
0.0211,4424
-0.0206,5458
-0.0456,6128
-0.0756,9176
0.0512,4067
-0.023,5590
0.0216,4321
-0.0134,5767
0.0244,4547
0.0705,2132
-0.0721,7337
0.0286,4308
0.0339,4168
0.0651,2549
0.184,738
-0.248,10336
0.0104,4641
-0.00779,5473
0.0653,2418
-0.12,6873
-0.479,10374
-0.366,9152
-0.00933,4959
-0.171,8281
0.0242,3584
0.679,805
-0.445,9345
0.11,3290
-0.229,9749
-0.233,10236
0.161,1493
-0.148,9085
0.0428,3781
0.346,94
0.046,3661
-0.0862,8990
-0.142,9389
-0.191,9135
-0.111,7538
0.108,2334
-0.138,7564
0.0524,2418
0.0665,1812
-0.0544,5470
0.33,2195
0.168,3430
-0.175,8912
0.152,2544
0.0566,3455
0.0167,4856
-0.136,8420
0.255,149
-0.115,9491
0.164,574
0.00499,4585
0.103,2061
-0.428,6952
-0.117,7126
-0.0779,8331
-0.0941,8313
0.169,1805
-0.151,9449
0.0184,4629
-0.255,8589
-0.00608,5462
-0.103,7808
-0.028,6044
-0.0777,7155
-0.149,8978
0.141,1346
-0.011,5363
0.15,975
-0.393,9890
0.133,2534
0.109,2884
-0.239,8546
-0.0516,7620
-0.151,8238
-0.485,10081
0.0933,2129
0.0474,4372
-0.0225,6230
-0.0805,6421
-0.101,7428
0.188,1650
0.142,1083
-0.00477,5229
-0.000274,5151
-0.0908,8261
0.0183,3959
-0.00177,4925
-0.0583,6596
-0.217,9583
-0.398,9384
0.0839,2271
-0.0247,6026
0.132,2150
-0.0745,8375
0.429,1571
0.0237,4468
0.243,366
0.0311,2844
-0.419,7829
0.00498,4801
-0.403,9017
-0.173,6808
-0.011,5113
-0.414,9188
-0.0366,5927
0.0459,3902
0.175,542
-0.164,9151
-0.00943,6058
-0.171,10352
-0.0692,7380
0.00227,4959
-0.0951,6853
0.182,606
-0.272,8954
0.103,1903
-0.109,8078
-0.117,7581
-0.0171,5605
0.0367,4320
0.0112,4688
0.182,1136
-0.106,8109
-0.0487,6018
-0.197,9175
-0.214,8788
0.0532,2981
-0.176,9302
0.209,1418
0.00585,5151
-0.614,10434
0.121,1556
0.088,3195
-0.171,10286
-0.0271,5986
-0.064,6956
-0.0848,6619
-0.0312,5359
-0.172,9767
-0.00658,5268
-0.0907,8858
-0.2,9806
-0.0853,7144
-0.155,9604
-0.116,9343
-0.017,5892
-0.188,8328
0.304,489
-0.0866,6760
0.102,2922
0.0434,3362
-0.00289,5137
-0.21,8913
0.0209,4522
-0.341,10081
0.188,1187
-0.00626,5041
0.166,587
0.228,1835
-0.00216,4945
-0.142,8149
-0.0935,7427
0.397,76
-0.0962,9216
-0.0833,7506
-0.154,7446
-0.169,6966
-0.0742,7212
-0.104,7239
0.159,1378
-0.0972,9280
0.0511,4127
0.117,901
-0.0672,7377
-0.275,10365
0.21,793
0.0299,4387
-0.094,6139
0.0102,4795
0.142,445
-0.155,9751
-0.0924,4752
-0.0292,5431
-0.381,9968
-0.0596,7360
0.0236,4310
0.0482,2333
-0.112,9870
0.253,501
-0.0522,5939
-0.0727,7600
0.0827,1979
0.179,804
0.0442,3796
0.191,455
-0.227,9089
-0.0748,8377
-0.12,8866
0.00568,4818
-0.0542,6327
0.0997,1267
0.256,1187
0.308,940
-0.21,8258
0.0193,4149
0.0256,3995
0.00705,4717
-0.00689,5084
0.157,2557
0.0448,3500
-0.0956,9951
-0.0278,5845
-0.299,10225
-0.141,9945
-0.0108,5287
0.00245,5157
0.0357,2958
0.0374,3835
-0.145,8615
-0.0496,5537
-0.318,8800
0.159,832
0.0232,3983
-0.155,8271
0.0629,3287
0.0225,4443
-0.173,6382
0.101,2663
0.147,1337
-0.305,9862
0.16,1357
0.115,2931
-0.00087,5249
0.229,574
0.0355,3923
0.136,2209
0.0344,4031
0.0829,3513
-0.165,7032
-0.0226,6010
-0.0897,10012
-0.0837,8220
-0.266,9050
-0.0396,6460
0.397,149
0.0156,4333
0.00714,4694
5.79e-06,4712
0.065,2678
-0.199,7765
0.184,1601
0.0792,2712
-0.0419,7609
-0.0109,5466
-0.0429,6737
0.106,2622
0.0885,1612
-0.0325,6841
0.0258,3711
-0.0558,6026
-0.022,5829
0.209,652
-0.0446,6555
-0.107,5060
0.023,4286
0.0145,4672
-0.102,8226
-0.236,9655
-0.0156,5677
-0.00204,5378
0.103,2864
-0.239,8508
-0.163,8942
-0.118,8817
0.0716,3489
0.262,110
0.12,2165
-0.00776,5604
-0.176,9787
0.199,492
-0.367,6707
-0.00185,5205
0.0746,1863
0.0718,2476
-0.00206,5229
0.0999,3140
0.0498,3484
-0.0319,5805
-0.0568,7509
-0.156,9707
0.123,2145
0.343,82
-0.333,8749
0.141,1886
0.0624,2997
-0.634,10151
0.0388,3764
0.0434,4332
-0.000432,5227
-0.106,9028
-0.096,8313
0.079,2718
-0.00786,5269
0.129,2581
-0.0368,6097
-0.0455,5760
0.125,2219
-0.0899,8266
0.0637,3507
0.0682,2938
-0.103,9614
-0.0542,7722
-0.157,8725
0.163,1720
-0.0159,5180
-0.181,8081
-0.401,10124
-0.116,9907
0.0826,2196
0.0866,2343
0.00153,5211
-0.106,5879
-0.142,7927
-0.0209,6332
0.0386,4045
-0.0804,6733
0.00619,4886
0.25,2643
-0.0115,5306
0.00801,4792
-0.0528,7913
-0.325,9442
-0.0414,5765
-0.195,6451
0.0164,4640
0.209,803
-0.186,7882
-0.046,6484
-0.33,10214
-0.0494,7116
0.13,3037
-0.0423,7740
-0.104,9365
0.175,1260
0.1,2476
0.0548,4214
-0.343,9451
0.133,1207
0.0489,3165
-0.00557,5370
-0.0353,6618
0.208,1422
-0.0277,5942
0.0891,356
0.2,1299
0.0902,3461
0.12,2514
0.0601,3207
0.0259,4261
-0.158,9086
0.0433,1012
-0.117,7140
0.147,2064
0.0731,3757
0.0742,2447
0.00765,4710
0.228,1206
-0.108,6290
-0.102,8078
-0.135,8112
-0.223,10254
0.0355,3742
0.0849,2956
-0.216,9948
-0.254,10110
0.0698,3519
-0.0783,8017
-0.00177,5446
-0.0345,7699
-0.322,9749
-0.104,8726
0.277,1760
-0.123,8971
-0.0406,6676
0.181,569
0.111,1472
0.05,4037
-0.014,5709
0.232,1475
0.0173,3825
0.0883,2253
-0.207,9453
-0.00919,5303
-0.0636,6756
-0.0432,6376
0.00142,4985
-0.0194,6200
0.0822,2898
-0.0203,5342
0.0416,2853
-0.176,9861
0.0498,2519
-0.0316,6355
0.315,644
0.0958,1927
-0.274,8309
0.036,4146
-0.0961,8058
4.67e-05,5192
-0.244,9664
0.227,889
0.0727,3045
0.108,2411
0.0936,2508
-0.141,9223
-0.206,9100
0.104,3560
0.00077,4890
0.0534,3722
0.0233,4181
-0.0321,6235
-0.708,9185
-0.204,9722
-0.0439,6344
0.241,1185
0.011,4316
0.0978,1586
-0.00449,5156
-0.0767,7720
0.122,1458
-0.0476,6468
-0.0283,6748
0.0224,4366
0.235,1227
-0.0253,5250
-0.143,8491
0.173,1123
-0.0389,7421
0.0449,3319
-0.00483,5006
0.294,897
-0.11,8777
-0.173,8146
0.032,3823
0.0361,3820
0.0993,3228
-0.102,6843
-0.576,9176
-0.287,9592
0.0321,3847
0.16,1314
0.0673,3668
0.173,1904
-0.0194,6028
-0.0562,5965
0.18,405
0.00491,4937
-0.261,8864
-0.365,10155
0.00526,4940
0.935,27
-0.21,9468
-0.135,9274
0.454,1047
0.138,1305
1.34,575
0.0575,4138
0.185,210
-0.681,7887
0.155,1932
0.0966,3638
-0.0881,8669
0.0442,3902
-0.148,9557
1.26,50
0.673,55
-0.273,6340
0.0796,3887
-0.245,9060
-0.197,8937
0.246,825
-0.239,9489
0.725,316
0.163,1535
-0.142,10227
0.053,3814
0.205,2183
0.368,2125
0.252,2128
0.204,470
-0.179,9318
-0.0176,5784
-0.0159,5291
0.0481,3671
0.574,853
-0.283,8266
-0.126,9806
-0.115,8619
-0.258,9653
0.224,56
0.792,708
0.0637,3236
-0.0998,9420
-0.0109,5565
-0.269,6306
0.151,1921
-0.393,8781
0.163,2025
-0.188,9895
-0.0187,6103
-0.0164,5374
-0.0885,8342
-0.429,8260
-0.0794,7889
-0.224,10027
-0.0627,8094
0.00322,4930
-0.166,9010
0.0881,3064
-0.00196,5131
0.0684,3050
0.0338,3644
-0.0419,5683
0.272,811
0.575,245
0.235,1037
-0.125,10023
0.0579,1919
0.0925,2242
0.495,1738
-0.185,8692
0.0336,4179
0.0403,3403
-0.0872,9638
-0.0557,5995
-0.0796,6991
-0.00948,5493
-0.198,8862
-0.0327,5617
0.026,4083
-0.0295,5427
-0.1,8323
0.0661,3426
-0.28,9832
0.105,2257
0.0271,4268
-0.0333,6542
0.0668,1641
-0.245,9542
0.00805,4863
0.0667,2151
0.0769,3431
0.0342,4498
0.168,2391
0.0658,3997
0.29,922
0.00341,5081
0.000706,5206
-0.0223,5722
0.0653,3518
0.0725,3143
0.033,4079
-0.0359,6295
-0.177,8070
-0.00832,5055
-0.000453,4917
-0.0705,6756
0.14,1118
0.147,1333
-0.21,10379
0.0116,4425
-0.193,9847
-0.268,9782
0.0825,2863
0.123,756
0.0532,3062
-0.0403,6253
0.0165,4164
0.0984,3551
0.111,2437
0.0652,2298
0.0146,4452
-0.117,8799
0.0271,4358
-0.0153,5033
0.0827,2791
-0.105,8999
-0.0567,6964
-0.147,9771
0.177,969
-0.256,9667
0.459,678
-0.209,10236
-0.0195,6009
-0.0855,5676
-0.032,5343
-0.0374,6513
-0.0631,7141
-0.21,10129
0.169,2052
0.00415,4969
0.0328,2916
0.0216,4189
-0.0539,7765
-0.0726,8363
0.067,1363
-0.0688,9147
-0.128,9723
0.333,2
0.0809,1962
0.0458,3902
-0.192,9618
0.119,1452
-0.00562,5320
-0.0365,6211
-0.0262,5785
-0.0986,7883
-0.0218,6475
0.176,2742
-0.0205,5553
0.0638,2518
-0.0616,6623
-0.298,8621
-0.0274,5588
0.064,3130
0.0722,2763
-0.0358,6234
-0.0682,4723
0.0349,3703
0.541,106
0.0602,3082
-0.118,9278
0.0457,4277
-0.027,5787
0.0406,3814
-0.134,8079
0.128,2152
-0.169,9486
0.182,1383
0.114,2147
0.174,1199
-0.00743,5471
-0.0942,7420
-0.266,8479
-0.478,9840
-0.0976,5678
-0.0931,8108
0.0917,2130
0.0641,3321
-0.11,8643
-0.0983,6330
0.0351,4351
0.138,1207
-0.0481,6569
-0.028,6881
0.123,3131
0.0882,2296
-0.0635,6539
0.0164,4123
-0.196,10448
-0.351,9984
-0.0934,8262
-0.02,5663
-0.231,10284
0.0252,3823
-0.00091,4805
-0.125,6827
-0.02,5947
-0.095,7003
-0.052,7139
0.0276,3917
-0.04,6014
0.339,331
-0.289,10024
-0.242,9043
0.0451,4234
-0.125,9872
-0.101,9330
-0.0846,7655
0.129,2352
0.245,1384
-0.371,9681
0.00575,4794
-0.0314,6003
-0.131,8926
-0.105,7146
0.0384,3720
-0.0961,8179
-0.149,9489
-0.112,8136
-0.247,10126
0.00295,5188
0.163,2629
-0.208,8231
0.0795,2290
0.144,252
0.161,857
0.066,3454
0.0708,3352
-0.34,7046
-0.0367,6738
0.132,1560
0.0422,3821
-0.0264,5177
-0.154,7476
0.106,3327
-0.0295,7746
-0.0154,5789
-0.162,9475
0.00226,4724
0.168,661
-0.12,9964
-0.103,8721
0.0324,3753
-0.177,8182
0.164,1943
0.0568,4007
-0.279,8697
-0.179,10174
-0.152,9994
0.274,1087
-0.091,7826
0.0525,3959
0.148,2231
0.0653,2713
-0.113,9096
0.2,1055
-0.103,7342
0.182,1429
0.0768,2338
-0.0968,7216
0.0309,4144
-0.41,10223
1.4,54
0.227,1759
-0.00128,5103
0.131,998
0.049,3747
-0.128,7780
-0.291,9454
0.092,2477
0.0391,3881
-0.0929,7543
0.015,4465
0.263,830
-0.0208,5370
-0.07,7719
-0.0579,8072
0.0664,2766
0.318,606
0.0351,3749
0.144,1038
-0.0251,4802
0.0698,2088
0.00979,4903
-0.0732,7344
-0.0363,6359
-0.0271,5961
0.0283,4396
-0.219,8474
0.204,452
-0.151,6646
0.066,2822
-0.24,8092
-0.0198,5485
-0.0231,6174
0.0333,4012
0.162,864
0.264,850
0.0558,4081
-0.528,9172
0.0749,2076
-0.00959,5566
0.0262,4400
-0.0977,6646
0.294,2015
-0.112,8329
0.0525,2472
0.0862,1587
-0.126,8845
-0.38,10302
-0.305,4777
-0.0454,6782
-0.161,9302
0.169,1578
-0.12,8926
0.162,1941
0.0888,2386
-0.11,8739
0.156,1974
-0.139,8596
0.0245,4326
-0.0309,6593
-0.00619,5411
-0.0331,6003
-0.0415,6151
0.29,395
0.112,2461
0.0433,3916
0.12,3342
-0.284,9634
0.251,160
-0.0885,5702
-0.00375,5219
-0.0918,8799
-0.0921,7213
0.0106,4712
-0.0493,8351
-0.0185,5935
0.0493,4062
-0.0804,6838
0.112,2779
-0.0737,8210
0.0159,4799
0.143,2056
-0.214,9581
0.179,3198
-0.339,7044
-0.401,10252
0.0315,4257
-0.0775,6527
0.0628,3980
-0.194,9503
0.00105,4864
-0.0175,5850
0.0245,3263
0.0385,4011
0.154,1236
-0.456,9465
0.0514,3161
0.0944,2168
0.142,830
-0.139,8343
0.119,2674
-0.155,8680
0.00116,4931
-0.035,6935
-0.0501,7003
0.053,3883
0.22,1351
0.115,2147
-0.11,5987
0.111,2883
0.017,4249
-0.0772,6976
0.102,2773
-0.0582,5306
0.101,2612
-0.0259,6174
-0.123,9806
-0.0826,8778
-0.0457,6736
0.0374,3733
-0.104,7824
-0.128,9495
-0.0053,5051
0.222,866
-0.299,8944
0.222,2484
0.136,1476
0.0793,2578
0.242,410
-0.222,9457
-0.00421,5045
-0.0247,6268
0.258,1585
-0.169,9983
0.389,1
-0.168,8470
0.13,605
0.133,2872
0.162,2784
-0.0265,6467
0.0866,1161
-0.113,8436
-0.0917,7317
-0.21,9189
-0.115,7672
-0.0451,8053
-0.173,10301
-0.33,10382
-0.347,10242
0.00392,4574
0.0444,4019
-0.0443,6985
-0.0667,8276
1.12,971
1.13,65
0.142,1767
0.324,2087
0.0255,4141
0.0668,2200
-0.38,7503
0.00369,5020
0.529,227
-0.181,9386
0.108,1044
-0.0534,6709
0.00742,4810
0.0406,2728
0.176,2679
-0.0195,5510
0.245,973
0.114,818
0.243,850
-0.0787,6568
0.0704,2966
-0.308,8966
-0.0732,7393
-0.206,10318
-0.195,9425
-0.245,9810
-0.0701,6795
-0.453,9962
0.201,441
-0.0288,6147
-0.663,9637
-0.581,8218
-0.0795,7787
0.298,867
-0.000373,4960
0.0232,4627
0.122,3001
0.136,1192
-0.0295,6021
-0.121,6905
0.207,1797
-0.191,6535
-0.0562,5364
0.00273,5136
0.0422,3202
0.28,660
0.013,4764
0.0642,2744
0.0377,3985
0.0739,1654
0.0535,3251
-0.166,8477
-0.145,6455
0.544,320
0.209,623
-0.0444,6609
0.0252,3607
0.292,1192
0.0478,3701
0.0742,3296
0.0679,3103
0.176,1292
0.0627,4032
-0.444,8699
0.386,587
0.106,2471
-0.123,7605
0.105,1505
0.0307,3608
-0.543,7210
0.277,1457
-0.0218,5263
0.0541,2076
-0.0623,8678
-0.0261,6672
0.117,2496
-0.569,9591
-0.13,6821
0.0337,4453
0.202,1516
-0.283,5782
-0.488,9549
-0.615,8381
0.294,2526
-0.754,8672
0.232,871
0.298,1404
0.0273,3803
0.0121,4311
-0.561,8662
-0.253,7429
-0.631,9636
-0.379,7919
-0.159,7725
0.222,244
-0.0891,6852
0.0759,3196
-0.167,8528
-0.196,10006
0.0162,4383
-0.0221,5829
0.0924,2474
-0.237,9481
0.0092,4360
0.0771,1342
0.0349,4327
0.118,2250
-0.0166,5774
0.0226,4127
-0.17,8709
0.105,1375
0.0535,2488
-0.521,6931
-0.037,5251
-0.178,7397
0.185,2209
-0.0473,6343
-0.00307,5216
0.168,3228
-0.0678,6239
-0.00637,5181
0.264,1355
-0.0289,6949
-0.145,7407
-0.339,6627
-0.266,8690
0.1,511
0.029,1963
-0.323,10239
0.22,1008
-0.0587,6105
-0.241,10281
0.0414,3544
0.126,2395
-0.0804,7119
-0.0785,6449
-0.022,5666
-0.0466,5662
0.194,1317
0.00363,4814
0.835,30
-0.0172,5409
0.349,1274
-0.00902,5541
-0.0799,8270
-0.379,10442
0.0889,2562
-0.0751,7633
0.29,1402
0.00324,4970
-0.303,9307
0.134,502
-0.3,9775
-0.15,7586
0.145,1839
-0.0761,7778
-0.134,10012
0.0289,3837
-0.278,6988
-0.335,9248
-0.0427,6640
-0.381,10001
0.0489,2685
-0.0088,5045
0.159,2419
0.183,1678
0.101,2832
0.0547,3640
0.146,1113
0.407,1796
-0.0554,5966
0.102,3208
-0.0618,6741
0.0933,616
-0.00895,5773
-0.108,7809
-0.501,9357
-0.213,9519
0.184,2215
0.0323,3570
-0.0507,6759
-0.0172,6046
-0.219,10315
-0.227,7216
-0.224,9800
-0.237,10238
0.291,701
-0.00482,5524
-0.128,9360
0.0357,3683
0.143,2292
0.0165,4687
-0.0395,6770
-0.0349,6653
-0.0824,7698
0.0422,3843
-0.203,9716
-0.0327,5906
0.109,1064
0.121,1545
0.291,520
-0.0922,6977
-0.349,10355
-0.186,10021
-0.242,10138
-0.0892,9405
-0.0225,5811
0.0356,4122
0.000521,5177
-0.105,8016
-0.0718,8229
-0.0642,6366
-0.174,9230
-0.0432,7533
-0.244,7214
-0.124,9730
0.218,802
0.0953,2284
0.244,2077
0.224,1500
-0.0331,5703
-0.139,9358
0.0044,5146
-0.0507,6638
-0.0964,8132
0.129,1855
-0.0154,5262
0.118,1413
-0.138,9286
-0.18,7354
0.0344,3738
-0.0576,6483
-0.029,6116
-0.284,10058
-0.0266,6668
-0.0614,7251
-0.0958,7660
-0.0478,7175
0.292,1276
0.155,961
0.0542,3074
-0.153,7776
-0.209,8317
-0.282,8087
0.213,443
0.0153,4481
0.206,895
0.0571,3502
-0.144,7429
-0.0973,6395
0.109,1748
0.00886,4676
0.023,4133
0.38,169
0.0912,2033
-0.0904,8586
0.0703,2768
0.198,667
0.0143,4584
1.11,1399
0.113,1965
0.307,274
-0.172,10020
0.191,1091
-0.0496,6285
0.106,2134
0.034,3524
0.117,2278
-0.058,6506
-0.0676,9094
0.0784,604
0.0367,3997
0.0973,2619
0.000233,5176
-0.189,8079
0.00794,4916
0.0251,4192
-0.0212,5255
0.000699,5199
0.0761,2590
-0.0634,6688
0.00896,4579
0.0521,3600
0.0158,4685
-0.138,7907
-0.496,8939
0.059,3739
-0.151,7599
0.0693,1946
-0.247,9000
0.426,2492
-0.0776,7125
0.202,742
0.0475,2189
0.0587,1693
-0.0215,4944
0.193,166
0.00221,5279
-0.0962,8684
0.0824,2053
0.0213,4459
-0.21,9771
-0.0017,5002
0.201,161
-0.113,7492
0.0595,2847
-0.0842,9273
0.0256,4409
0.187,1075
0.343,823
-0.0533,7455
0.025,4317
-0.212,10145
-0.172,8989
0.171,987
0.196,2869
-0.448,10374
0.252,186
-0.13,8693
0.162,1390
-0.137,8297
-0.221,8525
-0.0921,7318
-0.00208,5096
-0.0121,5708
-0.352,10062
-0.0612,6702
-0.0345,6218
-0.0489,6850
0.0446,2147
0.14,1386
-0.0634,7628
0.155,1624
-0.04,6025
0.144,2029
-0.0276,6157
0.075,2764
-0.0985,7962
0.105,1945
-0.0721,6214
-0.366,8756
0.0946,1973
0.0555,2568
-0.0635,7076
0.098,2321
0.0882,3492
-0.159,9402
0.101,2049
0.0522,1817
0.0988,3375
0.112,2333
-0.19,7863
0.0382,3599
-0.0953,8202
-0.0888,8054
0.0407,4019
-0.097,8102
0.0335,4385
-0.579,10263
-0.161,9419
-0.0611,7294
0.135,2563
0.0554,3081
-0.0295,5949
0.186,937
-0.0136,5970
0.0387,3373
-0.0455,6458
-0.0572,7373
0.0405,3790
-0.0252,5990
-0.0989,8916
-0.00671,5179
-0.185,10228
-0.217,10334
-0.118,7283
0.105,1443
0.0168,4375
0.0248,4340
0.0258,4070
0.0546,4106
0.221,1387
0.0575,1765
0.025,4078
0.318,22
-0.15,8667
-0.505,9584
-0.182,9076
0.0136,4339
0.0623,2464
-0.0126,5194
-0.0715,8192
0.0487,3337
-0.11,6935
0.0639,2557
-0.173,8753
0.323,122
0.0725,3603
0.145,2552
-0.147,6236
-0.0161,6316
-0.0774,8240
0.047,3676
-0.0276,5955
0.152,2346
0.00138,5080
0.134,767
0.0597,2742
-0.0178,5451
-0.032,5736
0.576,104
0.758,361
0.144,1928
-0.0166,5448
0.374,1168
0.0202,4306
0.247,523
0.397,1347
-0.105,7130
0.166,1755
-0.157,6241
-0.164,9495
-0.305,10098
0.0172,4718
0.0489,3323
-0.173,8360
-0.0811,7513
-0.0139,5211
0.0502,3869
0.0366,4159
-0.4,10419
0.17,1592
0.0979,3387
-0.125,8098
-0.278,9675
0.803,14
0.0575,2903
0.0879,1691
-0.0247,6060
0.092,2783
-0.00936,5603
-0.273,10049
0.0555,3845
0.185,442
-0.192,7499
-0.124,7833
-0.245,9888
-0.0784,6819
0.0364,3054
-0.0477,7514
0.0421,3854
-0.0808,7794
-0.0205,5192
-0.148,7571
-0.225,9608
0.0361,3328
-0.0306,6218
0.0547,3896
-0.086,6446
-0.0894,6996
0.0862,2053
0.107,563
-0.238,10082
0.155,996
0.074,3324
0.0539,3024
-0.0184,5596
-0.0554,7081
-0.106,6464
0.179,3186
0.071,4137
-0.0394,6675
-0.0543,8219
-0.0887,6543
0.0197,4758
0.28,1179
0.706,1113
0.0526,1885
0.000578,5228
0.696,257
0.0393,3679
-0.444,10171
0.246,729
-0.111,9083
0.0875,1747
0.0721,3014
0.204,985
-0.336,10115
0.19,1886
0.143,1470
0.151,1725
-0.745,8812
-0.097,8860
0.0113,4500
-0.21,9539
0.092,1116
-0.0236,6494
-0.0229,5297
-0.406,10183
-0.325,8140
0.0346,3723
-0.0884,6914
0.104,2605
-0.0659,6408
0.316,48
-0.00644,5105
0.0247,4399
-0.0423,6589
-0.145,9556
0.805,1680
-0.0555,7028
-0.0517,7108
-0.0294,5448
-0.108,9249
0.0156,4295
-0.493,7982
0.0582,3129
0.315,1068
-0.405,10470
0.0153,4390
0.135,1822
-0.0419,6198
-0.196,9047
-0.0744,9099
0.0125,4248
0.307,334
0.0197,4317
-0.0756,5956
0.114,2296
-0.0557,5426
-0.102,7471
0.308,183
-0.0805,8785
-0.00179,5236
-0.0366,6083
0.245,318
0.0264,2679
0.00738,4778
0.5,358
0.122,2657
-0.843,8658
0.124,2279
0.0677,3438
-0.139,6757
0.0849,2903
-0.212,9004
-0.114,7027
0.191,2272
-0.00104,4995
-0.48,9721
0.0167,4423
-0.111,7323
-0.144,8352
0.278,1914
-0.176,9475
0.0609,2482
0.0179,4313
0.0933,2427
-0.0511,7119
-0.00929,5269
-0.0735,7546
0.0793,2801
-0.109,8512
0.00657,4980
0.0343,4167
-0.417,10341
0.306,3074
0.0315,4364
0.0501,3564
-0.0445,6307
0.0375,3850
0.46,354
0.0232,4181
0.0434,3282
0.0337,632
-0.0839,7121
-0.158,7338
0.0109,4697
-0.282,10341
0.179,990
0.063,2855
-0.0484,7220
0.054,2889
0.351,562
-0.25,10030
0.016,4211
-0.171,9192
-0.119,8986
-0.077,7592
-0.07,6877
0.0815,2754
0.0311,2631
0.126,583
-0.234,10146
-0.0658,8314
0.0358,3830
-0.133,8255
0.413,76
0.0518,3465
-0.317,9796
0.122,2186
0.00244,5052
0.0509,3562
0.3,152
-0.226,9732
-0.0402,6176
-0.145,8740
-0.126,8549
-0.174,9893
-0.102,6199
-0.234,6183
0.0324,4113
-0.244,10389
-0.0125,5725
0.0839,1236
-0.526,9759
0.491,365
-0.259,8631
0.0168,4490
-0.168,10084
0.125,1474
0.0281,3438
0.14,1202
0.111,2187
0.0983,2861
-0.0613,7627
-0.0228,6912
-0.344,10097
-0.186,9179
-0.123,8451
-0.393,9840
-0.167,9746
-0.0639,7157
-0.0463,6170
-0.127,7553
-0.0367,5411
-0.0427,7102
0.0992,1885
0.00214,5288
-0.145,9557
0.242,1364
0.243,684
0.156,879
0.131,1768
0.101,1991
0.131,2234
-0.221,9339
-0.031,6118
-0.0179,5861
0.206,261
-0.198,9772
0.164,1456
-0.137,6707
0.265,176
-0.356,10348
0.335,214
0.0857,1449
-0.124,10075
-0.0392,6505
-0.201,9643
-0.178,10318
-0.248,8918
-0.0267,6277
0.0822,2864
-0.119,8495
-0.177,9449
0.0986,2005
-0.162,7265
-0.00881,5493
0.0896,3396
-0.143,8964
0.0948,2553
0.0202,4127
0.0798,1794
0.00904,4684
-0.133,9152
-0.057,6710
0.0571,1658
-0.364,10352
0.0111,4530
-0.0577,6266
-0.0221,5872
-0.22,10039
-0.287,9507
-0.187,8774
-0.202,9593
-0.0955,7496
-0.266,10152
-0.2,5885
0.064,3300
0.0318,3490
-0.209,9375
-0.346,10369
-0.0814,8410
0.0478,3645
-0.139,9438
0.0488,4235
0.141,1030
0.0298,4001
-0.116,6489
0.422,669
-0.0238,5861
0.0548,3198
0.136,1773
0.134,1808
0.114,1763
-0.439,10419
0.0206,4566
0.194,486
0.062,2206
-0.129,7225
-0.0395,5635
-0.00883,5189
0.138,1223
-0.0496,6937
0.00669,4719
-0.0715,7638
-0.0689,6851
-0.126,8048
-0.269,9925
-0.0629,8507
0.269,196
-0.187,8939
0.056,3065
0.0255,4276
0.143,2557
0.0358,4102
-0.0129,5593
-0.492,9470
-0.0313,5631
-0.302,9820
-0.19,10120
0.266,797
0.153,1129
-0.0921,7555
0.078,2718
-0.0791,7457
-0.169,8304
0.00167,4806
-0.102,9153
-0.0289,5692
-0.377,10129
-0.0405,5439
-0.159,9390
-0.0269,6448
0.0907,2370
-0.121,8854
0.157,1970
0.169,772
0.469,25
0.42,50
-0.0525,7339
-0.0955,6435
0.00887,4971
-0.00169,4952
-0.104,6481
0.0756,2170
-0.261,10457
-0.149,9076
0.0979,2312
0.0053,4921
-0.0575,7060
-0.0411,6569
-0.0576,6973
0.0707,2749
-0.0148,5354
-0.174,7363
-0.103,9388
-0.0217,4861
-0.236,10406
0.00287,4863
0.0106,4953
0.331,899
-0.284,8992
-0.0912,7550
0.0842,2115
0.484,1234
0.0537,3603
0.00154,4986
0.0964,2223
-0.0381,7517
-0.0509,8006
-0.0528,6253
-0.247,8755
0.00685,4828
-0.166,8425
0.0652,2775
0.276,20
-0.178,9628
0.00462,4800
0.0686,3843
0.171,1589
-0.0153,5459
0.174,243
0.0258,4480
0.133,1327
0.117,3272
0.138,2433
-0.0985,9532
-0.0685,7538
0.156,721
0.357,121
0.0284,3679
0.122,1378
-0.095,8451
-0.183,9749
0.169,1222
0.00605,4758
0.126,3300
-0.00526,5034
-0.091,9391
-0.113,8276
-0.0246,6949
-0.0159,5176
0.165,1030
0.137,1113
-0.0991,7756
0.0159,4549
0.568,870
-0.118,7352
-0.108,7897
-0.464,10207
-0.00424,5488
-0.0187,5279
-0.179,8232
-0.0561,8360
0.178,924
0.48,393
0.0147,4254
0.0759,1015
-0.0222,5613
-0.0405,5098
-0.0458,6527
0.13,1604
0.0027,4906
-0.000156,5045
0.0839,2574
-0.351,10344
-0.224,6942
-0.0767,6361
0.489,72
-0.146,8925
0.00336,5247
-0.257,10213
0.134,1547
0.0725,3225
0.0157,4420
0.019,4041
-0.356,9833
0.107,2093
0.328,559
0.0053,4762
0.00601,4748
0.0913,2204
0.0693,3221
0.0152,4661
-0.74,10428
-0.354,9458
-0.0877,7646
-0.0648,9663
0.109,2296
-0.091,8627
-0.14,8779
0.00575,4835
-0.0748,6752
-0.0771,7741
0.242,1286
-0.0313,5722
-0.159,8606
0.00388,5011
-0.0493,7061
-0.0562,7468
0.0984,2044
0.0237,4490
-0.193,9363
-0.154,8183
0.046,3084
-0.147,10255
0.00415,4721
0.167,1748
-0.0129,5085
-0.0777,7589
0.0475,3073
0.0525,2970
-0.112,7833
0.0161,4686
0.236,572
-0.112,6071
-0.159,8682
0.00593,4843
-0.0723,7574
-0.24,9955
0.0713,2532
-0.00717,5788
-0.0607,8394
0.0166,4284
-0.12,9630
-0.314,9596
-0.0322,5788
-0.149,9995
0.172,1653
-0.154,9304
-0.0145,5388
0.0387,3591
-0.0984,7047
0.0263,4551
-0.125,8832
-0.0929,9962
-0.0646,6792
0.0903,2750
-0.206,8180
-0.18,9834
-0.148,8518
-0.0739,8399
0.0366,4314
0.152,1977
0.0553,4142
-0.0418,5548
0.143,1078
-0.0869,8456
0.0725,3736
-0.188,8012
0.00315,4816
-0.0579,7502
-0.392,9912
-0.112,9034
0.146,1392
-0.256,10333
-0.0838,7822
0.193,1660
-0.122,8381
-0.0136,5601
0.164,1287
-0.0199,5315
-0.0186,5430
-0.0222,5361
0.0485,3135
0.0876,3013
0.0142,4408
-0.147,8485
0.0831,2465
-0.181,9346
0.197,44
0.0945,1397
0.0975,2662
0.382,977
-0.0995,7332
-0.213,9577
0.157,26
-0.0319,6385
-0.242,8627
0.00295,4924
-0.219,9302
0.0918,2777
0.0905,2941
-0.0298,6907
-0.0244,5937
-0.288,8320
0.0934,3126
0.264,731
0.142,2062
0.293,85
-0.251,10306
-0.302,9171
-0.0874,6776
0.0794,2421
0.0266,4364
-0.0385,6879
0.178,733
0.285,356
0.056,3801
0.129,1475
0.0321,3746
0.077,1927
-0.098,7365
-0.134,8050
-0.159,7911
0.171,1874
-0.0459,7718
-0.0731,7890
0.0145,4414
-0.0697,6218
-0.29,9540
-0.192,8555
-0.0539,7172
-0.0169,5455
-0.0581,6321
0.186,490
0.185,2574
-0.0673,8271
0.0415,3393
-0.143,9410
-0.169,8833
0.0109,4697
-0.0066,4849
0.197,1343
-0.0714,7858
-0.00395,5475
0.137,2177
0.0896,2402
-0.121,8373
0.204,2076
-0.102,9466
-0.115,9517
0.00256,5020
-0.146,8834
-0.332,9733
-0.0469,5525
0.152,2236
-0.156,10215
0.044,4244
-0.0348,6502
0.102,2718
0.0585,4309
-0.0455,7948
0.163,717
0.0894,3638
0.0959,2346
0.0303,4063
-0.093,8020
0.105,675
0.0205,4131
0.0109,4783
0.0841,3491
0.0673,3464
0.0589,3553
-0.0627,10044
0.168,237
-0.215,9382
-0.129,9082
-0.484,9039
-0.306,9037
-0.0139,5399
0.0079,4810
-0.253,10284
-0.261,9857
0.0953,1968
-0.402,9650
-0.0495,7345
0.11,1138
0.0645,3272
-0.0122,5106
-0.0613,6184
-0.0808,6749
0.0667,2944
0.265,2748
0.141,2075
0.0512,3582
-0.0241,5903
-0.113,8382
-0.0615,7663
-0.173,9612
0.018,4159
0.253,518
0.0144,4776
0.0435,4050
0.0298,4255
-0.152,9703
-0.0913,8919
-0.327,9085
0.00893,4537
0.0554,3817
0.0389,3474
-0.00432,5335
-0.169,9320
-0.148,7348
0.436,353
-0.0882,8487
-0.24,9383
0.463,306
-0.102,8185
-0.00914,5167
0.222,31
-0.0679,8229
0.0224,4171
-0.0888,9132
-0.0598,6792
0.0569,3801
0.0644,3844
-0.0516,6150
0.124,3112
0.201,2480
0.771,9
-0.216,8374
-0.00349,5332
-0.117,8562
0.116,3127
-0.152,8403
-0.0528,5693
0.0694,3232
-0.201,9836
-0.392,10432
-0.0437,7744
0.0591,2859
0.307,45
-0.067,7565
-0.0566,7618
-0.0781,8297
-0.126,6474
-0.206,6137
0.0121,4562
-0.231,9377
-0.0149,5787
0.112,1757
-0.159,7313
0.603,228
-0.227,8825
-0.05,6279
5.82e-05,5331
0.18,1065
-0.164,8003
0.0635,2484
0.729,1327
0.157,1134
0.107,2158
0.119,1891
0.0281,4361
-0.129,9912
0.331,938
0.189,2794
-0.00847,5753
-0.0144,5391
-0.105,7486
-0.0976,6831
-0.111,8916
0.374,1840
0.146,465
0.288,69
-0.307,10313
0.0595,3060
-0.0754,7156
0.191,2885
0.11,1390
-0.0458,6636
-0.23,9302
-0.0676,7535
-0.0186,5462
-0.35,10396
-0.0959,9042
0.014,4686
-0.102,8233
0.111,2543
-0.559,10462
0.066,4072
0.379,203
-0.207,8914
0.202,1149
-0.25,8184
-0.0915,7195
-0.227,9495
-0.0632,8132
-0.00203,4587
0.327,1538
-0.0192,6314
0.0749,3288
-0.0283,6357
0.0361,3247
0.0859,2870
0.337,489
0.37,454
0.0986,3119
0.111,1011
-0.0236,6034
0.108,1715
-0.694,9597
-0.0554,6349
-0.173,7399
-0.0983,8285
-0.111,9096
0.305,530
-0.194,9189
-0.048,6288
0.275,808
-0.182,8626
0.0226,3883
0.0444,4291
-0.258,9965
-0.151,8080
0.421,525
-0.12,8146
-0.0558,8662
0.0914,3135
0.0133,4719
0.0485,3941
0.0122,4720
-0.0378,6566
-0.0797,6944
0.0668,3476
-0.165,8310
0.0371,3967
-0.0419,7003
-0.238,10351
-0.037,6375
-0.234,10211
-0.0358,6979
0.462,73
-0.13,9665
0.0974,1905
0.251,264
-0.0861,7076
0.0323,3980
-0.198,7562
-0.0208,5591
0.00303,4889
-0.0959,7872
-0.135,9192
-0.0316,6174
-0.1,6411
0.174,1006
-0.0302,6978
0.0252,4279
-0.0813,8144
-0.107,8454
-0.0659,7796
0.18,2285
0.114,692
0.157,1446
0.0627,4320
-0.0903,6975
-0.311,9352
0.426,874
0.161,356
0.271,624
-0.126,9895
-0.126,7139
-0.134,7332
0.0102,5045
-0.0613,6508
0.0481,3123
-0.189,9796
-0.0415,6164
1.1,236
-0.041,6945
-0.0458,7630
0.165,656
0.0299,4057
-0.0383,5582
-0.294,9834
0.193,2926
-0.0461,7853
-0.0783,7123
0.0492,3957
0.0959,3079
-0.172,10283
-0.0164,5798
0.256,179
-0.105,8862
0.109,1885
-0.102,8383
-0.248,8528
0.257,483
0.136,2690
0.0494,4182
-0.32,6496
0.133,2790
0.103,1993
-0.205,9618
0.464,93
0.231,2364
-0.0343,7631
-0.00794,5271
0.05,3490
0.0456,1882
-0.0737,6813
-0.0553,7121
0.0168,4655
-0.241,10051
-0.00145,4913
0.273,187
-0.0377,6036
-0.304,8857
-0.379,9777
-0.168,9444
-0.00196,5182
0.0135,4624
-0.789,8816
-0.115,7678
0.17,2497
-0.221,9725
-0.134,9827
-0.009,5669
1.03,1427
0.0448,3949
0.139,1959
-0.0286,5845
0.0814,1269
0.158,519
0.00653,4914
0.178,756
-0.0367,6205
0.0553,2494
0.0892,2387
-0.00947,5470
-0.0113,5151
-0.0415,6571
-0.177,8308
-0.0135,5230
0.0103,4854
-0.0974,9911
-0.108,8213
-0.0496,8132
-0.228,8605
0.0206,4726
0.0491,2599
-0.00321,5299
0.0691,2921
0.0849,3302
-0.273,8953
0.0801,2929
-0.153,8920
-0.11,9498
0.0464,3808
-0.141,8954
0.0708,3062
-0.0716,7431
0.152,857
0.615,0
-0.127,7981
-0.212,10019
0.0435,3360
0.222,1820
-0.0505,8156
-0.0232,5919
-0.202,9874
-0.00339,5151
0.279,349
-0.496,10366
0.104,1476
0.136,1366
-0.0917,7415
0.0151,4636
-0.044,6352
-0.0497,7121
0.174,823
0.0449,3296
-0.489,10165
-0.0739,7514
-0.167,9183
-0.0397,5542
0.0604,3143
-0.0699,8122
-0.259,10252
-0.127,8747
-0.0196,5173
-0.132,9669
-0.0396,6381
-0.00364,5252
-0.107,7660
-0.178,8642
-0.133,7847
-0.229,9915
-0.0721,7724
-0.124,7874
0.166,1729
0.253,1180
0.0141,4250
-0.0234,6009
0.0854,1967
0.169,1946
-0.0959,6920
0.219,2196
0.0465,3867
0.154,1795
-0.0258,5655
-0.106,6872
-0.059,7142
-0.0347,5867
0.209,2033
0.0207,4013
0.0516,3923
0.00321,4955
-0.115,6796
0.106,3029
0.132,2010
0.0458,3015
0.175,605
0.0662,3561
0.112,2649
0.0316,4042
-0.0116,5384
0.137,1757
-0.00445,4936
0.144,2108
-0.117,7277
0.121,2140
-0.222,9983
-0.124,7581
0.156,1573
0.265,494
-0.223,9591
0.116,2888
-0.0993,7475
-0.194,10250
0.162,1257
-0.121,9006
0.0269,4005
0.00875,4777
-0.0693,8079
-0.0552,7660
-0.0532,7126
-0.0538,7271
-0.168,9312
-0.00568,5406
0.204,1128
0.032,3536
-0.0711,8380
-0.102,7700
0.204,1986
-0.0689,6104
-0.157,8391
-0.0522,6602
0.0299,2689
0.044,3851
-0.0578,6426
-0.108,8540
0.384,656
-0.0746,6390
-0.0413,7284
-0.0752,7531
-0.0645,7111
0.111,3094
0.266,347
-0.00837,5361
-0.0456,6278
0.128,2033
-0.225,9515
0.0165,4407
-0.0738,6349
0.0793,1215
0.0773,1426
-0.296,9428
-0.00134,4989
-0.411,10154
0.118,3345
-0.0377,6507
-0.0285,5790
-0.317,9929
0.0745,2922
0.0556,3731
0.117,2580
-0.0139,5832
-0.0186,5821
0.0762,2738
-0.0876,8312
-0.24,8956
0.425,2059
0.224,934
-0.118,9282
0.057,3240
0.0393,3959
-0.1,7276
-0.114,9503
-0.0842,7844
-0.0792,7313
0.183,934
-0.199,10043
-0.0875,7531
-0.609,9876
0.126,954
0.277,190
1.66,284
1.49,29
-0.03,5883
0.146,2649
-0.0407,6088
-0.106,8717
-0.173,7889
-0.2,8980
0.0255,4300
0.13,1691
-0.0751,7656
0.0298,3240
0.0173,4594
0.151,2209
-0.251,9196
-0.0897,7269
-0.0476,7523
0.00444,4696
-0.316,9148
-0.0565,6105
0.304,474
0.147,1385
-0.0802,8089
0.12,2415
-0.291,10137
-0.091,7513
-0.18,6805
-0.00609,5303
0.283,1414
-0.139,9971
0.0378,3516
0.195,1540
-0.0455,6639
0.137,1539
0.0757,1927
0.00735,4628
0.028,4099
-0.28,9873
0.441,369
-0.272,9909
-0.00483,5182
-0.173,9944
-0.136,7778
-0.303,10331
0.2,301
-0.0623,7545
-0.0312,6492
-0.0411,6296
-0.0152,5868
0.0422,3440
0.0335,3269
-0.00287,5136
0.0241,4059
0.0756,2034
-0.00392,5468
0.197,1935
-0.0305,7115
0.17,1597
-0.226,10122
-0.0744,6645
-0.00221,4964
0.21,1059
0.0462,3363
-0.141,9393
-0.134,9871
-0.0685,8574
-0.142,8459
0.109,2438
0.384,672
-0.408,9860
0.059,1952
-0.147,10362
-0.187,9588
-0.236,9662
0.0168,4260
0.0221,4449
-0.0754,7973
0.0589,3507
-0.24,7068
-0.0796,6028
0.0602,3837
-0.177,7431
0.495,511
-0.114,8547
3.45,15
2.93,199
-0.239,8544
-0.277,6830
0.087,3325
0.0943,3131
-0.099,6964
0.127,2919
-0.0573,7667
-0.0141,5627
0.00198,4891
0.0464,3537
0.448,1113
0.267,692
0.0549,2714
0.291,201
-0.16,9637
0.193,535
-0.0108,5098
-0.175,9581
-0.0483,8637
0.0457,3668
0.0693,3540
0.0549,4059
-0.00222,5409
0.017,4059
-0.0528,6473
0.0684,3788
0.0541,3843
-0.105,6763
0.151,2792
-0.0559,9719
0.00413,4787
-0.294,10234
-0.162,8735
-0.0648,7165
0.251,1045
0.253,687
0.0785,2087
0.034,3941
-0.257,10165
0.0727,2400
-0.0396,5927
0.17,449
-0.00318,5362
-0.023,6325
-0.0181,5757
0.27,1078
0.108,2668
0.0671,3747
0.00017,5215
0.0506,2669
-0.00893,5384
-0.475,10338
-0.0954,8415
-0.126,8888
-0.0162,5807
0.00402,5088
-0.0408,6891
-0.187,8670
-0.0215,5838
0.0807,3199
0.146,1188
-0.0402,7618
-0.122,9190
-0.0149,5840
0.105,3270
0.0405,3866
-0.00808,5545
0.245,552
-0.0184,5618
0.113,1927
-0.0137,5647
-0.0161,6012
0.211,2224
-0.0791,7365
0.188,1068
0.107,2225
0.477,997
-0.0493,6290
-0.0678,8237
-0.118,9786
-0.146,7963
-0.316,10321
0.0496,3754
0.0101,4559
0.261,207
0.0154,4449
0.0918,1955
-0.0926,7749
0.0214,4220
0.171,2481
0.177,1408
-0.0596,7488
0.324,370
0.0158,4401
0.23,2313
-0.175,7640
0.105,1811
-0.118,9730
-0.265,10269
-0.0356,6515
0.125,2042
-0.0116,5285
-0.384,10124
0.247,59
-0.0224,5848
-0.234,9648
-0.107,7968
-0.141,7810
0.0212,4506
0.143,1594
-0.0176,5709
0.0701,3406
0.0888,3497
-0.231,9283
-0.124,10308
-0.387,9555
0.136,2166
-0.179,9809
-0.173,8358
0.0742,3994
0.0548,2165
0.0509,2811
0.0145,4723
0.159,2907
0.00259,4863
0.363,1429
0.0267,4063
0.207,267
-0.096,7538
-0.074,7980
0.0881,3118
-0.0593,7145
-0.115,7573
-0.279,10253
-0.0719,6849
-0.157,8352
-0.0355,6022
0.05,2981
0.0281,4291
-0.104,7451
-0.216,10010
0.0171,4628
0.0672,3490
-0.192,9472
-0.0729,5735
0.0251,3907
-0.0697,8105
-0.152,10159
-0.154,7336
0.148,2619
-0.011,5518
0.061,2273
0.438,876
-0.102,9096
-0.0825,7219
0.32,308
-0.391,10289
-0.0768,10286
-0.0446,6553
0.0331,4362
-0.394,9927
-0.217,8823
0.0228,4519
0.00493,4263
-0.0238,5971
0.0836,2817
0.0314,4131
-0.0936,8113
-0.0544,6860
-0.197,9992
-0.158,7497
0.0738,2802
-0.0747,6875
0.119,2147
-0.127,7559
-0.0639,8265
0.192,911
0.181,1698
-0.0681,7599
0.046,3725
0.102,2829
-0.0618,7140
-0.196,9842
-0.0846,7437
-0.524,10153
0.0362,3874
0.0637,1593
0.0292,3295
0.374,448
-0.0571,6663
-0.0207,5994
-0.00811,5340
-0.0791,8912
-0.126,9864
-0.195,9519
-0.0868,7375
0.0172,4594
-0.0135,5456
0.519,458
0.0319,3534
0.0905,2524
0.119,2936
0.107,3794
-0.266,10047
0.0463,3727
-0.0202,6126
-0.0558,6969
-0.181,10005
-0.0428,5758
0.0906,2653
0.0125,4525
-0.05,7065
0.219,3167
-0.0796,7125
-0.164,9656
-0.0307,5480
0.0448,3465
0.00766,4896
-0.129,8164
-0.0421,5761
0.235,767
-0.0286,5896
0.247,87
-0.0809,8699
-0.13,6977
-0.139,7705
0.025,4233
-0.541,7343
0.0576,1976
-0.064,7373
-0.444,8731
0.00123,5275
-0.0464,6219
0.335,1942
-0.0595,6513
-0.046,6543
0.137,718
-0.161,9248
-0.0389,6016
0.00731,4780
-0.0535,6672
-0.16,8554
0.12,2510
-0.129,8872
-0.323,9606
0.16,1546
-0.122,9661
0.00407,5027
0.0969,2917
-0.016,5980
0.0406,4250
0.19,2471
-0.041,6541
0.267,1143
0.0228,4384
0.189,2010
-0.194,9287
-0.011,5869
-0.0385,7565
0.151,337
-0.00568,5197
-0.356,10019
-0.126,9457
-0.128,7088
-0.0802,7931
0.166,1414
0.0129,4556
0.0781,3575
-0.0194,6252
0.316,184
-0.0388,5620
-0.0241,5642
-0.134,9146
-0.122,6082
-0.00411,5208
0.754,1656
0.121,1243
0.012,4503
0.0142,4903
-0.152,8952
-0.0692,6503
-0.686,8910
-0.00656,5483
-0.116,5821
-0.173,9651
-0.0445,6619
-0.241,4916
-0.071,6095
0.0671,2462
-0.24,10110
0.235,437
0.0361,3687
0.0441,3085
0.305,317
-0.119,8755
0.00164,4838
0.134,2054
-0.00171,4803
1.28,582
-0.0695,5996
-0.0119,5709
0.0317,3433
0.694,182
-0.159,7520
0.22,579
0.0822,3096
0.025,4050
-0.0403,6897
-0.0032,5409
0.0373,4074
1.4,47
-0.137,7251
0.0363,3208
0.0171,4586
-0.154,7169
0.185,1809
-0.0963,7740
-0.00759,5139
0.242,66
-0.0247,5950
-0.0193,5539
-0.13,9496
0.0226,4035
0.144,1455
0.168,669
-0.136,8306
-0.0593,5967
-0.0048,5327
-0.0522,7063
0.0427,3757
-0.0916,7659
-0.0224,5357
0.132,1797
-0.0815,8318
-0.0429,7181
0.275,1005
-0.02,5758
-0.0338,6072
-0.0183,5426
0.134,3303
-0.188,10000
0.206,1364
0.166,839
0.118,2826
0.231,1103
-0.0449,6879
-0.11,8504
0.161,2479
0.0499,3882
0.237,353
0.183,2225
0.0156,4248
-0.0728,7481
0.652,1383
-0.156,8911
0.195,1947
0.0274,4236
-0.0724,9133
-0.026,6164
-0.311,10032
-0.0946,7380
0.163,745
-0.0879,7178
-0.0772,7500
0.107,2305
0.112,2779
0.0284,4414
-0.00231,5294
-0.0972,8373
-0.0518,6543
0.112,513
-0.0776,7640
0.147,1244
-0.306,10231
-0.12,9662
-0.134,8073
-0.0411,7469
-0.0859,5281
0.000233,4916
0.0685,4180
0.069,3343
-0.0505,7286
0.0149,4456
0.104,1170
-0.159,9469
0.0536,3849
0.0302,3863
-0.059,8792
-0.155,8163
0.475,61
0.342,977
-0.166,7901
-0.126,7911
0.137,2335
0.0087,4670
-0.0485,6543
0.00819,4829
0.0305,3711
-0.035,6739
0.262,346
-0.141,8755
-0.174,8574
0.0941,3483
0.0468,3262
0.072,2911
-0.0236,6069
-0.11,7599
-0.0691,6607
0.0755,3179
-0.384,9722
0.0314,3690
-0.137,8473
0.174,1041
0.0872,3431
0.0956,2165
0.119,233
0.0735,3834
0.0626,2742
-0.0279,6213
0.046,3422
-0.0709,6778
0.0916,932
0.0328,3997
0.0122,4826
-0.0637,6179
0.168,1571
-0.176,7274
-0.0916,8265
-0.0454,5963
-0.0498,6469
0.0728,2349
-0.2,9030
0.107,3039
0.0845,1434
0.101,2696
-0.0289,5711
-0.22,8874
-0.211,7719
0.078,3471
-0.0969,8346
-0.137,8046
0.271,1210
-0.116,8404
0.179,2193
-0.0919,6606
-0.235,9670
-0.0388,6992
-0.0341,7080
-0.102,8047
0.114,2258
-0.425,10243
0.0132,4370
-0.0523,7406
0.042,4053
0.218,1197
-0.157,6547
0.362,768
-0.0921,8531
-0.0554,7168
-0.549,10456
-0.181,9577
-0.0753,6879
0.1,762
0.211,172
-0.152,8883
-0.0188,5581
-0.0231,6028
0.0673,3208
-0.0657,7972
-0.333,10354
-0.0879,7963
-0.0348,6961
0.265,935
0.195,2750
0.391,966
0.16,439
-0.0307,6404
0.12,1586
-0.185,8336
-0.244,9615
-0.519,10050
0.00418,5044
0.0189,3812
-0.0729,6129
-0.166,7999
0.454,23
-0.0695,7469
-0.302,10192
-0.0896,8467
0.303,240
0.222,1356
-0.184,9456
0.244,523
-0.258,9084
-0.0319,6194
-0.0476,7319
0.123,1087
-0.0135,5304
-0.102,7097
0.194,225
0.0211,4290
0.108,2151
0.168,1778
-0.116,8998
-0.366,9553
0.0159,4526
0.0677,2665
0.00659,4592
-0.171,10065
-0.0644,6039
0.169,697
-0.0275,5782
-0.126,9410
1.07,1305
0.0273,4358
-0.201,9503
0.121,2963
0.159,2172
-0.0898,8097
-0.0996,6944
-0.293,6027
0.0163,4650
-0.109,9805
0.0741,1254
-0.0234,5771
0.0417,2765
0.0173,4566
0.11,3147
0.00638,4767
-0.0187,5745
-0.0797,7017
-0.154,6829
0.0271,4318
0.202,2040
0.0558,2982
-0.00305,5343
0.0128,4702
0.155,1954
0.0901,3344
-0.168,8487
0.4,49
0.0224,3579
-0.0566,6339
-0.377,10460
0.0594,2942
0.183,2447
0.0782,3083
0.0425,3027
-0.151,9048
0.211,1515
-0.00421,5178
-0.622,8063
-0.131,9219
0.042,3082
-0.0556,7049
0.0379,4044
0.12,2596
0.109,1168
0.0243,4190
-0.00213,5255
-0.106,8674
-0.148,8469
-0.176,8573
-0.0102,5233
0.183,1353
-0.00509,5669
-0.0345,6123
0.026,4488
-0.164,9034
-0.00433,5313
0.0184,4266
-0.0234,6076
-0.0574,7215
0.192,1159
0.0891,2598
0.0226,4114
-0.089,8846
0.0341,3836
0.0136,4539
-0.18,9723
-0.0766,7785
-0.242,8438
-0.149,8822
0.0217,3709
-0.0146,5758
0.0756,2928
-0.228,8909
-0.274,9949
-0.0412,6108
-0.00964,5492
0.217,517
0.0744,3544
-0.0807,7870
-0.0939,6827
0.169,2352
0.106,1229
0.129,1911
-0.0344,5434
0.0292,3868
0.133,2254
-0.206,9595
0.0129,4789
-0.144,8376
-0.167,9558
0.0542,2570
-0.208,9860
-0.368,10376
-0.201,9428
0.047,4109
0.0811,3848
-0.198,8404
-0.0187,6319
0.0327,3803
0.172,557
-0.297,9015
-0.413,9883
-0.0627,7643
-0.0131,5750
-0.0519,6474
0.0767,2835
1.01,686
-0.255,8900
-0.292,9929
-0.000321,5265
-0.0244,5899
0.295,158
-0.0689,7250
-0.203,8786
-0.112,7305
-0.258,9504
-0.0063,5623
0.0865,2030
0.311,1000
-0.0304,5817
0.0645,2884
-0.154,9747
-0.193,9637
-0.224,10261
0.0905,1553
0.202,867
-0.0103,5686
0.154,1265
0.0932,2431
0.23,810
-0.139,6727
-0.0783,7293
-0.143,8899
-0.0609,6954
-0.14,8091
0.024,4531
-0.072,7071
-0.182,7361
-0.0793,7951
0.0958,2490
0.0232,4370
0.0837,2165
0.0475,3759
-0.245,9631
0.0297,3182
0.0548,3357
0.721,398
0.358,1769
0.0589,2157
-0.119,8873
-0.0127,5441
-0.0893,9495
0.077,2301
-0.124,9427
0.0228,4072
-0.0294,5456
0.0144,4827
-0.0277,7215
-0.0925,6976
0.0928,2913
-0.0688,6379
-0.0941,7068
-0.0725,7410
0.0606,3320
-0.198,8387
-0.127,8498
0.0635,3944
0.109,3165
0.0307,4011
-0.181,9264
0.124,1786
-0.115,7196
-0.136,5942
-0.00423,4644
0.157,778
-0.0942,6649
-0.268,5765
1.1,407
0.0994,3661
-0.0224,5612
-0.0413,6353
-0.00428,5353
0.167,551
-0.137,7797
0.156,1056
-0.104,8067
0.0576,2804
0.0705,2426
0.13,1086
0.0293,3826
0.0243,4183
-0.12,7025
-0.063,8799
-0.0728,9334
-0.0458,6801
-0.122,6866
0.19,830
-0.179,8732
-0.0174,5653
-0.0315,6958
0.169,1324
0.0013,5125
0.0703,2127
0.26,1376
-0.0244,6206
-0.00137,5274
-0.012,5406
-0.117,8490
0.288,1368
0.191,1239
0.082,2150
0.228,171
-0.157,8433
-0.0508,6823
-0.256,8358
0.0132,4666
-0.167,9922
-0.134,8289
0.0238,4044
-0.153,8360
0.0696,3179
-0.119,9853
0.125,2330
-0.104,7885
0.15,2219
0.0669,3044
-0.0262,5685
-0.114,7673
-0.0274,6058
0.112,1435
-0.175,9255
-0.178,8680
-0.074,6390
0.45,306
-0.083,9065
-0.15,10368
0.179,2183
0.325,1918
-0.325,9881
0.176,1583
-0.0761,7280
-0.105,6426
0.0798,2728
0.332,310
0.0995,1857
-0.166,8079
-0.101,6897
0.0164,4382
-0.0271,6081
-0.101,8253
0.0726,3319
-0.27,8021
0.0988,2009
-0.0501,6545
0.0219,3876
-0.206,9236
0.0665,3958
-0.149,9603
-0.0282,5580
-0.173,10116
0.609,664
0.305,684
-0.125,8870
0.122,1959
0.0532,2242
-0.124,9400
-0.0214,5910
0.00618,4867
0.149,2827
-0.144,8513
0.0193,4328
-0.102,8687
0.116,2832
0.00401,4961
-0.198,9209
-0.175,8977
0.124,1552
-0.168,8216
-0.0197,6161
0.0295,3714
-0.176,10063
-0.0822,8885
0.0824,1216
0.0265,3510
0.11,1634
0.0793,3559
0.424,154
-0.147,8828
-0.0482,8767
-0.00434,4921
-0.135,10256
-0.168,8155
-0.446,9930
0.0391,3904
0.203,1552
0.255,283
0.305,1201
-0.247,10426
-0.0237,6322
-0.403,10305
0.103,1887
-0.0144,5463
-0.127,8937
-0.0617,6769
-0.0235,5484
-0.0782,8206
0.136,418
0.0773,1573
0.0105,4325
0.0211,4138
-0.433,9669
0.00465,4880
-0.0314,6578
-0.131,9374
0.0369,3985
0.106,3094
-0.0312,6096
0.0392,3998
-0.114,8947
-0.0717,6860
-0.036,6342
-0.255,9800
0.0209,4131
0.107,1381
0.0444,3501
0.147,2073
-0.15,9064
-0.225,9994
-0.0996,8702
-0.0726,7254
-0.101,8269
0.0429,4011
0.345,1678
-0.0378,5356
0.186,1158
0.229,1758
-0.279,9881
0.0707,2486
-0.39,9427
0.146,2244
0.218,1091
0.119,2745
0.116,1465
-0.00666,5388
-0.00999,5394
0.334,267
0.0759,3232
-0.455,10429
0.042,3235
-0.203,9651
-0.0803,7405
-0.132,8791
0.248,30
0.0754,3639
-0.0147,5584
0.0352,3290
-0.345,10420
0.0619,3279
-0.0607,6852
0.00596,4732
0.0173,4517
0.292,1019
0.0959,2778
0.1,2390
0.0567,4170
0.114,2820
-0.0299,6116
0.0234,4470
-0.0913,8316
0.645,76
0.0582,3533
0.0985,2362
0.13,1667
0.0583,2784
0.0341,3855
-0.0522,6815
-0.0122,5638
-0.00398,5085
-0.0155,5556
0.0949,777
0.0646,3545
0.0176,4131
-0.0038,5428
0.338,389
-0.173,7907
0.0585,3507
0.278,420
-0.386,10368
-0.28,9439
-0.0708,6826
0.0757,1393
0.0369,3492
0.00317,4985
0.318,665
-0.0724,8093
-0.000318,5131
0.00523,4395
-0.0615,9314
0.0684,2508
-0.109,7299
-0.0304,6137
0.0269,4087
-0.0507,6955
-0.114,9536
-0.158,9075
-0.0269,6044
-0.233,8354
-0.379,8902
0.115,1866
-0.125,7176
-0.00843,5240
-0.137,7904
0.103,2293
0.0629,3454
0.112,2514
0.222,189
-0.782,9251
-0.182,8674
0.262,1464
-0.215,8563
0.0413,2529
-0.078,7581
0.0397,4014
-0.063,7375
-0.0776,7474
-0.184,8513
0.0575,2372
0.0133,4499
0.0392,3301
-0.127,7054
-0.00404,5290
0.549,834
-0.0219,6220
0.125,1649
0.153,2073
-0.0481,6273
0.509,271
-0.185,8077
0.0491,3332
0.0525,3482
0.09,3330
0.0249,4005
-0.0599,6909
-0.0786,6790
0.172,320
-0.0878,10391
-0.321,9563
-0.296,9281
0.341,387
-0.0886,7717
0.0147,3878
-0.271,10202
0.0692,2957
0.0312,3658
-0.08,7288
0.0202,4346
0.0104,4557
0.0544,3677
0.0245,4219
-0.127,9300
0.477,127
0.174,474
-0.0267,6301
0.0528,2193
0.898,96
0.0381,3637
0.327,2662
-0.004,5407
0.3,754
-0.125,9645
-0.0134,5638
0.167,639
-0.212,7528
-0.0557,6017
-0.139,9868
-0.0692,7634
-0.125,9183
-0.0256,5257
-0.195,8198
-0.132,7310
-0.0852,7459
-0.0458,7055
0.0433,3390
0.141,1411
-0.0329,6323
-0.104,6915
0.0644,2480
-0.0177,6173
-0.0168,5091
-0.0952,7927
-0.274,9908
-0.182,9942
-0.105,9215
-0.092,6985
0.0773,3165
0.177,1469
-0.119,7401
0.345,687
-0.125,8713
-0.111,9913
0.456,610
0.0409,4108
0.0878,3115
0.0738,3106
-0.0861,7128
0.0362,3556
-0.324,10326
0.225,1269
-0.319,9916
-0.0282,5739
-0.0126,5490
-0.182,8697
0.0961,3416
0.00653,4771
1,102
-0.241,9752
-0.112,9201
-0.00143,5204
-0.0207,5475
-0.261,10200
0.0498,2957
-0.116,8201
-0.153,9247
-0.0471,5993
0.0609,3027
0.0774,2955
0.149,584
0.352,131
0.0513,3091
-0.00271,5113
0.00994,4644
-0.0176,5367
0.0999,3924
-0.0707,5451
0.0933,2535
0.299,446
-0.0198,5514
0.191,951
-0.0334,6174
0.11,2809
0.071,2262
-0.137,9326
0.0458,3814
-0.112,7086
0.102,498
-0.062,6197
-0.104,7406
0.00617,4875
-0.186,8898
-0.0755,7454
0.111,2087
-0.161,6115
-0.138,9284
-0.0949,9374
0.0621,3322
0.196,249
0.144,1522
-0.109,7403
0.0238,3612
0.0651,2137
-0.154,9379
-0.0647,7847
0.148,3210
0.163,3181
0.0594,2990
-0.154,9795
0.00258,4839
0.231,2187
0.134,3576
-0.274,9057
0.421,930
-0.611,10140
0.151,1056
-0.0455,6330
0.497,73
-0.388,10250
-0.0228,5734
-0.12,9060
-0.142,8981
0.0274,3929
-0.183,8203
0.0953,3007
-0.0637,8116
-0.352,10411
0.127,2019
-0.00755,5321
-0.0287,6521
0.152,1718
0.0166,3953
0.185,160
-0.00155,5239
0.529,109
-0.171,9825
0.27,1178
-0.0778,8098
-0.235,10388
0.0937,3617
0.333,763
0.336,443
-0.0327,6823
-0.344,9406
-0.17,9345
-0.0535,7412
0.0281,4140
-0.126,7046
-0.162,8969
-0.0422,6821
0.191,862
-0.00928,5477
0.151,1042
0.0971,2226
-0.0173,5957
0.0939,1713
-0.284,9979
0.0446,4111
-0.123,6211
-0.0702,7247
-0.127,8815
-0.0438,7126
0.027,3942
-0.0244,5812
-0.0294,6003
-0.0979,6873
0.094,3080
0.0525,3280
-0.0669,6903
0.248,1687
-0.0086,5119
-0.0962,6668
0.114,3467
-0.0354,6317
-0.0165,5595
-0.115,9996
0.0768,3546
0.0218,4374
-0.196,8074
-0.0309,6839
-0.0688,7227
0.106,2361
0.267,1015
-0.207,9121
-0.234,8723
-0.148,8902
0.169,698
-0.0283,5806
-0.196,9606
0.129,2035
-0.165,9048
-0.0534,7970
-0.0791,6660
0.00402,4981
-0.0207,5775
0.0748,3034
0.072,3381
-0.13,7364
-0.0854,9346
0.0452,4182
-0.0616,6782
-0.0225,5197
-0.113,9016
0.118,1286
-0.0608,6955
-0.0814,7027
-0.269,9581
-0.215,8764
0.0292,4534
0.124,1702
-0.0508,7360
-0.201,9968
-0.00313,5026
-0.145,9453
-0.363,9456
-0.0735,6865
-0.079,8020
0.563,204
-0.0855,7315
-0.133,7486
-0.0886,7958
0.226,161
-0.0684,7781
0.0891,2205
0.239,1306
-0.109,7287
-0.00485,5119
-0.0405,6645
0.0318,4206
0.0234,4337
0.218,1005
-0.0578,7619
0.126,2223
-0.0845,9484
-0.0738,8028
0.00907,4651
0.317,277
-0.0325,6609
0.0453,4241
-0.169,9966
-0.0574,7701
-0.00547,5232
-0.0161,5386
-0.351,10320
-0.16,7969
-0.0804,7762
0.219,62
-0.12,8963
-0.0599,6512
-0.0963,7048
0.0502,3819
-0.00123,5416
-0.598,8947
-0.0868,6907
-0.0252,5577
-0.0425,6202
-0.213,10204
-0.193,10424
-0.216,10044
0.0791,3136
-0.129,7390
-0.25,9212
0.185,1920
-0.0735,8186
-0.0435,6243
0.682,761
0.0712,3340
-0.12,6832
-0.0625,6771
0.0526,2823
0.0557,2352
0.391,586
-0.113,8521
0.274,1004
0.121,2594
0.00826,4690
0.0345,3117
-0.118,8100
0.635,557
0.0665,2302
0.0715,3798
0.0418,3322
0.0291,3899
-0.21,9232
0.00211,4688
-0.0869,7752
0.0849,3100
0.0611,2377
0.0487,3578
-0.199,8001
0.0783,2358
0.072,3463
-0.122,8109
-0.0367,6307
0.0221,4454
-0.261,9965
-0.0268,6201
-0.527,10311
-0.164,9393
0.11,2167
0.0964,2407
0.155,2639
-0.354,9977
0.042,3654
-0.219,8564
-0.0182,5801
-0.0242,6417
-0.0601,6984
-0.00236,5292
-0.105,6350
-0.0882,7359
-0.396,8933
0.126,1789
0.117,2908
0.158,1822
-0.0624,5938
0.206,969
0.011,4783
-0.153,9602
-0.559,10394
-0.102,7960
-0.0167,5654
0.174,1772
-0.0363,6616
0.048,2703
-0.268,9498
-0.304,10186
-0.083,7405
-0.0423,6198
-0.0765,7972
-0.0223,5786
0.0314,4225
0.0229,4442
-0.114,7896
-0.235,9902
-0.0648,8039
-0.108,10299
0.124,2644
0.17,1445
0.314,1037
0.175,798
-0.065,7788
0.0534,3152
-0.00517,5311
0.105,1290
0.0696,3220
-0.000269,5017
-0.0335,6608
0.0409,3769
0.0317,4048
0.0196,4469
-0.248,7717
0.264,1383
-0.0394,7252
-0.000426,4904
0.121,2006
0.216,982
0.0529,3852
-0.335,10389
-0.036,6551
0.053,3187
0.154,1794
0.089,3347
-0.176,9421
-0.0176,5165
0.00316,4975
0.0671,2850
0.0168,4433
0.569,11
0.401,688
-0.107,7148
-0.209,9626
-0.156,7680
0.331,233
-0.0646,7201
-0.0836,7372
-0.179,9547
0.0294,4264
0.0668,2384
0.312,502
-0.0343,5847
0.369,744
-0.0317,6245
0.0167,4115
-0.0505,7479
-0.29,10317
-0.342,9212
-0.254,5060
-0.121,8641
-0.144,9026
-0.0356,6553
-0.201,9563
0.0287,4449
0.0407,3580
-0.199,8634
0.00344,4877
-0.0149,5984
0.108,1121
-0.0816,6997
-0.153,7875
0.1,3319
0.0992,1512
-0.148,9639
0.23,1159
0.00609,4766
-0.0621,6395
0.0805,2907
0.177,1445
-0.0157,5810
-0.0647,8321
0.12,2057
0.156,2359
0.23,1925
-0.0578,7486
0.0791,2142
0.216,1526
-0.107,7775
0.0177,4486
0.0464,2765
0.107,1277
0.0796,2247
-0.139,8855
-0.105,7206
-0.0375,4955
0.251,1491
-0.0962,8032
-0.145,10306
-0.00931,4889
-0.0676,6576
0.0891,2752
-0.403,9921
-0.0137,5729
0.478,13
-0.0423,6510
-0.115,8415
0.0875,2704
0.339,1213
0.0611,1108
0.0531,3713
-0.0851,6888
0.225,1161
0.136,1399
0.319,118
0.0379,4056
-0.0368,6598
-0.121,9352
-0.276,10035
-0.0387,5179
-0.159,8709
0.144,670
-0.141,7771
-0.0865,7208
-0.232,10173
-0.156,8110
0.0254,3517
0.05,3524
0.0138,4553
-0.0677,7291
-0.118,7111
0.395,229
-0.134,7685
-0.0723,8514
-0.132,8747
-0.0366,5788
0.391,213
-0.118,8190
0.176,2221
-0.0623,6871
-0.312,10063
-0.205,10164
-0.022,5987
-0.142,7792
0.0627,2487
0.0901,1607
-0.0146,5626
-0.312,9193
-0.0953,7781
-0.176,7868
-0.0187,5970
-0.0539,7369
0.0646,1808
-0.211,10318
-0.0675,6893
0.0454,3804
0.0691,2016
-0.0676,8652
0.0712,2032
0.186,2981
0.348,156
0.0327,3661
-0.0229,5637
0.354,141
0.0998,1541
-0.0974,7232
0.16,1904
-0.191,9480
0.0941,3008
-0.0156,5771
-0.133,8635
-0.094,8062
0.144,2059
0.0378,3170
-0.223,8750
-0.0366,7081
0.0784,2489
0.199,1186
-0.079,7438
-0.231,10455
-0.283,10457
0.0187,4636
0.0268,4290
-0.125,8784
-0.142,10017
-0.00538,5008
-0.441,10318
0.00322,5073
0.00252,4895
0.124,3133
0.171,1276
-0.0438,6396
-0.0375,6817
-0.135,9928
0.0195,4411
0.116,2247
0.157,2426
0.187,2644
-0.218,9986
-0.0881,7269
-0.0868,6986
0.0311,4550
-0.128,8472
-0.132,7657
0.417,586
-0.0505,7378
-0.0482,6798
0.0557,2887
-0.0998,8087
-0.197,9310
0.0857,685
0.0154,4231
0.0272,4206
0.0997,3184
-0.243,9975
-0.107,8076
0.215,1745
-0.063,9074
-0.0014,5313
0.0368,3633
0.197,1417
-0.108,5912
-0.194,8479
0.143,851
-0.145,8361
0.00578,4792
0.151,1357
0.125,1822
-0.174,9866
0.0374,3775
0.0569,3103
0.181,1057
-0.112,7899
-0.0513,6389
-0.21,9570
0.138,2130
-0.091,7238
-0.166,7479
0.221,1361
-0.331,9784
-0.287,10316
0.0145,4453
0.0176,4669
0.0164,4396
-0.0169,5408
-0.0864,9518
-0.377,10353
0.0191,4597
-0.0877,9129
0.0136,4493
-0.27,10199
0.0285,4521
0.214,102
-0.07,8200
-0.0546,8659
-0.113,8756
0.188,295
-0.0395,5767
0.101,1383
-0.0166,5115
0.116,2984
0.23,1101
0.13,2908
0.146,1476
0.538,157
-0.0193,5241
-0.0606,8203
0.0419,3980
0.0587,3627
0.326,1174
0.021,3995
0.406,50
0.0103,4690
0.184,2213
0.287,757
0.103,1626
-0.333,9398
-0.19,10102
0.329,79
-0.0262,6525
-0.0312,5332
0.0721,3469
0.00709,4808
-0.0294,7192
0.0919,799
0.123,1524
-0.0813,6742
-0.0701,7228
0.0374,3759
-0.0923,7889
0.0874,1671
-0.0936,6404
0.0735,2743
-0.16,9276
-0.277,9701
0.149,1038
0.03,3843
-0.0363,6030
0.204,1833
0.0237,3842
-0.104,6680
0.000202,4997
-0.0605,7230
-0.0325,6339
-0.052,6582
-0.163,7309
-0.00791,5323
0.124,1257
0.0791,2011
-0.276,9363
0.134,2870
0.214,1674
-0.13,8661
-0.0729,6485
0.191,617
-0.24,9505
-0.0198,5709
-0.164,8700
0.00588,4959
0.0626,2777
-0.134,8979
-0.223,10235
-0.296,8253
-0.0777,7051
0.242,106
-0.00241,5224
-0.15,8826
-0.197,8642
0.0814,2577
0.084,3532
-0.0685,7491
-0.0481,7606
0.0712,3071
0.118,901
0.0259,4050
0.0492,3180
-0.15,8489
-0.238,10434
-0.0566,7083
-0.0179,5240
0.13,312
0.0949,3087
0.216,292
0.0196,3872
-0.126,9627
0.227,512
-0.064,6775
0.174,1506
0.567,130
-0.0199,6583
0.223,306
0.131,2354
-0.147,8899
-0.0316,6732
-0.123,9488
-0.103,7932
-0.0201,5814
-0.0852,7799
0.318,612
-0.0272,5969
-0.468,10356
0.201,180
0.101,1438
0.0292,3970
-0.0885,7796
-0.0051,5211
-0.0282,5796
-0.0196,5754
0.0802,2569
0.00479,4896
-0.164,8181
0.507,160
0.0873,3180
-0.0617,6422
-0.00553,5175
0.239,1193
0.0357,4419
0.109,1906
0.0117,4655
0.222,467
-0.0967,7488
-0.018,5259
0.0644,3579
-0.0733,7130
-0.132,8597
0.258,425
-0.0615,8347
-0.00632,5398
0.176,1255
0.118,3180
0.327,506
-0.128,9867
0.00588,4657
0.132,2094
-0.0233,5635
0.0529,2784
-0.217,9789
0.0674,2963
0.00168,5049
-0.0137,5547
0.0153,4549
-0.15,9814
0.176,2506
0.107,2086
0.0176,3940
0.0583,3569
-0.0163,5772
0.517,256
0.00442,4795
-0.0301,7199
0.0908,1171
0.0667,3113
0.0887,2612
0.113,2264
-0.0372,6443
0.104,2367
-0.14,10153
-0.0893,8763
0.0023,4748
-0.239,7564
-0.279,9613
0.0165,4495
-0.036,7016
0.0746,2230
0.0977,2209
-0.0653,7795
-0.0108,5574
-0.1,10143
-0.0862,8679
-0.121,8347
-0.314,9628
-0.0412,7387
0.411,1503
0.16,1984
-0.0535,6736
0.397,929
-0.0263,5919
-0.05,7481
0.35,1083
0.22,680
-0.0342,6581
-0.145,9396
0.0771,3428
0.212,697
0.0367,3893
0.0927,2226
-0.0504,6566
0.153,1905
0.0438,4275
-0.256,9642
-0.0639,6317
-0.165,9514
0.342,78
0.697,31
0.0374,3744
0.109,2287
0.00677,4728
-0.0297,5810
-0.0032,4995
-0.0386,6166
-0.0218,6063
-0.053,5671
-0.106,7190
0.0261,4397
-0.143,8464
-0.0437,5752
-0.0978,6621
0.0948,1761
0.0946,2870
-0.201,10070
0.0714,2786
0.117,2002
-0.0182,5549
0.011,4670
-0.234,8251
0.127,1207
-0.0487,6511
0.0695,2521
-0.0553,7237
-0.0907,7028
-0.181,8385
-0.165,8770
0.0344,3597
-0.0619,6307
-0.146,8708
0.219,3016
0.000834,5017
-0.0314,5590
0.0487,3650
-0.0124,5321
-0.136,9996
0.238,503
0.0871,1996
0.0516,2735
0.0515,3450
-0.0279,6082
0.0368,4188
-0.0427,5052
0.18,478
0.00345,4870
-0.00202,5012
-0.165,9214
0.0411,4101
0.283,504
0.0679,2617
-0.0865,7514
-0.017,5178
0.0622,3734
-0.272,9911
-0.102,7290
0.105,2065
0.333,28
0.0314,4176
0.00022,5240
-0.101,8245
0.0554,3854
0.0663,2129
0.156,677
-0.0558,6857
0.0836,2435
0.124,1834
-0.395,10302
0.154,665
0.00664,4723
-0.0613,5554
-0.18,9336
-0.126,7019
0.365,61
0.131,778
-0.397,10345
0.172,2232
-0.208,9727
-0.147,9219
0.0849,3143
-0.0205,5304
-0.124,9251
-0.131,8062
0.103,2491
0.179,926
0.0343,3876
0.141,749
-0.0206,6180
-0.34,10285
-0.0874,7510
-0.27,10285
-0.00162,4927
-0.0348,6167
-0.0565,6952
0.0633,3388
-0.0883,8639
0.0362,3702
0.0521,3361
0.213,423
0.0298,4162
-0.0127,5313
-0.114,8106
-0.0261,5088
0.227,283
0.0052,4976
-0.0949,8792
-0.164,10168
-0.316,10390
-0.137,9303
-0.0512,7835
-0.0516,8329
0.134,1806
0.0114,4654
-0.028,5799
-0.0819,6710
0.378,321
-0.188,9183
-0.0808,7755
0.0708,3297
-0.0733,7077
0.0374,4175
-0.0462,7193
-0.107,7847
-0.0789,7830
-0.117,8829
-0.332,9888
0.114,2643
-0.138,9067
-0.0274,6274
-0.0311,5886
-0.143,8472
-0.0536,6477
0.00652,4897
0.0851,1969
0.259,183
0.147,1171
-0.000835,5076
-0.165,7884
0.118,2369
-0.0786,7356
0.288,155
0.326,332
0.49,232
-0.0298,5743
0.0612,3578
0.173,294
-0.0998,8798
0.0222,4366
-0.0963,8512
0.127,1993
-0.0846,7215
-0.0471,7050
-0.289,10162
-0.366,10439
-0.0431,6783
0.103,1859
-0.0532,6808
-0.105,9323
-0.0598,5236
-0.0746,6577
-0.386,6385
0.444,2400
-0.000541,5059
-0.0789,7188
0.0109,4790
-0.273,9807
0.126,1648
-0.13,8522
-0.12,9277
-0.0453,8172
-0.14,8626
-0.063,6776
-0.291,9872
0.0165,4807
-0.061,6773
-0.202,8608
0.499,197
0.0247,4431
-0.178,9295
-0.243,9358
0.153,1933
0.0139,4300
-0.0146,4985
0.114,2662
0.311,716
0.0533,3675
-0.0419,6841
-0.174,8422
0.0206,4365
-0.0641,8570
-0.317,7801
0.0305,3760
0.147,558
-0.159,10201
-0.116,9195
-0.141,7799
0.0388,4117
0.0859,3675
-0.0298,6649
-0.0754,7600
-0.142,7994
-0.0488,6553
-0.22,8278
-0.066,6544
-0.093,8629
0.0856,3058
0.183,1795
0.201,1080
0.236,2361
-0.178,7779
0.0128,4624
0.0844,2846
-0.0953,6717
-0.196,9826
0.0575,2448
0.000262,5018
0.319,85
-0.000377,4913
0.102,2899
0.208,882
0.296,1238
-0.188,9120
-0.00386,5259
0.0707,1996
-0.0174,6002
0.0416,4181
0.0252,4144
-0.021,5535
0.0427,2875
0.0997,1405
0.218,1732
-0.272,10029
-0.163,9134
-0.0125,5792
-0.118,7898
0.0641,2790
0.223,1154
0.0569,4002
-0.405,10297
-0.0867,7280
0.0253,2804
-0.0188,5987
0.0818,2794
-0.353,9831
0.095,1658
-0.036,5535
-0.13,9989
-0.122,9852
-0.0618,6508
-0.122,8096
0.0327,4170
-0.116,8433
0.11,1188
0.21,574
0.119,977
0.0421,3089
-0.121,8355
-0.0368,6157
-0.0342,5928
-0.00274,5357
-0.0593,6642
-0.117,8511
-0.422,10295
-0.0552,5889
-0.103,9307
-0.00033,5140
0.292,246
-0.0175,5503
-0.347,10307
-0.0387,6773
-0.123,8873
0.125,2435
-0.00619,5616
0.0245,3717
-0.251,8796
-0.174,9808
-0.0294,6469
0.0332,3838
-0.0371,6602
0.0405,3731
-0.231,10027
0.19,1553
-0.0809,8038
-0.069,8067
0.148,1753
0.0289,4143
0.297,402
-0.0374,6186
-0.173,10348
-0.00587,5442
0.0448,3790
0.158,1940
-0.563,9991
0.228,523
-0.0739,9038
-0.0291,7036
0.377,430
-0.177,9249
-0.123,6547
-0.0333,5967
0.0131,4609
0.0665,3617
0.0161,4414
0.0171,4667
0.0126,4702
0.177,552
0.171,724
0.0105,4478
0.202,697
-0.0356,6120
-0.0611,6504
0.00613,4606
0.23,432
-0.148,10210
0.0813,2177
-0.125,8267
0.193,267
-0.0131,5801
0.113,568
-0.223,8674
-0.0697,7456
-0.05,8096
0.106,2491
0.232,684
-0.0576,7227
-0.024,6213
-0.14,8221
-0.0379,6655
-0.185,8689
0.475,96
0.00824,4783
-0.137,9292
0.138,3281
-0.123,8430
0.0784,2602
-0.132,6510
0.00387,5036
-0.0638,8743
-0.0139,5500
0.0339,4306
0.0772,2187
-0.221,9507
0.112,2383
-0.146,9000
0.12,2263
0.0578,3184
-0.0344,6361
-0.16,9213
-0.0707,8921
-0.0638,6624
-0.125,8282
-0.0901,9165
-0.0696,7372
0.0406,3929
0.0503,2608
-0.048,7673
0.248,1025
0.0139,4656
-0.111,6780
0.0694,3741
-0.0911,9693
0.0126,4354
0.109,2916
-0.266,9419
0.127,806
0.114,2715
0.0937,2067
-0.16,10069
-0.169,10048
-0.113,8746
-0.198,9318
-0.00275,4987
0.0283,3791
-0.00562,5474
0.0798,2931
-0.00808,5411
-0.0405,6198
-0.0303,5531
-0.143,9198
0.2,559
0.156,510
-0.384,10449
0.0936,1964
0.0638,3138
0.143,680
-0.24,10441
-0.0305,5636
0.0684,3385
0.144,1162
0.0266,4268
-0.0106,5337
-0.101,8014
0.341,671
-0.0319,6011
-0.157,10029
-0.0635,6574
-0.09,6907
0.0907,2745
-0.0299,7009
0.0281,4169
-0.15,9786
-0.00143,5212
0.026,4564
-0.178,9073
0.154,1588
-0.183,9512
-0.182,10416
-0.16,10106
-0.072,7776
-0.12,8308
-0.0811,6969
-0.0282,6552
0.00354,5031
-0.297,9869
0.0592,3595
-0.0641,6977
-0.0987,9168
0.0761,2075
-0.195,10060
0.0514,3916
-0.0083,5377
0.0099,4759
-0.0464,7728
0.178,265
-0.116,8389
0.0492,3354
0.0824,2339
0.691,383
0.108,923
0.126,1463
-0.061,8367
-0.317,10055
-0.0352,6708
0.00706,5062
-0.171,9517
-0.0502,6940
0.204,944
0.0186,4378
0.12,3526
0.166,1404
0.0133,4683
-0.14,7252
-0.134,8547
-0.0399,6341
-0.0959,8970
-0.0285,6330
-0.0458,7163
0.0286,3374
0.0133,4593
-0.0915,7945
0.196,197
0.326,204
0.102,3351
0.00642,4809
-0.148,9841
-0.0417,6385
0.119,1421
-0.0155,5630
-0.149,8825
-0.0477,7897
-0.0677,7278
0.0416,3509
-0.0207,6061
0.119,2948
0.0531,3187
0.171,242
-0.063,7727
-0.157,9545
-0.0718,7492
-0.069,6917
-0.255,8503
0.21,785
-0.0751,8932
-0.291,9415
-0.343,9504
-0.252,10023
-0.0783,7276
0.193,1326
-0.0169,5442
0.0219,4179
0.0191,4346
-0.216,10054
-0.00911,5464
-0.197,10275
0.165,756
-1,9893
0.149,4069
0.297,1721
0.0126,4539
0.118,2102
0.00845,5000
0.0743,2631
0.0235,4387
0.00343,4911
0.144,1807
0.0598,3119
0.0163,4760
0.0151,4484
0.102,2146
-0.218,10363
0.0173,4499
-0.138,6923
-0.0967,7367
-0.0817,6574
0.0257,3365
0.0877,1897
-0.0756,7491
0.218,961
0.0364,4365
-0.0723,8170
0.0617,2846
-0.0441,7075
0.109,2211
-0.00557,5208
0.0477,3885
-0.161,9447
0.0861,2255
0.0858,1542
0.0239,4125
0.209,793
-0.186,9446
-0.208,9519
-0.146,9586
0.0545,3835
0.0124,4581
0.225,624
0.116,3397
-0.209,9130
-0.0156,5478
-0.0379,5769
-0.334,10116
-0.0416,5955
-0.198,8514
0.226,930
-0.095,8489
0.0143,4639
0.0766,3218
-0.523,9901
0.0496,3876
0.221,1438
-0.0201,5576
-0.115,10023
-0.165,8274
0.0585,2825
-0.00759,5382
-0.23,10293
0.14,1515
0.0233,4195
-0.257,10139
-0.123,7248
-0.161,9606
-0.0723,6865
-0.016,5840
-0.123,8884
0.0911,3399
-0.187,8992
-0.102,8722
0.0818,3326
0.0399,4177
-0.0352,5674
-0.0234,5586
-0.0302,6608
0.0113,4918
-0.112,8570
0.0303,3899
0.0979,2399
-0.0855,7415
0.262,104
0.0666,3887
-0.391,8799
-0.144,9483
-0.0473,6645
-0.0928,6985
-0.45,10399
0.117,2033
-0.321,10460
0.197,591
-0.146,9881
0.0324,3777
-0.0108,5216
0.0449,4503
0.125,2327
-0.0117,5695
-0.0898,7382
0.00614,4593
0.167,1344
-0.144,8857
0.52,165
-0.00385,5578
-0.0633,7016
0.198,886
-0.0375,6139
0.0205,4213
-0.211,8212
0.131,1664
0.0838,2692
0.0673,2458
0.0999,2861
0.0111,4618
-0.0179,5381
-0.194,10181
0.0675,3114
-0.351,10240
0.207,464
0.0605,3533
-0.173,9997
0.14,577
0.0312,3953
-0.00308,5278
-0.972,10181
-0.194,8277
-0.139,7695
0.177,1191
0.185,923
-0.0947,8089
0.325,1034
0.0797,2404
-0.0808,6071
0.063,1456
-0.0283,5968
0.471,495
0.236,578
-0.456,9986
-0.0931,6581
-0.0451,7569
0.00292,4962
0.0464,4055
-0.278,9512
0.23,1981
-0.014,5717
-0.0496,7653
-0.118,8500
0.148,1826
0.184,971
1.13,43
-0.0935,7108
-0.0245,5568
0.208,182
-0.139,8339
-0.147,7219
-0.0202,5533
0.208,719
-0.0597,7376
-0.0127,5534
-0.0146,5237
0.124,2494
0.346,2133
0.0694,2807
-0.226,8786
-0.222,9694
0.128,1282
0.105,1858
0.6,998
0.236,600
0.288,188
-0.0243,6713
-0.271,10326
-0.125,7653
-0.179,7472
-0.0156,5326
-0.0982,9212
-0.0614,8324
-0.103,6714
-0.0621,6199
-0.0693,6235
0.252,1175
0.162,599
-0.0337,6062
-0.047,7167
0.0394,3538
-0.0436,6260
-0.0895,7376
-0.0631,7454
-0.205,9487
-0.0776,7537
-0.0175,5858
-0.0877,7884
1.1,3
0.0742,2689
-0.0737,7409
0.0457,3334
0.121,1810
0.0468,3851
0.0334,4076
-0.0226,5956
-0.223,9051
0.00384,4849
-0.0243,5676
0.0857,2675
-0.191,9161
-0.0777,8200
0.0831,1467
-0.24,10447
-0.0411,6613
0.0252,4342
0.0842,4056
0.0605,2867
0.00266,4807
-0.0801,6369
-0.0798,7827
-0.141,8579
0.182,1318
0.0635,3160
-0.00416,5381
0.038,3762
-0.248,9188
0.0764,2441
0.0178,4798
0.143,966
0.0356,3529
-0.141,8690
-0.196,7766
0.0591,3348
0.256,157
0.0354,3755
-0.247,9637
-0.0208,6047
0.212,918
0.357,165
0.14,2524
-0.00983,5310
0.0233,4042
0.0405,3823
0.168,676
0.345,434
-0.391,9071
-0.153,9719
0.000441,5122
0.0679,3446
-0.0641,7735
-0.601,10183
0.0391,3679
-0.0296,6575
-0.092,8109
0.00567,4765
-0.445,8714
-0.257,10120
0.0103,4605
-0.0244,5547
0.0904,3076
-0.211,9078
0.00852,4906
-0.391,6965
-0.00903,5529
-0.132,9530
0.0636,3479
-0.0221,5649
-0.0701,8676
-0.0954,7762
-0.561,9379
-0.0497,6510
-0.175,9600
-0.0987,8700
0.153,431
0.209,1231
0.0122,4841
-0.0888,7177
-0.112,9694
-0.233,10175
0.108,2038
0.438,585
-0.156,8571
0.242,325
-0.0171,5754
0.0282,4274
-0.0131,5975
-0.281,7766
-0.0961,8599
-0.0799,7680
-0.0515,5997
0.389,195
-0.236,9930
0.292,1826
-0.0842,7942
0.0246,4377
0.0247,4490
-0.0262,5235
-0.0885,8839
-0.22,8749
0.0197,3766
-0.0954,9295
-0.13,8818
0.0986,1626
0.0845,1465
0.295,276
0.202,987
0.0513,3393
0.0909,1701
-0.0675,6435
0.0376,3331
0.1,3092
0.0205,4427
-0.201,8062
0.0487,3364
0.00461,4546
-0.0854,8523
0.112,2009
-0.133,7058
0.0705,2365
0.272,1229
0.0229,4640
-0.00449,4964
0.0124,4600
-0.0407,6497
-0.0215,6280
0.0496,2939
0.192,2287
-0.0154,5329
-0.341,9683
-0.0146,5370
-0.0319,7131
0.0558,2210
0.247,1471
0.07,3016
0.0481,3518
-0.0767,7983
-0.0793,8059
0.0571,2204
0.163,1760
0.183,2432
0.208,2730
-0.0169,5929
0.000779,5030
-0.0658,8723
-0.123,7695
0.0796,1595
0.0538,4311
-0.16,7798
0.179,1083
-0.426,9964
0.208,948
0.299,502
0.289,978
0.0228,4342
-0.189,10148
0.00685,4789
-0.183,10166
-0.00251,5080
0.109,3100
0.0529,3467
0.0553,2300
-0.0452,6706
0.00244,4880
-0.29,8812
-0.132,7167
-0.0654,7988
-0.0435,7026
0.0134,4463
0.141,1331
-0.0907,7342
-0.0962,7792
-0.26,9484
-0.0622,7945
0.12,1584
0.0974,2634
-0.0902,9778
-0.0337,5360
0.0954,3697
-0.142,8799
0.0353,4059
0.0617,3347
0.0376,4248
-0.0383,6122
-0.12,7975
0.0328,3832
-0.131,8137
-0.0945,7420
0.12,1577
-0.167,7324
-0.113,8497
0.03,3628
-0.0735,8122
-0.244,8977
-0.0543,7543
-0.0291,5688
-0.146,7356
-0.0134,5909
-0.141,9695
0.0442,4321
0.26,306
0.0785,3562
0.282,773
0.456,384
-0.157,9385
0.19,459
0.121,1897
0.107,3233
-0.128,7136
0.164,2618
0.0725,1135
-0.193,9079
-0.0557,6870
0.244,1511
0.0612,2614
-0.0321,6634
0.161,1415
-0.0856,6796
-0.177,8283
-1.01,10438
0.41,643
-0.0936,8336
0.0282,4007
0.0975,2729
0.106,2980
-0.266,8372
-0.0353,5628
-0.162,9295
-0.149,9193
-0.0557,7208
-0.461,10240
0.122,2187
0.19,904
-0.11,8916
0.0862,767
0.191,3342
0.141,2802
0.0951,1243
0.0211,3771
0.0426,3279
0.0538,2925
0.114,2468
-0.0564,6165
0.397,65
-0.21,9106
0.11,1569
-0.0819,8176
-0.0554,6764
-0.101,7098
0.432,626
0.0109,4904
-0.0513,7227
-0.0976,8721
-0.0327,5971
0.0436,3681
0.245,1814
0.0931,2974
-0.0687,7433
0.233,330
0.801,46
-0.17,7367
-0.054,6187
0.0282,4164
0.117,2457
0.218,962
0.221,2261
0.111,1450
-0.0953,8763
0.834,24
0.0376,3898
-0.0726,6460
-0.196,8719
-0.166,7920
0.16,303
-0.101,8806
-0.0482,7325
-0.0423,7058
-0.168,9671
0.238,2115
0.036,4172
-0.308,8601
-0.00605,5333
0.13,1062
0.276,215
0.312,728
0.0121,4624
0.00474,5016
-0.062,6819
-0.102,6511
0.0898,2502
0.132,2799
0.247,1835
-0.159,7963
-0.0866,8452
0.178,318
0.0116,4480
0.372,421
-0.545,10304
0.201,1310
-0.0312,5916
-0.127,8750
0.163,1121
-0.146,9536
0.0628,3373
0.494,209
-0.0895,9664
-0.14,10053
-0.0923,7606
-0.0789,7647
0.757,121
-0.0184,5262
0.0512,2620
0.0128,4735
-0.209,9903
-0.085,6947
0.221,965
-0.163,7984
-0.0332,5673
-0.112,7266
-0.0711,6950
-0.0645,7267
-0.103,9463
-0.0881,8540
-0.0851,7244
-0.0526,6916
-0.112,8176
-0.0604,7019
0.11,3752
0.00818,4617
0.0653,3280
-0.226,9950
0.0255,3993
0.0327,3989
-0.0943,8340
-0.129,6916
0.00793,4813
-0.225,10396
-0.0997,7645
-0.0597,6930
-0.0455,6795
-0.364,10223
-0.048,7138
-0.142,9336
-0.0202,5553
-0.239,10007
0.0581,3913
-0.279,9411
-0.0888,8642
-0.291,10240
-0.15,6580
-0.0947,7664
0.126,1768
0.0696,2261
0.292,136
0.0993,1981
0.163,1573
0.28,1866
-0.413,9565
0.0307,3948
-0.0896,9579
-0.0662,7465
0.0752,3055
0.218,352
0.00381,4948
0.135,2771
-0.184,9406
-0.071,7782
0.0196,4620
0.124,1399
-0.0079,5518
0.0557,3602
-0.0492,8076
0.0862,2301
-0.0719,7583
-0.115,5827
0.179,1392
0.153,1222
-0.188,7153
0.00815,5064
-0.198,10263
0.0704,3719
0.147,2445
-0.0514,6304
0.049,3251
-0.0517,7357
-0.416,10035
0.0239,4400
-0.0327,6000
0.00526,4745
-0.0186,6012
-0.00528,5422
-0.155,8086
-0.208,9964
-0.0398,5214
-0.0376,6818
-0.0488,7090
-0.0025,5042
0.177,2347
-0.194,9609
-0.165,9531
0.149,1233
0.138,466
0.0383,3580
-0.106,7454
-0.167,6343
0.106,3369
0.0996,2766
0.0455,3321
0.0389,3629
0.065,3166
-0.186,9068
-0.064,6272
-0.31,9682
-0.133,8881
-0.0481,7151
0.382,350
-0.255,7977
0.0449,3148
-0.104,9674
0.0171,4602
0.0341,4308
-0.0335,6678
0.0763,1906
-0.202,8612
0.0339,3055
-0.0292,5659
0.118,539
-0.00359,5285
-0.205,10036
-0.199,9582
0.164,615
-0.0906,7109
-0.0189,5433
0.0252,4244
-0.00461,5087
0.303,91
0.351,1393
0.0811,3701
-0.207,7029
-0.302,10047
0.00372,4819
0.372,1223
0.182,1230
0.178,877
-0.128,9295
-0.0195,5827
-0.153,10113
-0.114,8710
0.475,1168
-0.0669,8568
0.106,2250
0.104,3220
0.00876,4691
0.068,3663
-0.466,10291
0.0777,1652
0.161,1241
-0.0592,7463
-0.065,7324
-0.0106,5578
-0.238,9168
0.0397,2872
0.125,1037
-0.154,7850
0.0516,3438
-0.251,9685
-0.142,9293
0.13,885
0.109,2047
-0.195,9242
-0.125,8896
0.235,2397
-0.183,9282
-0.0299,6611
0.0302,4041
0.131,1832
0.13,1957
0.0796,2747
-0.241,9724
0.195,559
0.076,2067
-0.0237,5732
0.127,3014
0.098,3754
-0.108,8580
-0.0178,5618
-0.282,10318
0.342,318
-0.237,9793
0.062,3161
-0.342,9056
0.207,1378
0.07,2518
-0.0564,7040
0.0414,3779
-0.0401,6469
0.108,2519
-0.163,9798
0.0945,3084
-0.0398,6141
-0.121,6336
0.124,1060
-0.0176,5998
0.0769,2817
0.0226,4441
-0.0497,6102
0.0841,2585
0.208,1176
-0.0148,5767
0.0587,2854
0.0587,3730
-0.302,5379
-0.0539,6220
0.0932,1659
0.0186,4572
-0.0294,6675
0.247,2639
-0.236,8526
0.206,1209
-0.00372,5285
-0.316,6176
-0.235,7893
0.074,3588
-0.252,9466
0.104,1335
0.0506,3106
0.0474,3354
-0.362,10451
-0.215,7835
0.151,1093
-0.149,10171
-0.0446,8052
-0.199,10142
0.0611,3654
-0.198,10330
0.25,1061
-0.0719,8364
-0.0109,5836
-0.0413,5749
-0.0122,5718
0.348,1752
-0.116,8156
-0.17,9006
0.0833,3412
0.201,1654
0.0456,3825
-0.151,9193
-0.515,9920
0.0966,2234
-0.0383,5884
-0.23,9837
-0.0392,6551
-0.0834,6289
-0.145,9560
-0.143,9003
0.189,463
0.251,96
-0.32,10027
0.0544,4134
0.153,1359
-0.0809,7926
-0.0617,7975
-0.114,6364
0.129,2301
0.162,1520
0.161,1565
-0.0451,6492
-0.0652,7592
-0.111,8149
-0.289,9771
-0.207,8318
-0.158,9174
-0.0282,7490
-0.0573,7476
0.0172,4611
0.391,296
0.025,4127
-0.228,9491
0.198,1260
-0.0339,6446
-0.141,8717
0.0445,3925
-0.154,8714
0.423,1293
0.188,626
0.368,603
-0.0199,5667
0.00953,4785
-0.104,8070
-0.0559,6836
-0.0656,8294
0.135,528
-0.103,8559
0.0755,2982
-0.0865,6717
-0.423,9853
-0.000813,5127
-0.138,9307
0.0513,3865
-0.123,7715
0.0907,3222
-0.248,9478
0.0472,2123
-0.295,9774
-0.074,7833
-0.156,9100
0.0496,3904
-0.147,7425
0.0474,3141
0.176,537
0.299,1858
0.0569,3354
-0.17,8041
0.027,4197
0.0544,3121
-0.0109,5378
0.0298,3236
-0.0108,5765
0.0742,2022
0.0198,4450
0.0068,4866
-0.131,9464
0.124,2365
0.358,1128
-0.465,10392
0.0717,3452
0.0677,2469
0.136,1105
0.042,3044
-0.0224,5647
-0.338,9641
0.0717,2727
-0.0129,5911
0.0664,3046
0.109,1935
-0.0674,6744
-0.222,9046
-0.321,9796
0.218,664
0.0955,1778
0.00774,4770
0.0051,5121
0.477,299
0.046,3269
-0.0573,6967
-0.0067,5750
-0.128,8276
0.0605,3644
-0.02,5671
-0.111,8024
-0.141,9901
-0.0603,7967
-0.146,8738
-0.278,8829
-0.3,9429
0.0109,4565
0.0572,2159
-0.0297,6109
0.0521,2572
-0.109,8255
0.19,802
0.0315,4237
0.0798,3004
0.127,1690
-0.00207,5353
0.123,1841
0.116,2659
0.15,1863
-0.148,7119
-0.089,9570
0.179,1278
0.655,139
0.106,2132
0.0893,2668
0.234,1985
0.0327,3634
0.0859,2098
-0.0745,7472
0.11,2121
-0.0466,6312
0.04,3659
-0.0651,7791
-0.00443,5120
-0.38,9069
0.158,2052
-0.106,6130
-0.029,6287
-0.0719,7743
0.0227,4105
-0.153,9515
-0.0974,8634
-0.0783,6961
0.122,2780
-0.322,10255
-0.186,8862
0.0454,4017
-0.143,8097
0.254,1306
-0.0625,5938
-0.0368,6057
-0.00473,5371
-0.0243,6043
-0.199,9865
-0.256,9555
0.0452,3713
-0.499,10283
-0.177,9981
-0.129,9307
0.138,1136
-0.17,9197
-0.211,9927
-0.00471,5444
-0.0425,6140
-0.0375,6853
-0.185,9118
0.0744,2600
0.0323,4510
-0.0727,6335
0.12,888
-0.0123,5564
0.169,2477
0.273,626
-0.00156,4900
-0.0848,6848
-0.128,8113
0.0132,4527
0.311,352
-0.197,9748
0.0155,4522
-0.000899,4949
0.115,2397
0.0953,1806
0.0496,3603
0.168,2029
-0.159,9258
-0.106,6774
-0.0321,6693
-0.165,9993
0.0234,4537
0.0651,2852
-0.184,6848
-0.155,6548
-0.00151,5007
0.0121,4619
-0.00997,5217
-0.27,10212
0.00499,4846
-0.51,10221
0.0365,3297
-0.0445,6499
-0.0818,8089
-0.196,9148
-0.0667,7400
-1.19,10260
-0.0665,8607
0.0562,2833
0.11,2526
-0.0463,6453
0.163,555
-0.204,8311
0.0296,3591
0.0295,3284
-0.00959,5213
0.0773,2378
0.0604,3649
-0.19,8840
-0.0109,5126
0.531,251
-0.105,7062
0.121,2508
-0.155,7823
0.325,234
0.098,1850
-0.12,9476
0.239,1876
-0.0376,6053
-0.0398,5615
0.165,721
-0.0919,9609
0.00048,5100
0.108,2084
-0.0361,5734
-0.349,7601
0.551,188
0.136,1189
-0.221,9741
0.3,1421
-0.00206,5125
-0.0667,5854
-0.254,9911
-0.0462,6461
0.011,4430
0.0495,4191
0.239,2397
-0.197,9980
0.000678,4994
-0.106,9143
0.0313,4354
0.381,2101
-0.136,8590
-0.286,10166
-0.0292,5780
0.0643,3821
0.0138,4456
0.102,2303
0.0751,1609
0.0247,4129
0.185,1096
-0.0349,7393
0.0704,2837
0.0463,3741
-0.122,7718
-0.144,8141
-0.0348,5472
-0.307,9248
-0.113,10095
0.0327,4116
0.0812,2695
0.194,781
-0.121,7779
-0.204,9292
0.241,888
0.0154,4618
0.0285,4079
-0.0587,6761
-0.0646,7448
-0.0741,7619
-0.0934,8731
0.427,259
-0.0151,5343
0.132,1863
-0.094,7328
-0.255,10125
-0.195,10116
-0.137,8380
0.0248,4293
-0.213,7810
-0.352,9211
-0.155,8859
-0.262,9764
0.00418,4880
-0.145,8916
0.0214,4359
0.209,1671
0.039,3454
0.161,618
-0.0178,5834
-0.181,9265
0.0692,3546
-0.3,10329
-0.0418,6780
-0.05,6642
-0.0585,5961
0.0305,3788
-0.16,8251
0.169,2131
-0.035,7952
-0.0787,6841
-0.0908,7514
-0.0754,7224
0.186,1342
-0.302,8581
0.107,2334
-0.00815,5634
-0.102,8125
-0.121,9473
-0.135,7547
-0.0103,5162
-0.602,10406
-0.051,6722
-0.152,9258
-0.0114,5762
-0.142,7414
0.175,1777
-0.129,7454
0.233,856
0.0378,4098
0.0397,4405
-0.164,9426
0.101,2234
0.102,1371
-0.0537,7348
-0.0812,6939
-0.0352,5664
-0.0296,5404
-0.106,7075
-0.066,7095
0.00533,4755
-0.105,8274
-0.0976,7920
0.0217,4523
-0.242,10171
-0.145,9888
0.11,2177
0.112,2645
-0.0806,7129
0.126,2594
0.127,1470
-0.1,8637
0.0626,1569
0.00865,4595
0.132,2202
0.0775,3211
-0.101,7083
0.397,228
0.0764,2725
-0.0617,7302
0.111,3384
0.115,2848
0.0364,4130
-0.0452,7112
0.11,2733
-0.0327,5677
-0.0545,7431
0.14,1965
-0.132,8948
0.0294,3868
-0.000474,4901
0.0217,4457
0.191,1256
0.0602,3954
-0.217,8849
-0.0458,6758
-0.239,9880
-0.0463,6796
0.0567,3392
-0.00877,5659
-0.16,8209
0.0399,3822
0.154,1785
0.107,2053
0.00913,4799
-0.0267,5940
0.117,2899
-0.0356,5833
0.226,1320
0.269,429
0.113,1844
0.0485,3552
0.206,1127
0.269,114
-0.072,9118
-0.0325,6445
0.393,357
-0.182,8341
0.0399,2861
-0.000318,5260
-0.0547,6635
-0.214,9678
-0.232,10185
0.123,2837
0.107,2987
-0.0269,6256
0.0749,2335
-0.153,8376
0.111,2110
0.157,1847
0.0544,2676
-0.046,8333
0.0787,1274
-0.247,4705
-0.215,7841
-0.0199,5685
-0.19,9282
-0.0263,6223
0.311,340
-0.0394,5341
-0.255,9499
-0.142,8288
0.0125,4717
0.0263,3858
0.433,75
0.081,2655
-0.243,8760
0.427,884
0.0595,3235
-0.104,8085
0.0571,3498
-0.0303,6858
-0.0201,5482
0.0861,2949
0.169,1585
-0.0311,6860
0.00632,4959
0.21,310
-0.243,9504
-0.248,8292
-0.0655,8110
-0.105,8658
-0.0512,7314
-0.216,10127
0.0387,3724
0.0853,3003
-0.0215,6148
-0.0775,6255
0.0256,4293
-0.0226,6037
0.491,602
0.662,797
-0.0998,8164
0.171,853
-0.00769,5344
0.213,1133
0.00604,4750
0.0557,2931
0.0911,2324
0.126,690
-0.161,8226
0.23,757
-0.232,8770
0.0491,3686
0.0659,1162
-0.0219,5723
0.0928,2278
0.0173,4347
-0.0783,7899
0.13,1864
0.0156,4529
-0.0746,7581
0.215,818
-0.131,8194
0.135,2332
0.113,2017
0.217,1245
-0.173,9161
0.0489,3049
0.16,1510
0.152,1613
-0.235,9336
-0.0762,8546
-0.0381,5659
-0.158,9922
-0.124,8342
0.263,829
0.142,2147
0.333,99
-0.0209,6156
-0.0617,7818
0.154,2528
0.0154,4267
0.0554,4036
0.0595,3265
-0.106,8287
-0.146,8220
0.171,1224
-0.223,10376
-0.0972,6231
-0.0322,7079
0.0725,3109
0.00279,4777
-0.0475,7444
0.193,1723
-0.124,8004
0.173,612
-0.178,10069
0.0696,3651
0.0813,2616
0.049,4294
-0.329,10327
-0.0841,8798
0.217,1016
-0.115,8971
-0.319,9706
-0.426,8161
-0.244,7780
0.0138,4149
-0.171,7857
-0.0571,7224
0.0295,4330
0.242,2008
1.13,74
-0.0347,6814
-0.108,6513
-0.0614,5622
-0.145,9611
0.867,83
0.0103,4641
0.119,970
0.236,421
-0.00111,5154
-0.115,6623
0.00632,4831
0.000555,5138
-0.0499,8009
-0.0507,7198
0.19,1844
0.00497,4643
-0.0955,7674
0.397,712
0.00697,5148
-0.00346,5203
-0.0688,6940
-0.0493,6184
0.0453,3723
-0.00899,5313
0.0463,3078
-0.139,8951
0.0233,4055
-0.0571,7687
0.0571,3928
-0.0561,6285
0.0705,2939
-0.0246,6036
-0.00429,5282
-0.134,8866
0.0203,4387
-0.255,8499
-0.0182,5969
0.056,2550
0.108,1822
0.178,1026
-0.00864,5291
-0.245,10079
0.0217,4338
-0.0248,6264
-0.00195,4893
-0.0313,5279
0.0102,4502
-0.439,9987
-0.011,5791
0.119,535
-0.146,8579
-0.499,10458
0.346,956
-0.42,10329
0.108,1386
-0.00758,5114
0.518,461
0.0716,2596
0.0236,4599
-0.071,7745
-0.0832,7994
-0.102,8899
-0.125,9183
0.239,1077
-0.144,7744
0.425,639
-0.207,9615
0.0566,2804
-0.0738,8684
-0.0361,6989
0.109,3227
0.0985,1936
0.343,390
0.0127,4738
-0.162,10097
-0.0577,6316
0.0481,2654
-0.0026,5088
-0.0227,5770
-0.0989,8288
-0.327,9535
-0.0525,7205
-0.262,8594
-0.129,7914
-0.0495,7814
-0.115,9865
-0.0169,5664
0.0809,2721
-0.0732,8766
-0.0691,6278
-0.061,7160
-0.0137,5760
-0.305,10198
-0.0279,6031
-0.0936,7927
0.0194,4422
-0.165,9874
-0.0606,8194
-0.171,9573
0.146,1545
-0.289,9649
-0.16,9626
0.152,598
0.109,2399
0.244,926
-0.032,6285
-0.0956,7064
-0.151,8781
0.0348,3645
-0.0061,5681
0.232,821
0.0152,4343
-0.167,8987
0.016,4676
-0.0763,7954
0.0411,2540
-0.0237,5951
0.0378,4101
-0.112,8240
-0.14,6376
-0.0828,7621
0.0524,2667
0.0212,4601
0.135,365
-0.0924,8186
-0.174,9497
0.3,507
0.0565,2808
-0.0723,7129
0.131,1785
0.037,4103
0.313,1844
0.328,914
0.0533,3503
-0.432,10239
0.0865,2449
-0.308,8381
0.463,411
-0.163,9647
-0.0214,5945
0.177,1713
-0.239,8646
0.0449,3896
-0.137,9159
0.000647,5001
0.0252,3839
0.143,1088
0.0114,4977
-0.082,7410
-0.392,9495
0.298,663
-0.0494,6834
0.0569,3899
-0.164,8795
0.266,1767
0.545,97
0.317,246
0.0443,3321
-0.0315,6275
-0.0274,6431
0.0613,3562
0.0873,3452
-0.0771,8041
-0.175,8624
-0.108,7608
-0.0564,6384
-0.0868,6937
-0.0666,7232
-0.0845,7285
0.00504,4824
0.0788,2889
-0.000349,5155
-0.136,8080
-0.0124,5621
-0.139,9725
-0.13,10306
0.433,18
0.877,363
-0.342,10261
0.153,1979
-0.0289,7454
0.0691,2417
0.128,1949
-0.0617,7439
-0.0991,7556
-0.0612,6354
0.0579,3251
-0.241,10402
0.151,1060
0.0876,1291
0.00298,5004
0.218,249
0.173,611
-0.175,9689
0.0261,4309
-0.576,10215
0.0411,4253
-0.0363,6762
0.118,1473
0.0423,3808
0.367,480
-0.146,7879
0.723,1577
0.343,909
-0.0251,5952
-0.00286,5071
-0.0495,6337
-0.149,8311
0.712,204
-0.147,8505
0.184,1124
0.0954,2490
-0.0817,7973
0.00581,4915
-0.0982,6507
0.0595,2341
-0.0584,7973
-0.0661,7507
-0.124,9043
-0.571,10449
0.0446,3866
0.239,2594
0.0954,1878
-0.178,10016
-0.114,7922
0.0899,2461
-0.0914,7052
-0.172,8782
-0.236,10177
0.111,897
-0.0802,7916
-0.0692,7392
-0.106,7485
-0.169,8476
-0.0291,6811
0.0261,3831
-0.00107,5132
-0.0305,6148
0.0894,785
-0.0537,6094
-0.0641,7835
-0.0277,6525
-0.117,8126
0.28,1166
-0.358,10144
0.0654,2179
-0.0502,7077
-0.029,5966
-0.0493,7709
0.0695,2566
-0.0608,6947
-0.0958,5748
0.0698,3042
0.106,1746
0.108,1956
-0.137,9835
-0.206,9858
-0.142,10117
0.104,85
0.0576,2986
-0.0111,5510
0.271,282
0.15,2620
-0.0334,5086
-0.0874,7598
-0.0996,8767
0.295,751
0.0104,4645
-0.0626,7816
-0.0531,5901
-0.117,7628
0.0911,1523
-0.0561,6599
0.0736,3390
0.092,2416
0.067,3750
0.00888,4634
-0.00457,5348
0.104,2851
0.348,869
-0.0628,6591
-0.0205,5183
-0.0153,5211
-0.149,9936
2.22e-16,1942
