coef,rank
0.374,2358
-0.19,8437
0.14,2177
-0.375,9574
-0.178,6605
0.141,1663
-0.0236,6049
-0.0941,7230
-0.2,9083
-0.272,10000
-0.143,9488
-0.0183,5994
0.00479,4991
0.228,1014
-0.279,9085
0.506,1758
-0.0866,9569
0.0348,2809
-0.033,6160
0.0183,4463
-0.15,8276
-0.196,7228
-0.11,8184
0.115,1956
-0.278,8817
0.0652,3650
0.0764,2407
-0.308,6231
0.293,769
0.0638,2997
0.0498,3690
-0.156,7087
-0.188,9108
0.276,1545
-0.0496,6774
-0.027,6446
-0.0575,7290
0.133,2631
-0.155,8993
-0.137,8489
0.0109,4296
0.0273,3507
0.0695,3539
0.0996,2059
-0.0377,5889
0.141,2111
-0.0125,5717
-0.037,7585
-0.232,9370
-0.0448,6539
-0.0915,7358
0.0974,2860
0.0324,4203
-0.0278,6556
0.199,1032
-0.122,7795
0.0548,3835
-0.24,9541
-0.0962,9429
0.0757,2140
-0.00819,5123
0.034,3925
0.034,3763
-0.0909,9615
0.106,1414
-0.00961,5607
0.146,755
0.0539,3074
-0.137,8727
-0.309,7277
0.0147,4492
-0.108,8710
0.296,291
0.232,928
-0.215,9243
-0.138,9236
0.0349,3787
0.14,1023
-0.0146,5804
0.0835,2573
0.773,548
0.068,3453
0.00491,4947
0.0107,4529
0.153,1178
-0.0625,6287
-0.156,9619
0.0466,4106
0.0692,1756
0.0057,4817
0.0447,4070
0.161,1672
0.204,1779
-0.204,9237
-0.0419,6274
-0.0902,8684
0.055,3682
0.0771,2000
0.01,4752
-0.187,9534
0.0981,1436
-0.137,9267
0.0991,1857
0.0491,3870
0.254,1704
0.0691,3627
-0.201,8525
-0.173,9053
-0.138,8344
-0.276,10185
-0.0302,5191
0.185,1263
-0.00374,5198
-0.0874,9363
-0.0224,5845
-0.0631,7228
-0.0184,5726
-0.271,9982
-0.0423,6308
-0.0506,7524
0.116,924
0.111,996
-0.157,7562
-0.0477,5514
-0.0183,5928
0.0783,3613
0.0326,4238
-0.0609,6638
0.00721,4760
-0.0477,6429
0.0621,2495
0.152,1324
0.259,961
-0.00462,5431
-0.0579,3946
-0.136,7118
0.00972,4737
0.0388,3735
-0.106,6238
0.176,202
-0.407,10423
-0.168,8854
-0.069,7054
0.0413,3615
0.444,106
-0.0357,5915
0.0692,2257
0.111,2753
-0.197,9854
-0.0684,8075
-0.1,4956
0.0609,3588
0.00674,4562
-0.0166,5486
-0.0639,6788
0.0939,2283
-0.349,10090
-0.128,8823
0.119,2226
-0.0852,7393
-0.0108,5346
-0.0785,9160
-0.126,8493
0.0352,4291
0.0555,2991
-0.156,10155
-0.152,9136
0.0911,1812
-0.159,8900
0.29,1167
0.161,875
0.188,300
-0.00851,5832
-0.142,9266
-0.118,9413
-0.0725,6657
0.489,562
-0.0577,8598
-0.0545,7249
-0.0348,5914
-0.16,10024
0.162,518
0.0119,4525
0.0539,1359
-0.0564,7272
-0.0139,5636
0.235,723
-0.047,7111
0.267,2003
-0.0649,7822
-0.189,9723
0.0746,1000
0.0565,3152
-0.244,9855
0.34,839
0.108,1491
0.171,1112
-0.0954,6903
-0.00826,5671
-0.22,9112
0.0381,3744
-0.0569,6023
0.0973,1291
0.118,2365
0.0145,4668
-0.063,6433
0.109,1928
0.288,523
-0.0416,6809
0.034,3635
-0.0197,6069
-0.0783,7001
-0.111,7622
0.106,2351
0.0555,1752
0.142,716
0.03,4388
0.286,297
-0.0644,6014
-0.421,6485
0.000774,5109
-0.0487,7478
-0.111,10043
-0.0868,7156
-0.114,6755
0.129,2187
0.185,610
0.0484,2667
0.0564,2357
-0.233,9238
0.0424,3749
0.317,710
0.471,172
-0.00841,5622
-0.0711,6863
-0.267,10082
-0.405,9189
-0.0505,6345
0.00256,4802
-0.0636,5705
-0.058,5919
-0.133,9572
0.000128,5255
0.012,4579
0.00325,4799
0.375,69
0.386,328
-0.114,8897
0.0363,4128
0.0671,2627
-0.112,9973
0.169,2259
-0.246,8627
0.018,4519
-0.342,9218
0.00771,4904
-0.0811,8046
0.0362,3699
0.0739,3017
0.0425,4040
-0.127,8107
-0.121,9309
-0.0577,6939
-0.264,9525
0.0544,3192
-0.129,8294
-0.371,9136
-0.103,7522
0.181,11
0.108,2264
0.174,810
0.213,1096
0.0255,4327
-0.0993,8159
-0.194,9212
0.171,1018
0.0725,2924
-0.127,7937
-0.159,9603
-0.0266,5870
0.0247,4304
-0.0524,6531
-0.0395,5958
-0.127,8073
-0.0771,7180
-0.0678,8481
-0.0538,6529
-0.191,9143
-0.155,8494
0.188,1589
-0.0716,6219
0.0196,4188
0.0314,4028
0.212,2123
-0.233,10371
0.132,2426
-0.0728,6529
-0.0694,7320
-0.0645,7351
-0.0777,7111
-0.0472,6418
-0.113,7906
-0.336,9080
-0.0386,6880
-0.17,8700
0.203,326
-0.113,6309
-0.266,9717
0.0218,4078
-0.0396,7380
-0.108,8651
-0.0829,7405
-0.0364,5420
0.322,829
-0.0844,7334
0.162,2767
0.0239,4622
-0.0742,6198
-0.00955,5368
-0.234,9448
0.0454,4327
-0.0761,8648
0.0382,3808
-0.0294,6417
0.0524,3640
-0.0423,7248
-0.457,9329
-0.0659,8334
0.0211,4162
0.0699,3553
-0.161,8734
0.218,1233
-0.298,5066
0.0929,1757
-0.00742,5539
-0.0709,7475
0.0521,2962
0.0177,4523
-0.043,5679
0.0536,2527
-0.285,5287
0.152,2364
-0.00761,5584
-0.0814,9156
0.319,496
-0.0434,7130
0.022,4310
-0.671,7824
0.892,517
-0.0347,3507
-0.792,9481
-0.712,9656
0.586,27
-0.249,9362
0.335,123
0.0291,4158
0.0494,2690
-0.00388,5183
-0.434,8224
-0.208,8661
0.0849,3190
-0.0877,5500
0.0411,3782
0.0521,2592
-0.321,9054
0.436,164
-0.154,9649
-0.0419,6467
-0.184,8903
-0.184,10278
-0.285,10305
-0.158,8446
-0.0756,7125
-0.475,10399
0.411,96
-0.031,6355
0.103,2916
0.0262,3760
-0.104,7877
0.493,1282
-0.0813,8133
-0.248,10389
-0.185,9564
0.0908,2454
-0.327,9936
0.187,1096
-0.0302,6190
0.0577,2970
0.0448,3590
-0.309,9802
0.0765,2770
-0.331,9849
0.0793,3296
-0.00431,5411
-0.47,10314
-0.123,9086
-0.213,9475
-0.194,9680
-0.0344,6243
-0.147,9713
0.115,1866
0.0185,4503
-0.292,10032
-0.287,7681
-0.0544,9854
0.062,2791
-0.0281,5442
0.186,1924
0.0716,3474
0.0249,4651
0.0318,3582
-0.0512,8317
-0.0371,9677
0.0827,2676
-0.0795,6309
0.0998,2241
0.125,2629
-0.0683,8628
0.266,412
-0.144,8426
-0.0383,6372
0.0917,3182
0.27,970
-0.00638,5328
0.179,1146
0.715,10
0.0875,3082
0.0273,4232
-0.0172,6046
-0.0671,7960
-0.144,8543
-0.0946,7986
-0.126,8011
-0.0306,6408
0.0894,2809
-0.185,10073
-0.0838,9319
-0.19,6166
-0.152,7820
0.243,1079
-0.00528,4875
0.146,625
-0.332,10438
0.103,2764
0.348,1500
0.17,1930
-0.254,9518
-0.017,5866
-0.207,8476
0.312,1041
-0.0985,8071
-0.197,9207
-0.0333,6151
-0.0333,6441
-0.0728,9096
0.0223,4294
-0.133,8595
0.137,2100
-0.0539,7253
0.0575,2780
-0.0427,6009
0.171,1421
-0.0221,5418
-0.151,8856
0.0727,3008
-0.03,6387
-0.163,9757
0.0193,4258
0.173,1550
0.132,886
-0.0206,5489
0.0968,2411
-0.171,8713
0.0745,2760
0.0832,3432
0.0178,4310
-0.0592,6795
-0.0269,6226
-0.037,5584
0.0218,4503
-0.104,7595
0.158,2025
-0.0366,6560
0.0244,4301
0.0218,4100
0.23,185
-0.00736,5354
-0.0356,6087
-0.00743,5179
-0.0175,7238
-0.193,9982
-0.0836,8274
-0.395,10055
0.153,2683
0.0186,4381
0.0656,3169
0.0543,3335
0.0352,3955
0.0936,2579
-0.301,9833
0.116,1479
-0.0754,9031
0.0233,4158
0.398,572
-0.254,10311
-0.0313,5348
-0.107,7092
0.0597,3814
0.0981,1368
0.0917,3785
0.0637,3831
0.393,548
0.446,879
0.0772,1577
0.113,1331
0.0644,2749
0.131,1507
0.0611,3643
-0.269,10195
-0.00374,5193
0.0168,4526
-0.0424,5716
0.0348,4265
0.444,164
-0.0563,5616
-0.0697,8397
0.044,3564
0.0141,4918
-0.00536,5285
-0.0491,6781
-0.182,9124
-0.0643,7881
0.0609,1837
-0.574,8564
2.11,333
-0.125,5859
0.0742,3165
0.0925,3011
-0.109,8893
0.068,3307
-0.257,9706
0.0686,3024
0.0662,3104
-0.159,8835
-0.0479,6483
0.282,208
-0.416,8803
0.15,3071
0.131,955
0.0336,4125
-0.0374,6456
-0.226,9781
-0.0592,6445
-0.0237,5928
0.203,903
0.149,1613
0.159,1226
-0.0375,6629
0.214,974
0.0578,3282
0.052,2993
0.0182,4345
0.0978,1931
0.0812,2502
0.0692,3340
0.0582,2643
-0.0473,7123
-0.0524,6373
-0.00627,5223
-0.1,7874
-0.0184,5726
0.0239,4434
-0.00588,5310
0.0217,3897
0.0192,4528
0.114,1727
-0.0974,6988
0.54,571
-0.0304,6290
-0.0867,7544
0.303,852
0.267,58
0.0584,2774
-0.243,9319
0.0826,2044
-0.162,9860
0.0454,3795
0.0322,4071
0.00492,4798
-0.367,9788
0.0483,2312
-0.133,8797
0.0108,4775
0.118,2260
-0.0382,6375
0.0204,4129
0.0211,4530
0.0258,4114
0.0385,4209
0.0653,3634
0.0309,4186
0.00977,4800
-0.117,8688
0.00646,4759
-0.036,5958
-0.0621,7973
-0.119,7083
0.0565,3803
0.119,1564
-0.0714,7754
0.133,2263
0.135,1285
0.0176,4554
0.0941,2850
0.0476,3414
-0.121,9494
0.0359,3223
-0.119,8328
0.0771,2872
0.00632,4910
0.12,1110
-0.142,8339
-0.0573,7517
-0.0845,4492
-0.0516,5434
-0.0572,7332
-0.102,9414
-0.0249,6392
0.0827,2027
-0.266,9439
0.0518,3734
0.0377,3524
0.0235,3634
-0.00301,5137
-0.0271,5740
-0.225,8946
0.0857,3056
-0.0545,7049
0.0964,2372
-0.779,9660
-0.184,9715
-0.0713,6221
-0.0238,5506
-0.131,9740
-0.102,7558
-0.837,8542
-0.0313,6574
-0.201,7514
0.255,1263
-0.0289,6694
-0.133,7773
0.724,1263
-0.629,9072
-0.0509,6294
-0.127,7291
-0.00951,5560
-0.243,9644
0.12,2285
-0.045,8055
0.187,970
0.0555,4089
-0.106,5503
-0.195,10298
-0.0265,5893
-0.0166,5896
0.067,3578
0.0229,4211
0.0932,3700
-0.0928,8730
0.0178,4432
-0.0663,7457
0.148,2057
0.15,2580
-0.136,8318
-0.0537,6417
-0.141,9963
-0.0069,5528
0.192,1530
0.0616,2610
0.0645,3748
0.0512,3939
0.018,4459
-0.145,8098
0.0582,3733
-0.193,6313
0.176,1043
0.19,1709
-0.0541,6511
-0.245,10371
0.0118,4810
0.785,24
-0.0289,5659
-0.35,9774
-0.325,10067
-0.0876,7705
0.115,1930
-0.203,7127
0.0545,3632
-0.11,8296
0.0054,4733
-0.0793,7422
-0.0558,7514
-0.113,7785
0.195,2577
-0.25,5880
-0.128,9620
0.0585,2644
0.0413,3246
-0.129,7766
-0.044,7498
0.164,2405
-0.0967,7988
0.0662,2313
0.0833,3584
0.0364,4216
-0.00811,5253
-0.149,9049
0.0738,3097
-0.012,5702
0.442,967
-0.238,8885
-0.218,6851
0.262,1450
-0.103,9532
-0.222,9738
0.271,740
0.0642,2666
-0.12,8753
-0.0774,5940
0.00363,5125
0.308,165
-0.186,9639
-0.115,9003
0.123,3374
0.709,638
0.0289,4075
0.027,3915
0.0412,3526
-0.071,7310
0.103,2860
-0.164,8556
0.0877,1947
-0.128,8857
-0.113,7871
0.145,2895
0.13,1409
-0.0474,7141
0.0718,2583
0.194,442
-0.000376,5070
-0.41,10219
-0.0685,8231
0.0943,2406
-0.152,8023
-0.0436,7281
-0.0747,7000
0.112,2190
-0.0126,5595
0.0841,3711
0.162,1228
-0.114,8014
0.27,524
-0.227,8523
-0.185,8884
-0.368,10383
0.015,4364
-0.0834,6375
0.0397,4212
-0.22,9633
-0.284,9609
0.258,738
-0.0714,7677
-0.0392,6250
0.0586,3820
0.0319,3782
-0.346,9618
-0.156,7986
-0.267,10084
-0.109,9401
-0.248,10144
-0.15,8479
-0.0403,5991
-0.0729,6647
0.0497,3157
-0.0902,7462
0.00325,4718
0.0484,99
0.0237,2102
-0.0128,7949
0.0296,582
-0.39,5912
0.035,4246
0.067,3697
0.242,244
-0.00957,5232
0.239,1906
-0.247,9157
-0.204,8754
-0.103,8825
-0.00573,5150
-0.0377,6277
0.172,2380
0.00632,4911
-0.0628,6793
0.0882,2452
-0.0172,4851
0.201,3046
0.123,3148
0.2,2857
0.119,2276
0.12,2282
-0.183,6664
0.0453,3814
0.108,2872
-0.17,6809
-0.0374,6461
-0.0987,8319
-0.225,8258
-0.0312,6021
0.0313,3977
-0.0901,8796
0.844,45
0.176,1530
0.00356,4899
0.249,1540
0.301,472
0.0728,2244
0.0153,3978
-0.0361,6024
0.0062,4874
0.158,1482
-0.151,7741
-0.0173,5190
-0.224,10115
-0.292,9952
0.0945,2600
0.163,1654
-0.132,9400
0.015,4445
0.219,672
-0.0906,7828
-0.173,10247
0.499,253
-0.0446,5592
0.0349,3851
0.0667,2979
-0.165,8176
-0.0114,5227
-0.0507,6253
0.782,40
0.211,337
-0.134,9015
0.498,400
0.0418,3420
-0.147,8705
-0.00461,5338
-0.0755,8214
-0.133,9410
-0.0164,5690
0.188,776
-0.118,8020
-0.0978,6866
0.0187,4398
-0.0955,9156
-0.0796,5744
0.136,2633
0.0406,3674
-0.109,7903
-0.158,9081
0.0148,4555
0.00736,4874
0.435,996
-0.0371,6075
0.217,376
-0.336,8021
-0.179,9953
0.372,1985
0.0226,3985
0.0262,4133
-0.0972,8981
-0.25,5687
-0.412,7764
-0.357,9183
0.0769,3926
-0.118,8724
-0.287,8732
0.00858,4750
-0.0944,8254
0.112,2113
-0.166,9760
0.12,2016
-0.0675,7195
0.0265,4200
-0.203,10054
0.0738,2836
0.00764,4655
-0.166,8363
0.0145,4559
-0.239,9689
-0.0999,7104
-0.107,7784
0.315,211
-0.497,7911
-0.107,3801
-0.0803,6977
0.161,2747
-0.0265,5565
-0.287,9883
0.0388,4219
0.0728,2936
-0.317,10392
-0.126,9681
-0.149,9361
0.00193,5201
0.049,3626
0.278,655
-0.0981,7495
0.0181,4131
0.247,732
0.0469,2882
-0.348,9625
0.116,2551
-0.234,8616
-0.0548,6566
0.121,648
-0.226,10112
-0.208,7238
0.0422,3828
-0.0739,7730
0.0203,4670
-0.132,9819
-0.00433,5142
-0.254,8951
-0.142,9043
0.152,1295
-0.0106,5163
0.126,331
-0.0755,8139
-0.393,6933
-0.175,5561
0.195,1786
0.14,768
-0.118,6968
-0.028,5452
-0.0633,6020
-0.222,9041
0.0183,4572
-0.39,10118
-0.0465,7438
0.376,272
0.0364,3469
0.955,163
-0.262,6953
-0.0683,7350
0.109,2257
-0.0919,7766
-0.232,8506
-0.181,7292
0.543,1242
-0.0921,9177
-0.0884,8029
0.0667,3762
-0.103,7914
0.11,3521
0.00985,4694
-0.00778,5452
0.0172,4223
-0.037,7868
0.162,1167
0.0359,3560
-0.147,10145
-0.0834,8626
0.0456,2992
0.208,792
0.291,23
0.00773,4786
-0.0227,4996
-0.102,7894
0.0811,2622
0.0291,4159
-0.0584,6351
0.0286,4099
-0.01,5092
0.132,1890
0.00124,5134
0.692,1651
-0.201,8368
-0.368,8988
0.0509,4150
-0.131,8045
-0.0284,5838
-0.322,9890
-0.0999,7689
-0.113,8408
-0.0663,6933
-0.0949,8103
0.00696,4322
-0.155,8227
-0.257,6027
-0.174,7190
0.0447,3686
0.0459,2893
-0.0227,5897
0.101,2931
0.0824,2373
-0.171,7233
0.125,1109
-0.131,8553
-0.0901,9009
-0.0213,5666
0.219,1531
-0.398,9792
-0.0161,5263
0.0175,4547
-0.0203,5789
0.0842,3041
-0.0853,8036
-0.00437,5092
-0.0336,4951
0.0317,3860
0.0124,4436
-0.121,7283
0.113,1709
-0.0725,7018
-0.367,9801
0.00959,4506
-0.0722,7757
-0.196,8927
0.121,2173
-0.266,9308
0.521,316
0.587,2
0.27,104
0.0503,3182
-0.0914,7220
0.115,1393
0.176,3242
-0.022,6415
0.0422,3364
-0.288,9376
-0.21,9229
0.0722,4067
0.208,1056
-0.154,8912
-0.119,7629
-0.119,7198
0.02,4646
0.0517,2460
-0.0393,6593
-0.111,9281
0.03,4017
-0.0785,8031
-0.0389,6408
-0.0163,5484
0.111,2914
0.0379,3505
0.153,909
-0.171,10017
-0.0629,6119
-0.02,5665
-0.193,8086
0.0512,3492
-0.0573,7797
-0.0699,5765
0.0988,2379
-0.0345,5967
-0.262,8408
-0.0555,6597
0.157,1060
0.334,839
0.0286,4222
-0.247,5888
0.128,1735
0.225,511
-0.117,8777
0.136,983
0.099,2585
-0.111,4238
0.0239,4097
-0.0743,7403
0.0323,3798
-0.096,6335
-0.0486,5561
0.00771,4800
0.129,1373
-0.0452,7207
-0.0788,7746
-0.103,7830
-0.0744,6755
-0.149,8594
-0.0968,8517
-0.0743,7945
-0.0553,7255
-0.0852,8299
-0.0694,6604
0.0568,3681
-0.0323,6771
-0.114,9684
0.0345,4101
-0.025,6001
0.11,3422
-0.0181,5545
0.0686,3272
0.254,624
0.181,1334
-0.39,10371
0.16,2521
-0.445,10378
0.0562,2910
-0.195,10331
0.13,2816
0.28,159
0.217,475
-0.283,9823
-0.0486,6753
0.00563,4929
0.0372,4154
0.0546,3690
-0.0888,7246
-0.319,7330
0.15,1918
-0.0196,6233
0.0483,3113
0.239,771
-0.132,9856
-0.037,5367
0.0271,3314
0.132,1972
0.0241,4363
-0.154,6680
0.202,2904
-0.348,10012
-0.222,10040
-0.168,10179
-0.0948,8128
-0.0576,7389
0.291,1517
0.015,4473
0.0494,3119
-0.0226,6223
0.0801,3310
0.517,193
-0.0351,5804
-0.0752,7483
0.0625,2313
-0.0903,7724
0.195,1266
-0.0235,6010
0.291,131
0.051,4139
-0.214,9924
-0.0255,5397
-0.0936,8493
0.41,217
-0.0774,9030
-0.0364,5937
0.0567,2272
-0.21,9284
-0.0229,5567
0.0927,1798
0.293,2270
0.038,4042
0.0244,3509
-0.15,9558
0.0698,3063
-0.0941,7399
0.0678,3557
-0.217,8449
0.0383,3315
0.00322,4930
-0.0251,5488
-0.193,8422
-0.044,6177
0.0272,4201
0.33,151
-0.127,9554
-0.139,5593
-0.0169,5633
0.523,318
0.105,2095
-0.0155,5658
0.141,3109
0.0939,2557
-0.085,6525
-0.299,9299
0.242,458
0.0245,4144
-0.00245,5157
0.0309,3970
-0.00446,5360
0.07,3528
-0.147,9619
-0.0578,7794
-0.0345,6566
-0.00761,5398
0.223,2409
0.0921,3041
0.0819,2678
-0.0405,6366
0.0305,4207
-0.0131,3046
-0.232,7952
0.00395,4940
-0.418,7863
0.0894,2166
0.0295,4178
0.0701,2844
-0.172,9760
-0.187,9385
0.121,2197
0.272,1230
-0.000474,5300
-0.0936,8345
-0.0494,6481
-0.0884,6567
-0.422,10170
0.142,1572
-0.124,10177
0.0885,2643
-0.185,9904
0.0226,4277
-0.0272,6112
-0.0922,9352
0.00877,4595
-0.0333,6308
-0.166,8374
-0.263,7483
-0.131,6682
0.0414,4087
-0.184,9932
0.0468,3663
0.0341,3699
-0.121,7629
0.0667,3625
-0.169,9031
0.144,1398
-0.107,7949
-0.298,7071
-0.0658,6967
0.544,269
-0.0567,7437
0.153,1008
0.0548,2993
0.416,499
-0.111,8577
0.177,1594
-0.0255,6544
0.0693,2724
0.0217,4308
0.222,572
0.0341,3828
0.0351,4350
0.00144,5112
-0.0212,5128
-0.171,8759
-0.134,8283
-0.0139,5219
1.05,409
-0.11,8364
-0.193,8245
-0.0413,6318
0.133,1990
0.0932,3063
-0.336,9109
-0.165,9790
0.0364,3974
-0.0552,6470
-0.291,8815
-0.0236,6160
0.114,2096
-0.116,9706
0.01,4782
0.318,1627
-0.139,9001
0.206,2667
-0.122,9104
0.00667,4504
0.218,1456
0.114,1901
0.0199,4502
0.141,934
0.057,2800
-0.0466,7085
-0.0331,5697
-0.00938,5662
0.168,363
0.0123,4444
0.0564,2643
0.0415,3362
-0.125,8546
-0.169,8010
0.0976,3203
-0.0149,5482
-0.0424,6758
0.0654,3171
0.00412,5178
0.169,2162
-0.0575,5845
-0.0864,6851
-0.185,10146
-0.0329,6639
-0.0343,5824
0.0539,3149
0.112,3432
0.0184,4091
0.0757,2136
0.00322,4715
0.25,1299
-0.112,9376
0.245,1850
-0.0357,6353
0.0384,2738
-0.0876,8991
-0.00364,5159
-0.199,9927
-0.028,5778
0.144,2721
-0.214,9764
0.0392,3732
-0.034,5771
0.21,511
-0.228,8585
-0.0509,6037
-0.0201,5952
-0.0746,8628
0.196,560
0.0807,2973
-0.00173,5130
0.163,1696
-0.0989,7435
0.195,257
-0.11,7495
-0.207,10024
0.0565,3443
-0.21,8841
-0.187,9680
-0.291,10366
-0.0456,5882
0.0692,2987
0.0158,4275
-1.26,9922
-0.0981,7226
-0.0144,5364
0.232,199
0.218,565
0.0998,2861
-0.0563,7271
-0.0031,5207
0.211,385
0.317,2018
-0.128,4115
-0.359,7575
0.0964,2873
-0.34,9826
0.556,544
0.039,4138
0.241,617
0.041,4056
0.341,139
0.0238,3748
-0.207,9201
0.238,1068
0.0215,4429
-0.298,9974
-0.0393,6493
0.0773,1805
0.07,2958
-0.102,7986
-0.143,7718
0.00994,4534
0.0399,4191
0.0693,2321
0.127,3105
-0.106,8810
-0.195,9294
-0.109,8356
-0.0467,7760
0.101,1664
0.0143,4584
-0.0608,7147
-0.157,7130
-0.339,7704
0.095,1329
-0.0514,8218
0.0206,4628
0.0904,2585
-0.369,7567
-0.57,9433
-0.193,10339
-0.112,8368
-0.202,9611
0.117,1103
-0.104,8357
0.321,203
-0.00223,5366
0.0499,2629
-0.0387,7347
-0.0775,8103
-0.0413,6911
0.151,1060
-0.0101,6054
-0.0744,7779
0.0399,4163
-0.197,10395
0.688,150
-0.184,9610
-0.0792,8669
-0.0573,7044
-0.0122,5139
-0.194,8462
-0.128,9613
0.113,3015
0.00952,4961
-0.0946,8306
-0.036,9225
0.181,3007
0.00502,5164
0.197,1324
-0.325,10397
-0.213,7255
-0.266,9402
-0.0161,5540
0.0584,3396
0.337,1394
0.15,1876
-0.261,7945
-0.192,9077
-0.0627,7273
0.0669,3483
0.385,1206
-0.0923,7472
0.0579,3487
0.0247,4113
0.0392,3427
-0.276,10251
-0.201,6094
0.651,844
0.26,1205
-0.156,9466
-0.07,7168
-0.0168,5863
0.116,1672
0.114,2667
-0.0225,5448
0.155,1816
-0.0466,8239
0.136,1960
-0.00907,5318
0.134,2278
-0.0279,6013
0.112,2958
0.063,2085
-0.104,9845
0.00511,4833
-0.0813,7660
0.102,1676
0.512,407
0.265,601
0.159,907
-0.0196,5714
-0.0483,6330
0.215,2066
0.193,2656
0.0783,2373
0.171,496
-0.145,9406
0.208,1343
-0.0882,7587
0.0874,3384
0.0804,2272
-0.0788,7663
0.0886,2406
-0.0928,7868
-0.236,7885
-0.0518,6623
-0.079,8341
-0.186,9529
0.239,971
-0.0836,7536
-0.155,8911
0.0228,4305
0.0633,3305
0.024,3471
-0.0195,5390
-0.191,9193
-0.161,8451
0.104,3116
0.0769,2474
0.22,337
0.0817,2646
0.0176,4563
-0.0797,6420
-0.0563,5625
0.0879,708
-0.0604,8620
-0.254,10430
0.112,1684
-0.337,8732
0.0455,3084
-0.0255,6269
0.0711,3547
-0.0533,6561
-0.231,8931
-0.00881,4970
-0.0455,6309
0.129,1808
-0.101,8548
0.123,2026
0.0459,3227
0.134,2347
-0.0223,5766
-0.0735,7522
0.0286,3897
0.352,334
0.0518,4069
-0.0178,5192
0.0135,4502
0.00874,4487
0.0564,2559
0.115,3103
-0.118,6077
-0.00705,4864
0.0422,4079
-0.114,7650
-0.0691,7847
-0.0253,6370
-0.0624,7305
-0.146,8575
-0.207,10129
0.0883,2504
-0.0691,6699
-0.0932,6255
0.0321,4307
0.477,506
0.355,209
0.0066,4914
-0.211,9127
-0.0872,7184
-0.0138,6400
-0.148,6929
-0.34,10257
-0.0636,8300
0.0573,3046
-0.16,10039
-0.178,3752
0.115,3822
-0.0878,6606
-0.0657,7605
0.165,707
-0.229,8725
0.315,1479
-0.0754,8194
0.0373,3522
0.159,2245
0.048,3466
0.0122,4745
-0.0312,6394
-0.0198,5595
-0.0406,6803
0.0331,3967
-0.192,10249
0.047,3518
-0.139,9359
-0.12,7652
-0.0542,5832
-0.191,9896
0.196,973
0.118,2420
-0.0625,7046
0.188,1846
0.0415,3941
-0.0412,7719
0.129,373
0.548,937
0.13,2994
0.404,1769
-0.0141,5357
-0.0583,7958
-0.161,10153
-0.0982,7809
0.0835,3036
-0.153,9245
0.192,546
0.107,1273
0.273,1073
0.339,273
-0.122,8126
0.146,963
-0.0684,6913
-0.0395,6253
0.188,555
-0.0956,8195
-0.11,7783
-0.0722,7296
-0.229,9595
-0.0309,6312
0.00245,5060
-0.213,9919
-0.0181,5400
0.238,1611
0.425,1611
-0.00411,4944
-0.191,10102
-0.191,7982
0.354,815
-0.0279,6036
-0.181,9891
-0.229,10408
-0.0229,6226
-0.0294,6790
-0.0282,5345
0.16,1346
-0.16,8624
0.177,767
-0.000909,5224
-0.218,9959
0.13,2087
-0.143,10151
0.0341,4462
0.0298,3616
-0.0963,8337
-0.059,6379
0.124,3054
0.169,1176
-0.166,8382
-0.055,7564
-0.0341,5846
0.00597,4725
0.0379,4178
-0.262,9441
-0.088,7204
-0.0883,8547
0.242,219
-0.069,7376
-0.0203,5662
0.0517,3882
-0.0887,8727
0.174,181
0.0479,4018
-0.248,7635
0.176,908
0.0207,4390
0.182,625
-0.116,8285
-0.155,10003
0.645,17
0.0336,4176
-0.044,6309
0.141,1335
0.292,868
-0.0428,5922
-0.139,8472
0.243,1743
-0.0618,5600
-0.116,9080
0.0017,5095
0.00338,4785
-0.0287,5763
0.0547,3804
-0.114,7050
0.0264,3841
-0.0654,7699
0.103,3440
-0.0145,5650
-0.152,8414
-0.344,10128
-0.0789,7342
-0.198,9850
0.121,470
-0.168,9570
0.136,1093
0.0536,3375
-0.0146,5592
0.0525,3059
-0.0119,5233
-0.183,9423
0.204,713
0.729,291
-0.0966,6672
-0.148,9783
-0.0968,7958
0.274,413
-0.0822,7546
-0.341,9973
-0.0866,7313
0.00605,4841
-0.305,9275
-0.0127,5375
-0.12,8529
-0.0264,5681
0.0538,3098
-0.188,10045
-0.0707,8113
0.236,1954
-0.306,9507
0.251,1339
0.185,924
-0.00871,5352
0.0555,2737
-0.0802,6685
0.105,2600
0.0947,2873
0.174,1276
0.0159,4628
-0.275,8724
-0.264,9389
-0.263,9391
-0.489,6962
0.0476,3938
-0.0875,7222
-0.0345,6004
0.0012,5080
-0.0339,6437
0.0745,2361
0.172,2220
-0.0101,5305
0.0116,4758
0.0138,4501
0.0876,1118
0.0961,1474
0.642,132
-0.41,10438
0.22,1620
0.118,1688
-0.0228,6684
-0.0832,8245
-0.0859,7246
-0.0211,5270
0.163,2445
0.195,2178
0.0962,2250
-0.0808,8758
-0.0705,7025
-0.0479,6192
0.213,710
0.125,1442
-0.0351,6627
-0.207,7971
-0.532,7417
0.127,2507
-0.115,7916
0.171,1243
-0.101,6953
0.108,2451
-0.0108,5119
-0.163,9068
0.0754,2253
0.0514,2751
0.307,167
0.183,1508
0.168,1256
0.383,410
0.0297,3940
0.31,267
-0.0757,6818
-0.0832,6629
-0.151,7433
-0.000274,5071
0.0389,3984
0.0705,3469
0.33,354
0.0767,3050
0.0857,2433
-0.00217,5300
-0.59,7373
-0.318,10383
-0.273,6597
0.00916,4806
-0.0648,8070
-0.48,6838
-0.363,5664
-0.033,5778
-0.403,10312
0.045,4245
-0.013,5607
0.0485,3321
-0.262,9328
-0.25,8358
0.42,206
-0.147,9846
-0.102,8659
0.154,2058
-0.261,10217
-0.0211,5540
-0.226,6083
0.08,1699
-0.133,8920
0.188,1055
0.224,1844
-0.0967,7727
-0.155,8692
-0.0376,7191
0.143,2445
0.262,841
-0.132,8837
-0.464,10248
0.00954,4700
0.263,636
-0.0367,6842
-0.112,8625
0.166,1817
-0.0653,7545
0.146,1672
-0.0713,10050
-0.0453,8128
0.0102,4690
0.133,1623
0.00614,4716
-0.193,9489
-0.0577,7647
-0.103,8913
-0.316,8843
0.262,1595
-0.386,9270
-0.0131,5234
0.0798,3235
0.0612,3536
-0.0444,6630
-0.0201,5366
0.217,1468
0.0994,2682
-0.0237,5914
0.0421,4037
0.154,1961
0.417,853
0.0141,4728
0.0188,4207
0.0107,4379
-0.161,9418
0.0612,2139
0.0945,2363
-0.0727,6973
0.00079,5062
-0.12,8805
-0.0295,6318
0.268,66
-0.0777,7009
-0.413,9144
-0.00967,5575
-0.0834,7686
0.0663,2429
0.153,2173
0.218,2142
-0.0114,5490
-0.101,6401
-0.112,8923
-0.152,8081
0.164,1091
-0.115,9086
-0.0453,7239
-0.0818,7822
0.121,1487
0.0567,3333
-0.0503,6183
0.174,715
-0.103,7977
-0.194,9300
0.0386,2957
-0.138,9686
-0.0936,7212
-0.104,7760
0.0313,3726
0.171,719
0.126,1352
-0.191,9791
0.0358,3839
-0.0638,7037
-0.158,7841
0.349,442
-0.135,8681
0.0501,2698
-0.0866,7340
0.819,824
-0.0745,6601
0.195,1181
0.14,1992
0.0887,2286
0.114,2612
-0.148,7328
0.136,314
-0.0813,7448
-0.171,9345
-0.0709,7733
1.18,934
-0.202,9583
-0.231,9938
-0.308,8200
0.0412,3745
-0.234,9404
-0.121,8705
-0.135,9004
-0.0617,7211
-0.138,7478
0.0868,1357
-0.0969,8842
-0.123,7519
-0.134,7848
-0.145,9080
-0.0197,6004
0.164,300
0.00986,4636
-0.0146,5442
0.0101,4712
0.0111,4617
0.0607,3542
0.0333,3593
0.181,787
0.0659,2933
-0.23,9434
-0.345,10047
-0.0648,7709
-0.0152,5470
0.0635,3707
-0.198,6303
0.0281,3894
-0.137,6820
-0.00983,5394
-0.116,10201
-0.106,6323
0.277,1067
-0.0778,8000
-0.123,9417
-0.128,8352
-0.00231,5254
0.0406,3733
0.00385,4812
-0.255,9338
-0.144,7142
0.542,695
0.061,3046
-0.0127,5778
-0.103,9444
0.145,2404
0.334,406
0.119,2342
0.227,438
0.0201,4343
-0.109,7945
0.0561,3324
0.138,2737
0.132,2952
0.0181,4208
0.037,3882
-0.115,7315
-0.107,8984
0.534,267
1.75,22
-0.113,9517
-0.231,9460
0.011,4722
0.132,1256
0.0355,4120
-0.474,10192
0.0682,3800
-0.0531,6302
-0.0863,8317
-0.0366,6097
0.115,2496
-0.0634,7293
0.0529,3144
-0.154,7895
0.186,2220
-0.0512,7171
0.16,2692
0.137,2366
-0.0366,7521
-0.0208,5564
0.0673,3080
0.00359,4771
0.176,1371
-0.034,6291
0.00827,4831
0.0371,3610
0.211,677
0.337,616
-0.216,8228
0.0188,4366
-0.165,8883
-0.00564,5132
-0.0717,6948
-0.0499,6393
0.09,2144
0.0882,3553
0.0991,1058
0.0286,3674
-0.00795,5559
0.0786,2082
-0.136,9700
0.187,1154
-0.099,6231
-0.213,9146
0.0527,3245
0.0711,3546
-0.236,8757
0.44,111
0.0425,4092
-0.0751,9988
0.137,1909
0.00824,4810
-0.223,9406
0.0154,4702
-0.0034,5090
-0.116,8038
-0.0923,7642
0.0916,3172
0.0652,2708
0.0845,2154
-0.0407,6477
0.0207,4384
0.405,145
-0.0367,6690
0.33,1299
0.0187,4623
-0.154,8998
0.0255,4005
-0.31,9898
-0.0886,8540
-0.235,9914
0.048,2241
-0.0383,5979
0.054,2479
-0.187,9399
0.0673,2972
0.186,1752
0.201,2488
0.119,2992
0.474,134
-0.101,7605
0.337,522
-0.255,6203
0.181,1692
-0.17,7570
0.123,1530
-0.201,9538
0.0292,4057
0.0169,4441
-0.0898,6599
0.118,489
-0.0113,6096
0.242,1115
0.174,1948
-0.0141,5907
-0.32,8736
0.0273,3686
-0.0939,8957
-0.048,6088
0.333,306
-0.342,10249
0.149,2289
-0.0748,7017
0.0103,4614
-0.0806,7931
-0.0668,7357
-0.198,8791
-0.204,9571
-0.0742,6900
0.102,1215
-0.191,9807
0.151,2822
0.18,1938
0.012,4649
-0.09,9218
-0.0552,7324
-0.0452,7087
0.123,2851
0.471,363
-0.0608,6279
0.0324,3625
-0.129,10273
0.0927,3443
0.318,1113
0.349,1265
0.0736,3650
0.275,1859
0.438,102
-0.0213,5621
0.155,1349
-0.332,9519
0.0838,3075
0.0952,1824
-0.0633,6263
-0.0222,5354
-0.0457,6943
0.285,1475
-0.321,9030
0.00447,4851
-0.195,9872
-0.0971,7319
-0.144,8346
-0.156,8721
-0.199,9358
0.0172,4590
0.116,2358
-0.0977,8132
-0.169,8732
-0.107,5076
0.133,2561
0.0522,3417
-0.127,7901
0.0217,4361
-0.00127,5003
-0.0518,6561
-0.00269,5242
-0.171,9577
0.0967,2271
-0.062,6804
-0.533,9800
0.0533,3622
-0.274,9974
-0.166,9499
-0.0431,7713
0.247,702
-0.24,9479
-0.178,9949
0.114,3084
-0.0958,9619
-0.0493,7760
-0.0227,5357
-0.0851,7450
-0.244,10084
-0.0934,7772
0.0516,3834
-0.229,10318
0.0731,3143
-0.015,5018
0.056,3572
0.288,1615
0.0206,4494
-0.0491,7426
-0.136,7948
-0.096,7880
-0.015,5631
0.0794,3753
-0.029,6429
-0.0711,8136
0.0337,3977
0.00399,4607
0.117,2165
-0.257,9850
-0.0302,5906
-0.0798,8401
0.0317,4042
0.0766,2431
-0.0539,6162
0.145,1079
-0.189,10260
0.3,37
0.0384,4224
-0.135,7419
-0.286,9635
-0.0894,7918
0.0694,2144
-0.0457,7670
-0.0563,6645
0.293,1433
-0.00122,4644
-0.331,7188
-0.0971,7968
-0.0669,8472
0.0196,4630
0.166,937
0.0153,4643
0.147,2643
0.0419,3464
0.131,876
0.0988,2349
0.00934,4861
0.0544,3403
0.638,103
0.0227,3752
0.0725,3001
-0.324,9856
-0.122,8564
0.336,141
-0.0839,7269
0.0681,2530
-0.038,6570
-0.106,8185
-0.127,8364
0.23,1437
0.112,2259
-0.0633,8395
-0.0836,5806
0.00535,4959
-0.116,7991
-0.122,7888
-0.316,9352
-0.124,8952
-0.109,9521
-0.0411,5805
-0.174,8605
0.0047,5022
0.471,943
-0.159,8495
-0.0166,5519
-0.16,7824
-0.147,8624
0.307,511
0.0259,4118
0.0858,1980
-0.259,9886
-0.133,9884
-0.211,8978
-0.246,10071
-0.418,9391
0.292,142
0.679,1474
0.108,2362
-0.0457,5923
-0.183,9574
-0.0354,6247
-0.159,10145
0.0448,3938
-0.064,7161
0.000588,4907
0.065,1758
-0.00417,5285
-0.129,9593
0.0416,3745
-0.124,8266
-0.079,6749
0.163,1516
0.202,890
0.349,895
-0.0216,5760
-0.14,8332
-0.232,9661
-0.119,8791
0.0643,3243
-0.033,7097
-0.377,9902
-0.211,6027
0.432,751
-0.0707,7360
-0.0869,7217
0.0565,2770
0.127,2064
-0.235,9725
0.975,14
-0.0633,7320
0.00528,5085
-0.0531,7220
-0.0782,6972
0.101,2097
-0.332,9391
-0.324,9372
-0.0215,5689
0.185,91
-0.018,6104
-0.00983,5513
0.437,773
0.571,1186
-0.0629,8176
0.0835,1392
-0.0541,6256
-0.138,7782
-0.496,9592
0.0664,2656
0.131,1525
0.0447,3138
0.129,2115
0.109,3111
0.105,1322
-0.0368,7077
0.0341,3168
-0.134,9347
0.238,538
0.0803,2477
0.181,1103
0.059,3288
0.121,2172
0.12,1949
0.0856,3205
-0.129,8586
-0.0466,5667
0.328,727
0.133,1971
-0.0225,5861
-0.12,8330
-0.165,7996
1.38,206
-0.152,8594
0.0212,4527
-0.11,7575
0.0797,3729
-0.0221,6797
-0.229,10325
0.166,1309
0.135,502
0.163,480
0.0964,3598
0.143,1677
0.259,646
0.102,2636
0.123,2042
-0.081,7367
-0.0532,6999
-0.0108,5294
-0.15,8575
-0.219,9160
-0.151,8139
0.0615,3076
-0.0693,7032
-0.151,5911
-0.185,8416
-0.1,7270
-0.0748,6529
0.0803,2641
-0.114,7730
-0.112,8708
0.159,1889
-0.02,6482
-0.1,8921
-0.0459,7551
0.0622,3881
-0.348,9482
5.36e-05,5250
0.118,2347
-0.117,9180
-0.0195,5591
-0.201,9320
0.0445,3673
-0.254,8211
0.125,2895
0.075,2508
-0.0421,7313
-0.201,10195
0.109,769
-0.108,9478
0.22,239
-0.0731,6509
0.0157,4498
0.0194,4490
0.0465,3723
-0.0342,6190
-0.152,9331
-0.252,9029
0.219,480
0.0634,3802
0.247,1691
0.0319,3438
0.0353,3922
-0.0458,6115
-0.0966,8586
0.0695,2540
0.302,66
0.0282,4087
-0.0825,7458
0.0747,3150
0.153,2584
-0.0982,8319
-0.0484,6601
0.109,1605
0.17,2178
0.162,1164
0.0431,3096
-0.228,10194
0.11,1822
-0.262,10023
-0.136,7567
0.00648,4673
0.0736,3582
0.158,558
-0.0117,5694
-0.0733,5994
0.246,688
-0.0446,6081
-0.0266,6053
-0.172,9697
-0.0432,5995
0.321,173
-0.0898,8045
-0.0398,5444
-0.0564,7627
0.117,1844
-0.0812,8901
-0.0728,8255
-0.0876,6997
-0.192,8462
0.063,3709
-0.336,10067
-0.115,9489
-0.206,9290
-0.00371,4984
-0.0255,5975
0.278,1416
-0.0974,9682
0.0462,3427
0.0962,3536
-0.206,7176
-0.175,8273
0.188,710
-0.00328,5392
-0.0549,7641
0.0929,3693
-0.208,7360
-0.0233,5330
0.261,792
0.0471,3539
0.0798,3288
0.00388,3153
-0.258,5185
-0.247,3949
-0.103,6084
0.16,736
-0.0421,6096
-0.119,8451
-0.0968,4150
-0.0994,6965
-0.0612,7524
-0.0305,7428
-0.0402,6023
0.085,3232
0.302,80
0.0938,3665
-0.0293,6077
0.0738,2321
0.00675,4770
0.0893,2611
-0.357,9435
0.043,3694
0.176,959
0.0881,1848
0.0166,4491
-0.125,7219
0.218,1650
-0.0267,6565
-0.246,9186
-0.0132,5615
-0.244,9913
-0.0581,6325
0.335,102
0.108,1847
-0.225,9592
-0.111,8598
-0.0838,7955
-0.545,10473
-0.429,9638
0.0647,3323
0.00166,5107
0.0279,4087
0.126,2772
0.351,147
-0.0493,5826
-0.00317,5291
0.297,105
-0.0704,6423
0.259,1382
-0.153,9261
0.0464,4237
0.123,2820
-0.0726,7984
-0.0957,7512
0.109,3158
-0.17,9950
0.255,2460
-0.156,9928
-0.107,8850
-0.0308,6160
-0.104,7997
0.0711,3249
-0.106,7708
0.308,420
-0.235,9198
-0.111,7648
0.0874,3147
-0.193,8480
0.669,184
-0.0942,7243
-0.0366,6690
-0.27,10351
0.288,300
-0.0348,5915
-0.342,10165
0.0818,1563
-0.0186,5397
0.11,2790
-0.395,9209
-0.264,8380
-0.387,9931
0.112,2288
-0.0303,6799
-0.0747,7751
-0.2,7659
-0.184,7013
0.104,2356
-0.0264,5610
0.115,2994
-0.0768,7127
-0.169,7899
0.187,2601
0.0153,4444
0.0238,4249
0.0772,2354
0.273,464
-0.0133,5418
0.0575,3322
0.0973,2107
0.115,2707
-0.0379,7214
-0.0152,5036
0.179,1816
-0.053,5785
-0.166,8386
0.167,261
0.0302,3380
-0.227,8898
0.12,2321
0.536,464
0.198,1909
-0.0741,7960
0.071,2517
-0.151,8587
-0.0335,5878
-0.398,10097
0.0147,4672
0.0328,3011
0.0305,3727
0.0918,3159
0.0102,4572
0.0813,2681
0.076,3265
0.0371,3834
-0.1,8564
0.142,1191
-0.251,7254
0.156,2904
-0.192,9272
-0.0409,6439
-0.0464,6699
0.138,1321
-0.309,10384
-0.255,10351
-0.0208,5601
0.0957,1722
-0.14,9744
-0.139,8301
-0.0399,6235
-0.0607,7094
0.00639,4899
-0.0631,8762
-0.122,8095
-0.163,7783
0.0367,4245
-0.529,10311
-0.531,10199
0.0274,4052
0.0559,3575
0.297,432
-0.0543,6757
-0.0637,6608
0.16,1815
0.0978,1426
-0.0294,6526
-0.128,9042
0.123,2632
-0.0891,6620
0.204,844
0.0103,4503
0.117,1684
0.118,1938
-0.114,8775
0.0469,3442
-0.0797,6698
-0.0228,5551
0.0989,887
0.00219,5174
-0.0836,7452
-0.0146,5338
-0.169,7728
0.1,1217
-0.0591,7622
-0.0509,6766
-0.0587,6074
-0.178,8229
-0.0433,5254
-0.0135,5588
0.314,118
0.117,1277
0.11,1570
-0.00447,5221
-0.267,10074
0.0148,4312
-0.0793,8634
-0.156,9676
-0.118,7880
-0.202,6642
0.16,1620
-0.00602,5171
0.836,0
-0.0437,6380
-0.263,9509
0.137,1897
0.175,3250
0.0885,2853
0.0521,3506
-0.195,9872
-0.253,10252
-0.174,7534
0.0118,4593
-0.102,8464
0.0213,4005
0.0703,3187
-0.0125,5474
-0.0313,5949
0.0998,3777
0.171,1250
0.055,3273
0.0107,4568
-0.0231,4939
0.0475,3584
-0.176,9781
-0.0642,6819
0.0522,3663
0.0349,4048
0.065,3252
-0.0476,6185
0.00525,4982
-0.0567,7271
-0.00551,5401
0.152,1465
-0.0179,5982
0.501,262
-0.0603,5948
0.0723,2904
-0.0373,7925
0.781,290
0.146,1717
0.0425,3561
0.144,470
0.0611,2498
-0.00348,5215
-0.046,6655
-0.202,9398
0.605,186
-0.0379,8313
0.0475,2725
-0.0245,6170
0.0494,4234
-0.133,7432
-0.214,9753
0.00832,4885
0.062,1959
-0.0366,6334
-0.14,8611
-0.31,10056
0.208,1451
0.19,392
-0.0499,7974
-0.0906,8963
-0.0154,5461
-0.123,8421
-0.0457,5361
0.116,3052
0.188,1687
-0.0064,5552
-0.0484,5875
-0.209,9841
0.312,1350
0.123,1453
0.0657,2375
0.0299,4061
-0.00276,5073
0.036,4258
-0.0817,7046
-0.115,9122
0.00266,5266
0.0602,2776
-0.13,8309
-0.0979,6442
-0.382,9559
-0.11,7294
-0.0108,5636
0.137,884
0.0647,3814
-0.0765,6373
0.215,1013
0.12,2599
-0.0502,7436
0.308,217
0.0951,2772
-0.00865,5174
0.211,1212
0.0766,2877
0.111,3293
0.0462,4093
-0.286,8984
-0.127,8620
-0.277,8944
-0.15,8119
0.0988,471
-0.0132,5408
-0.578,9001
-0.354,9700
-0.303,9378
-0.0415,5533
-0.00596,5479
0.0361,3360
-0.234,5403
-0.212,6319
-1.09,9881
0.318,552
-0.246,8040
-0.207,7797
0.137,2896
-0.0412,5691
-0.0333,6375
-0.22,10190
-0.173,4601
1.71,561
0.3,1743
-0.0751,8687
-0.0429,7143
-0.439,7729
-0.126,6510
0.702,268
0.243,1561
-0.111,7967
0.00448,3362
-0.453,9958
0.0927,1184
0.0341,4103
0.00104,5097
-0.213,9309
-0.0581,4235
-0.127,8204
0.204,2016
0.0991,2848
0.0519,3614
-0.597,8869
0.0625,4083
-0.203,9680
0.0609,3993
-0.138,8255
0.000304,5036
-0.352,9077
-0.319,10145
0.0438,4158
-0.29,6230
-0.0953,8501
-0.0648,7248
0.0611,3402
0.0727,2136
0.164,2012
0.325,403
-0.027,6054
-0.0646,7865
0.0688,3472
0.107,3005
-0.0248,5531
-0.0972,7609
0.0108,4814
0.251,1611
-0.196,9908
0.00146,5338
-0.0542,8466
-0.113,7708
-0.124,8892
-0.013,5470
0.301,41
0.108,699
-0.114,8907
-0.214,6150
-0.169,5249
-0.567,9966
0.138,3274
0.547,1041
-0.0373,6298
-0.0769,6930
-0.416,10004
-0.23,10204
0.0481,3498
-0.0359,7260
-0.126,8420
0.374,254
0.0586,2401
-0.231,9414
0.00325,4890
0.23,593
-0.318,7873
-0.0788,7833
-0.0728,7447
-0.251,9413
-0.0499,7347
0.0764,1279
-0.0932,8096
-0.0501,6322
-0.0316,6451
-0.188,9918
0.0523,3685
-0.0181,5345
-0.0431,7693
-0.101,7194
-0.197,9992
0.0157,4696
-0.0243,6718
-0.217,10017
-0.00148,4935
-0.0589,7388
-0.331,9675
0.412,146
0.072,1833
0.0132,3678
0.0965,2722
0.207,1505
0.00909,4586
0.092,2121
-0.0123,5037
0.00567,4724
-0.0913,7450
-0.166,7217
0.0567,3791
0.259,255
-0.013,5439
0.0841,3313
0.174,758
0.734,46
0.185,1561
0.244,1586
0.0853,1111
0.157,549
-0.00526,5291
0.103,2356
-0.09,6749
-0.338,10161
-0.0364,6174
-0.202,10220
-0.0372,7474
0.113,2300
0.0102,4738
0.103,1697
-0.0847,7121
-0.195,9902
0.194,1366
-0.139,7858
-0.162,7320
1.27,317
-0.0825,8777
0.0109,4760
0.191,224
-0.0455,6417
-0.173,6906
-0.0453,7543
-0.0525,8306
0.205,958
-0.224,9428
-0.22,9021
0.0336,4258
-0.0584,6716
0.108,2230
0.106,1157
0.0607,2865
-0.203,9860
-0.0377,5332
-0.293,7863
0.0809,2093
0.12,619
-0.152,7111
0.00239,4857
-0.101,6095
-0.183,6593
0.111,2763
-0.159,7890
-0.00404,4550
-0.0378,5738
1.15,349
-0.154,8232
-0.0762,6056
0.113,3321
-0.0407,6316
-0.0224,6195
0.107,3186
0.0223,4427
-0.0667,9444
-0.0736,6777
-0.00614,5375
-0.152,9659
-0.312,9752
0.048,3758
-0.00803,5700
-0.00687,5302
-0.168,8895
-0.0995,7611
0.108,2766
0.0508,3295
0.2,498
-0.00668,5212
0.171,1559
-0.00525,4911
0.0633,3868
-0.0153,5352
-0.0254,6254
-0.0349,6091
0.0961,2289
-0.029,6419
-0.113,7238
-0.164,7027
0.0486,2801
0.0795,1502
0.0198,4489
-0.0591,6642
-0.0576,8479
-0.0393,6208
-0.065,8364
0.0204,4470
-0.113,6633
0.15,2361
0.221,1467
-0.122,7837
0.0757,3141
-0.0113,6164
0.111,2065
0.24,299
-0.122,8621
0.665,4
0.00876,4792
0.0392,3628
-0.154,8929
0.0373,3565
-0.145,8631
0.193,1918
-0.0726,7935
-0.094,7938
-0.0349,5791
0.194,2149
0.156,2252
-0.0379,6231
-0.154,9395
0.196,1749
-0.24,9654
-0.0684,8386
-0.148,9106
0.126,3127
-0.193,8204
0.205,532
-0.0243,5447
-0.211,9943
0.00414,4819
0.147,1640
0.114,2700
0.268,454
-0.0603,6572
0.0255,4453
-0.0987,6570
0.0966,2900
0.00617,4820
0.238,875
-0.105,7560
0.146,2034
3.69,169
0.0836,1479
-0.0117,5530
0.0687,2850
0.189,2173
-0.296,6968
0.0268,4592
-0.0647,6009
0.096,2377
-0.124,7711
0.414,810
-0.141,9645
-0.0834,8763
0.0234,4462
-0.129,8334
-0.0482,7225
0.0912,2136
0.00975,4849
0.0391,4010
0.286,544
-0.0179,5952
0.032,4483
0.0244,4389
0.17,1645
-0.0289,5605
0.469,913
-0.317,10235
0.00861,4748
-0.259,10149
-0.0931,7865
0.0528,3389
0.0435,3842
-0.0806,6732
0.0264,3341
0.0574,1980
-0.0452,3730
-0.972,9456
-0.227,6162
-0.539,8705
-0.317,6062
-0.379,6177
-0.34,10086
0.206,773
0.0612,3315
0.0176,4113
-0.0101,5300
0.084,3072
-0.273,10170
0.218,1026
-0.0613,6825
0.0956,761
-0.0202,5419
0.052,3957
-0.224,8547
0.0128,4744
0.0212,4098
-0.19,8781
0.000548,4987
0.0758,2292
-0.0531,6869
0.0972,3171
-0.0685,8626
0.0228,3803
-0.0185,6039
-0.00728,5510
-0.0319,5873
0.0212,4617
0.112,895
-0.0532,6692
0.0354,3894
-0.233,10182
-0.118,7640
-0.0762,6033
0.117,2173
0.0437,2956
0.125,2621
-0.101,7460
0.00542,4958
-0.202,9993
0.0784,2575
-0.0586,5564
-0.204,9332
0.0146,4866
0.0589,3075
-0.0685,8571
-0.0548,7270
-0.186,8349
-0.209,7601
0.258,1530
0.0165,4642
-0.0435,6757
-0.396,10431
-0.0609,6953
0.00545,5017
-0.113,7376
-0.098,8710
-0.0626,7061
0.074,3454
-0.0443,6205
0.0449,3671
0.104,2619
-0.0692,7629
0.0466,2907
-0.0714,7185
0.0833,2689
-0.0481,5939
0.105,2817
0.0205,4529
-0.0799,9038
-0.0565,7057
0.0781,1630
-0.143,8288
-0.0656,6371
-0.129,9532
-0.118,7956
0.217,356
-0.182,9633
-0.0789,7895
-0.237,9737
0.023,4256
0.0416,3243
0.0287,3808
0.0323,3866
0.0117,4911
-0.0639,7513
-0.00343,5416
-0.104,9113
-0.18,10106
-0.389,10265
-0.00974,5407
-0.192,10179
-0.0191,5811
0.000592,5142
0.131,2326
0.0185,4602
0.324,653
0.105,2605
0.108,982
0.108,896
0.235,1399
-0.0249,5840
0.0153,4563
-0.159,9933
-0.133,8878
0.0821,2650
-0.0511,6471
-0.234,9707
0.128,2430
-0.00511,5326
-0.0802,7286
0.0441,3501
-0.474,9888
0.456,619
-0.342,8765
-0.0514,6917
-0.0232,5933
0.193,1858
-0.0467,5478
0.0677,3694
0.0318,4236
0.137,1524
-0.0303,6365
0.147,1208
0.0787,3354
-0.159,8658
0.227,1832
0.163,194
-0.088,9327
-0.109,4098
-0.241,9034
-0.218,9512
-0.0921,7444
-0.069,8934
0.232,124
0.0429,3973
0.208,2240
0.0661,2847
-0.105,7387
-0.0693,7990
0.204,229
0.032,3615
0.103,2124
-0.0361,6537
0.00682,4975
-0.0297,6885
-0.113,9922
-0.012,5826
0.283,858
0.0872,3127
-0.309,10249
0.175,1613
-0.273,9801
0.0766,3758
-0.0229,5816
-0.0466,6100
0.0206,4645
-0.0986,7957
-0.0434,7810
-0.00691,5773
-0.15,10192
-0.176,8485
0.063,3143
-0.177,9457
-0.00516,5363
0.00622,4854
0.264,766
0.2,305
0.0626,3365
0.067,2739
0.015,4318
-0.134,6763
-0.43,9172
-0.0411,5801
-0.303,9675
-0.0186,5602
0.00144,5205
0.0477,3752
0.0926,3324
-0.101,6242
0.176,2944
-0.139,9365
0.168,791
-0.0493,7815
-0.206,8995
-0.141,8118
0.226,1286
-0.0345,7105
0.0792,1586
0.025,4187
-0.247,10091
0.388,1132
0.183,2288
-0.0505,6587
0.448,1889
0.0477,3654
0.579,101
0.358,553
0.0927,1590
0.159,598
0.397,814
-0.0606,6968
0.00695,4776
0.19,2502
-0.0539,6831
0.157,1191
-0.0598,6368
-0.0128,5602
-0.377,7877
-0.0358,5898
-0.0514,7185
0.0666,3171
-0.0182,6409
-0.264,7869
-0.0132,5846
0.118,2142
-0.0421,6589
-0.127,8724
-0.0448,6090
-0.118,8784
0.0237,3896
0.0839,3311
-0.145,8594
0.0449,3097
0.0294,2618
0.301,1173
-0.0755,7631
0.0636,3148
-0.0731,6957
-0.147,8947
0.0971,1880
0.0071,4632
0.0577,3958
-0.192,9930
0.126,1911
-0.105,9244
0.0427,3570
-0.324,10363
0.04,4062
0.0195,4300
0.155,1451
-0.306,10181
0.202,339
1.05,49
-0.0518,6002
0.0253,4339
0.0217,4145
0.203,868
0.011,4167
-0.0528,8128
-0.0692,7415
0.0596,3406
-0.171,9332
-0.054,7054
-0.0145,5560
0.0172,4551
0.0952,3609
-0.0748,7091
0.082,2377
0.114,625
-0.0993,8269
-0.0839,8407
-0.0585,7551
0.441,1392
0.297,1345
-0.0987,9836
0.0373,3754
0.279,973
0.00725,4855
-0.175,8263
0.163,1079
-0.0953,7616
0.0748,2846
-0.0796,7402
0.0322,4572
0.0708,3460
-0.146,9716
0.197,703
-0.0189,6334
-0.0388,6150
0.0227,4305
-0.0707,6828
0.238,768
-0.00178,5218
0.118,2000
0.0135,4770
-0.219,10353
0.0045,4951
0.0234,4142
0.0201,4313
-0.0256,5769
0.0392,3706
-0.107,8256
0.157,1623
-0.129,8030
-0.147,9989
0.114,110
-0.197,9532
-0.115,8927
-0.168,8179
0.118,2714
0.128,1901
-0.0654,8346
0.304,390
0.00427,5120
0.0393,3276
0.0705,1001
0.0262,4337
-0.0102,5682
0.106,1957
0.0795,2287
-0.351,8500
-0.0362,5878
0.107,1896
0.127,2254
0.044,4024
-0.159,9566
0.0069,4847
0.197,663
0.0787,3589
0.189,1325
-0.0811,6327
0.0989,2746
-0.141,8384
-0.0659,6889
-0.00837,5356
-2.73e-05,5160
-0.0481,6928
0.0464,4375
-0.272,10025
-0.0728,7649
-0.196,8885
0.11,604
-0.101,7623
-0.0335,6280
-0.0145,5137
-0.35,9317
0.0361,3646
0.0587,2300
-0.0523,6179
-0.317,9697
-0.281,10187
-0.262,9586
-0.159,9955
0.139,1430
-0.227,10260
0.187,1387
-0.155,8270
-0.186,8740
0.0678,582
-0.101,9388
0.157,1217
-0.119,7843
0.0178,4374
0.0999,2999
0.138,1617
0.0591,3629
-0.0439,6773
-0.0623,7440
-0.0847,7378
0.165,2098
-0.118,7983
0.0779,3110
-0.156,7592
-0.139,8821
-0.243,9541
-0.0755,8439
-0.103,8389
0.0395,3242
-0.123,9606
-0.0916,9033
0.0497,3261
-0.234,9618
-0.0216,5861
0.107,1674
-0.0986,8750
0.0679,2438
-0.231,9797
-0.0252,5337
0.0122,3884
-0.0496,7380
0.331,667
-0.0419,6293
-0.107,9316
-0.0889,6915
-0.177,10060
-0.00848,5533
-0.0522,6803
-0.155,8752
0.342,360
0.271,491
-0.135,9415
-0.00355,5466
0.0258,4194
-0.299,8897
-0.0472,6875
0.144,2697
0.126,2369
0.286,4
-0.0394,7575
0.082,2481
0.013,4895
-0.0704,4208
0.0564,2329
0.00594,4913
-0.111,7649
-0.00735,4958
-0.108,7512
-0.344,9818
0.00633,4814
0.0248,3409
0.000479,5069
-0.226,8444
0.101,2123
0.0973,2878
0.156,1139
-0.201,9852
0.636,342
-0.0757,6536
-0.0482,6263
-0.108,9299
-0.217,9742
-0.0456,7126
-0.0531,6547
-0.0479,6653
-0.0693,5683
-0.123,8934
-0.321,9300
-0.754,10333
0.0606,1642
0.0346,3391
-0.0847,8220
0.0089,4506
-0.0246,6044
0.43,1585
-0.238,10367
0.092,2189
-0.0358,6752
-0.000113,5051
-0.0196,6009
0.0956,3547
0.0748,2076
0.0399,3372
0.123,2910
0.051,3447
0.0508,3665
0.449,602
-0.0395,6262
-0.0442,7475
-0.16,8446
-0.0611,6881
-0.0265,5807
0.0151,4768
-0.0464,9371
0.213,824
0.0287,4076
0.146,2204
0.082,1895
0.145,1134
-0.0722,7397
-0.0696,8374
0.00891,4629
-0.0989,8716
0.175,1263
0.147,2895
0.0177,4354
-0.0803,8267
-0.164,9694
-0.0201,5104
-0.0462,6227
0.0429,3621
0.0849,2611
-0.128,9607
0.214,1306
-0.386,9994
-0.0784,5900
0.121,664
-0.229,9755
0.129,1045
-0.106,7999
0.0302,4076
0.171,1128
0.14,2591
-0.0127,5486
0.22,619
0.251,1140
-0.173,9614
-0.0139,5281
-0.0069,5307
-0.0579,8055
-0.0218,5789
-0.00252,4942
0.0458,3832
-0.343,9897
-0.117,6323
-0.0999,8414
0.0211,4215
0.0819,1987
-0.0932,6353
0.187,951
-0.00815,5546
0.037,3657
0.198,706
0.00501,4729
-0.348,9776
-0.0413,6510
0.0827,2162
-0.163,9431
-0.185,8223
0.00307,5018
0.079,2929
-0.0533,5906
-0.0477,6596
0.0862,1587
-0.0141,5573
0.05,3940
0.0294,4047
-0.142,7741
-0.187,9967
-0.0774,7551
0.0178,4635
-0.142,7367
-0.24,9665
0.0916,2657
-0.822,9458
-0.0392,6460
0.0339,3372
-0.187,9397
-0.147,8490
0.053,2642
-0.0958,7051
0.0265,4023
0.168,534
0.19,970
-0.0224,6524
0.0026,5051
0.28,257
0.00541,4793
0.0671,2678
0.129,2689
0.0382,3363
0.159,2637
0.0263,3873
0.0191,4225
-0.0342,6602
-0.118,8180
-0.00625,5718
-0.0983,7823
0.0746,2076
-0.00571,5025
0.193,530
0.197,1874
0.288,344
-0.277,10296
0.0101,4797
0.0157,4547
0.0894,2812
-0.0382,6500
0.0169,4675
-0.0621,5994
-0.283,10315
0.0582,3827
0.0156,4620
-0.0367,5987
-0.187,9732
0.0513,3185
-0.149,8263
0.0133,4406
0.0331,4049
0.456,1161
-0.355,8172
0.405,553
0.203,1630
0.0733,2353
-0.0596,6295
0.212,1255
0.098,1090
-0.0265,5961
-0.0794,6772
0.0075,4793
-0.0499,7198
0.0417,3910
-0.19,9731
-0.0552,6333
0.149,2961
0.0249,4165
-0.0428,6359
0.112,2813
-0.157,7431
-0.296,9195
-0.00348,5269
0.0077,5024
0.0154,4443
0.0344,4013
0.0472,3857
-0.23,5136
0.18,1145
0.077,2822
0.0729,3260
-0.101,8614
0.157,1259
0.00332,5120
0.14,1252
0.199,143
0.0504,3733
-0.269,10003
-0.206,9248
0.0388,3971
-0.182,8984
0.0292,3981
0.0209,4426
-0.204,9709
-0.0603,7074
0.00304,4795
-0.00225,5080
-0.0708,8974
0.00246,5239
-0.0636,7060
0.0164,4426
0.176,2104
0.0681,2286
-0.16,9319
-0.0446,8712
-0.0258,5958
0.158,2120
0.00695,4769
-0.00939,5296
-0.0128,5508
-0.137,8854
-0.0398,7056
0.0778,2732
-0.0437,7463
0.136,1187
-0.0828,8700
-0.119,8371
-0.418,10032
-0.0772,4407
-0.633,7816
0.272,1298
-0.196,7823
-0.0647,7624
0.113,1685
-0.188,9021
0.0584,3822
0.274,2704
-0.0111,5247
-0.0501,7955
-0.0245,6259
0.0189,4538
-0.00132,5084
0.191,2299
-0.161,10173
-0.113,9757
-0.222,7269
0.0296,4241
-0.047,5828
0.126,3544
0.0522,3423
-0.0879,7854
0.0548,3869
0.341,103
-0.173,9320
-0.0702,7840
0.0249,3782
0.0338,4073
-0.125,8355
0.0178,4447
0.0654,2672
3.64,205
0.127,2150
0.143,1039
0.0171,4321
0.0444,2836
0.11,2439
-0.187,9815
0.129,1855
0.0771,3154
0.196,1085
0.14,1147
0.416,115
-0.104,9072
-0.057,7636
-0.00271,5141
-0.116,8931
-0.154,7762
-0.00877,5460
-0.131,8088
0.0647,2467
-0.114,9078
0.00295,4998
0.0973,1186
0.00874,4804
-0.0747,6385
0.141,47
-0.00796,5555
-0.0199,5973
0.073,3657
-0.0737,6355
0.137,2291
-0.0245,6325
0.0866,2836
-0.0816,6902
-0.214,8375
-0.121,6804
-0.121,7952
-0.0493,6466
-0.00422,5208
0.041,4164
-0.084,7943
0.203,1539
0.105,3055
0.0445,3346
0.0993,2130
0.318,491
-0.141,7864
0.404,374
0.0704,3460
-0.113,8840
-0.172,9952
0.131,1876
-0.147,9604
0.13,2677
-0.0881,7751
0.0691,2597
0.148,459
0.0264,4189
-0.125,7649
0.0758,2910
0.154,667
-0.00558,5320
-0.0696,8100
0.0588,3406
0.0101,4519
5.4,22
-0.0384,5704
-0.0134,5547
-0.061,7740
-0.0104,5450
0.165,780
-0.231,7175
-0.00728,5720
0.139,399
-0.0453,7492
0.00663,5106
0.0484,3631
-0.12,6598
-0.311,9075
0.0829,1580
0.0873,3697
0.131,3631
0.256,502
-0.0472,5558
-0.19,9734
-0.222,9563
-0.0869,9104
-0.0608,7353
0.469,460
0.00589,4953
-0.154,8680
-0.178,9900
-0.0309,6290
0.0581,4239
0.326,1053
-0.359,8989
0.00638,4916
-0.078,7746
0.0365,4065
0.0857,3179
-0.18,8768
-0.0731,5890
-0.122,9223
-0.0124,5717
0.227,899
0.153,732
-0.0986,7654
0.426,274
0.128,1584
-0.216,9195
0.111,1171
-0.0593,6615
0.0209,4404
-0.00693,4993
0.548,233
0.181,857
-0.226,10070
-0.101,8547
-0.0442,6304
-0.0522,7003
-0.119,8099
-0.0121,5771
0.0137,4542
0.0226,4433
0.39,92
0.0348,4166
-0.0613,6307
0.0403,3660
-0.0262,6305
0.119,1739
-0.00779,5695
0.163,3062
0.34,1594
-0.0739,7326
-0.00865,5427
0.0138,2040
-0.151,8293
-0.158,8931
-0.118,9099
-0.401,7325
0.0996,1917
-0.04,6472
0.0277,4387
0.275,697
0.335,515
-0.232,8747
-0.0212,6163
0.174,309
-0.0878,8249
-0.358,9204
-0.0533,6533
0.39,1271
0.201,598
-0.0616,7365
0.118,2279
-0.11,8555
0.0815,2424
-0.0989,7368
-0.0672,7855
-0.196,10011
-0.101,6766
-0.00756,5217
-0.1,6738
1.24,143
-0.114,8897
-0.0441,6572
-0.0499,6763
-0.15,8400
0.142,3359
-0.147,9399
0.0341,3788
0.249,277
-0.0877,6853
0.0222,4347
-0.129,7801
0.0959,1827
0.312,915
-0.0596,7505
0.131,1939
-0.15,8759
-0.0693,7237
0.323,313
-0.00714,5719
0.103,1143
-0.0101,5566
-0.0598,7320
-0.00503,4831
0.0983,2388
-0.0136,5548
-0.0527,7398
-0.122,8652
-0.247,5771
0.304,2063
-0.0883,6684
-0.123,9264
-0.128,7859
0.146,2923
-0.0509,7093
0.069,3386
0.287,1018
-0.0234,5843
-0.101,7968
0.191,1347
0.0525,3912
-0.207,9918
-0.0184,5587
0.0159,4638
0.00303,5000
-0.133,8390
0.142,1510
0.0104,5040
-0.265,9604
-0.0806,7665
0.104,1351
-0.106,7854
0.53,694
-0.0223,6176
-0.131,7114
0.103,1836
-0.00955,6080
0.0318,3797
-0.05,5056
-0.164,7185
-0.0696,7919
0.0987,2013
0.108,948
0.0388,4034
-0.178,8605
-0.131,6948
0.0587,4047
0.195,279
-0.0242,5643
0.193,1165
-0.0998,7458
-0.131,8488
0.738,278
0.104,1873
-0.105,8028
-0.0343,5897
0.0207,4473
0.0965,2980
-0.0912,6818
0.0587,3242
0.0607,2917
-0.243,10222
0.0681,2575
-0.0446,7020
0.171,1337
0.254,699
-0.0251,5831
-0.107,8658
0.0947,1957
-0.0074,5249
0.0489,4137
-0.0769,8725
0.0257,3077
-0.0676,6625
-0.0214,5869
-0.215,7439
-0.106,8386
0.0312,3963
0.367,96
0.0732,3318
-0.0396,6396
-0.103,8577
-0.011,6012
-0.171,9690
-0.105,7851
0.0281,3975
0.0956,2064
-0.29,10079
0.0626,3656
-0.00994,5516
-0.0504,7146
0.541,17
-0.161,9335
0.196,1576
-0.0475,5874
0.0248,3903
-0.0289,5998
0.0222,4308
0.000672,5127
-0.0231,5238
-0.00362,5344
0.246,915
0.124,1546
0.0514,3337
0.0388,3792
0.151,2641
0.636,680
0.271,533
-0.0661,6401
0.112,3095
-0.0744,8286
-0.143,6819
-0.305,9947
0.079,970
0.0108,4835
0.0816,1649
-0.089,8103
-0.0189,6090
-0.266,10098
0.148,1092
-0.111,9138
-0.179,9141
-0.197,8825
-0.113,7016
-0.21,9311
0.00917,4641
-0.0837,8618
0.0585,3649
0.102,2860
0.158,2943
0.0976,2469
0.0335,3825
-0.486,10288
0.205,2469
0.58,1106
-0.396,7471
0.15,2747
-0.095,7421
0.121,2157
-0.0723,6357
0.0247,4407
-0.141,9247
-0.0747,8370
0.0136,4694
-0.195,7653
-0.0836,6858
0.268,382
-0.053,6477
0.0992,1917
-0.0621,8240
0.0307,4208
0.204,658
0.193,1546
0.321,1116
0.062,2880
-0.0204,6396
-0.0714,8429
-0.362,10290
-0.00667,5089
1.01,228
-0.0676,7354
-0.00261,5288
0.189,2272
-0.213,9106
0.145,2931
0.311,31
-0.0919,8908
-0.148,8939
-0.0397,6891
0.115,2679
-0.114,8312
0.0388,4092
0.0836,938
-0.0893,8921
-0.13,7808
0.151,1616
-0.0369,6726
0.0493,4083
0.022,4256
-0.115,9218
-0.0573,7697
0.173,1597
0.0973,2974
-0.103,7361
0.115,1129
-0.0337,7009
0.129,1724
0.396,597
0.444,980
-0.244,8632
-0.0209,6479
0.0946,1525
-0.0438,6674
0.0186,4517
-0.109,7699
-0.0378,5913
-0.155,9864
0.0254,4164
0.0322,4091
0.0651,2961
-0.0976,8264
-0.0524,6898
0.11,1247
-0.0947,9188
-0.0059,5410
-0.0616,5871
-0.157,7430
-0.0852,7502
0.138,1118
0.00802,4419
-0.0364,6384
-0.183,9227
-0.179,8888
-0.0751,6870
-0.0421,7558
0.00264,4914
-0.0333,6368
0.0799,3329
-0.135,10052
-0.252,9952
0.0275,3995
0.00371,5088
0.0634,3406
0.0698,2476
-0.0284,5904
-0.139,5265
0.000404,5220
0.0566,2708
0.0312,4114
0.269,801
-0.203,7337
-0.245,6358
0.148,1894
-0.104,9117
-0.16,9302
0.138,1428
-0.145,5810
-0.293,7812
0.176,1959
-0.124,9699
-0.0211,5906
-0.311,10257
0.135,2923
-0.359,10472
0.13,1627
-0.435,10217
-0.0417,6335
-0.0305,5181
0.0166,4366
-0.179,7744
-0.0757,7363
0.323,273
-0.0206,5800
-0.0904,7570
0.22,326
-0.0699,7240
0.0174,3708
-0.0619,7672
-0.275,10061
0.265,1005
0.000384,5025
0.0416,4144
0.012,4492
-0.148,8603
-0.011,5532
-0.0265,5641
-0.0267,5676
0.0414,3895
-0.131,8831
-0.0405,5697
0.234,1738
0.0587,3480
0.172,1699
-0.232,9875
0.108,1887
0.0615,3534
-0.128,9197
0.102,2677
0.741,36
0.0946,3409
-0.0445,6924
-0.206,9543
0.198,1846
-0.314,9684
-0.155,7256
-0.0585,7782
0.071,2419
-0.108,7937
-0.0235,5600
0.00608,5047
-0.169,6064
-0.122,9260
0.00431,4832
-0.173,9371
0.354,655
0.0366,3400
-0.108,8822
-0.0814,8136
0.0614,3598
0.16,1358
-0.0906,8205
0.206,141
0.215,1054
-0.169,8953
0.128,1401
0.0914,1726
-0.0463,6188
-0.193,8956
-0.154,8872
-0.0164,5318
-0.0556,7965
-0.0168,5572
-0.0419,6415
0.00189,4769
-0.208,9491
-0.0521,5781
-0.151,9281
0.111,1604
-0.0616,7852
-0.0157,5358
-0.223,9459
0.106,2471
-0.0658,8266
-0.0118,5831
-0.165,9400
-0.0995,7381
0.0351,4084
0.0777,2832
-0.0266,6688
-0.0405,6801
-0.0125,5627
-0.0308,5374
0.0293,4546
-0.278,9623
0.0714,1881
-0.108,9879
0.6,22
-0.0993,8438
0.079,3780
-0.169,8797
-0.134,9049
-0.106,10018
-0.106,9214
0.00229,5107
0.0455,2047
0.105,2407
-0.0189,5611
0.14,2079
-0.0837,7555
0.208,1250
-0.0987,7659
-0.151,7974
-0.0691,7721
0.0931,1960
-0.0918,7672
-0.0864,8062
0.0722,3189
-0.0345,5840
0.125,1635
0.128,1233
-0.0203,5611
0.0856,3570
-0.411,7119
-0.0542,5079
0.0805,1620
0.0448,3929
0.13,2079
0.00771,4821
-0.129,6927
0.259,1913
0.0461,2573
-0.156,10173
-0.233,8833
0.0804,3059
-0.222,6760
-0.132,7092
0.0722,2682
0.462,2083
0.0917,2716
-0.0177,5926
0.121,1351
-0.238,8933
0.0303,4108
-0.14,9412
-0.0469,6620
-0.155,7732
0.00305,4930
-0.0126,4985
-0.156,8688
0.0793,3061
-0.172,8864
-0.0472,6853
0.0014,5236
-0.0221,5831
-0.158,9965
-0.0317,7848
-0.288,7840
0.0634,3527
-0.0981,7685
-0.0494,7150
0.134,2196
-0.0722,8578
0.19,1169
-0.191,7385
-0.0953,7738
-0.0549,5924
-0.188,8985
-0.14,7862
-0.279,8938
-0.0821,6991
-0.32,9889
-0.096,6402
-0.0534,5858
0.0414,3095
-0.177,9080
0.18,601
0.219,872
0.154,1762
-0.188,10058
0.0595,1354
0.0559,3765
-0.0511,6912
-0.459,9783
0.232,338
-0.0996,8424
-0.132,8175
-0.108,7613
0.0278,4199
-0.129,7509
1.01,609
-0.029,6929
-0.000136,5213
-0.00918,5536
0.0462,4238
-0.15,8276
-0.155,9289
0.102,992
0.0886,1799
0.468,285
-0.32,10313
-0.0708,6868
0.0677,3642
0.0552,2796
-0.0997,8636
-0.318,9571
-0.168,9133
-0.0772,6219
-0.138,8503
-0.0824,7490
0.00596,4552
0.166,1230
0.0756,3311
-0.0336,5822
0.00998,4768
-0.000863,5341
0.0394,3805
0.0328,3697
0.144,1592
-0.227,9880
-0.0745,6609
-0.0535,7182
-0.143,10084
-0.105,8104
-0.102,7997
-0.271,9015
0.0176,4528
-0.0807,7362
-0.196,8841
-0.103,6820
0.0609,3251
-0.0957,7922
0.00866,4480
-0.129,9819
-0.116,7645
-0.205,10082
-0.165,8512
0.162,2877
-0.331,9437
-0.00518,5544
-0.014,5853
-0.0652,6198
-0.117,9568
-0.263,6246
0.428,1154
0.0368,3280
0.138,1005
-0.25,10358
-0.0428,6259
-0.242,8180
-0.0508,5862
0.113,1763
-0.0188,5907
-0.344,10036
-0.0464,6238
-0.289,9411
-0.229,8406
0.114,2671
-0.021,6018
0.457,102
-0.0586,6854
-0.122,7453
-0.266,9397
0.0387,3056
-0.0421,6505
-0.373,9261
0.201,1206
0.0278,4434
0.0246,4336
0.0327,2901
0.0814,1791
-0.36,10077
0.049,3549
-0.151,7904
0.0258,4270
-0.169,8637
0.00706,4687
-0.154,7051
0.0473,3725
0.0284,4068
0.0357,3826
0.157,1287
-0.0815,9838
0.114,1809
0.154,726
-0.153,8368
0.0415,3683
-0.139,10056
-0.16,8506
0.0091,4684
0.194,361
-0.181,9638
0.025,4308
-0.0182,5807
0.108,1348
0.0785,2199
-0.173,9502
0.0692,2890
0.0732,3435
0.13,2190
-0.0634,7511
-0.228,10268
-0.14,7601
0.0523,3545
0.358,789
0.215,2164
0.0968,639
-0.00681,5712
0.786,1193
0.382,974
1.34,404
-0.153,7375
0.0273,4232
0.0728,1619
0.0412,4150
-0.0116,5624
0.031,4129
-0.183,8849
-0.00207,5299
0.0473,3092
-0.111,7107
0.0603,2651
0.103,2660
0.00433,4720
0.0273,4199
0.159,1657
-0.122,8080
-0.032,6211
0.0763,3503
0.321,1238
0.184,565
-0.202,10401
-0.056,7477
0.0463,4139
0.138,2865
-0.143,9118
0.093,2268
0.199,208
0.675,1002
0.0467,4170
-0.0435,7679
-0.106,9691
-0.0694,6631
0.0371,3387
0.105,2255
0.1,2966
0.205,1407
-0.0889,8933
-0.0583,6683
0.0885,3561
-0.0952,8168
-0.197,8674
-0.0328,6040
-0.0738,7075
-0.0138,5781
0.236,189
0.291,519
0.0868,2114
-0.162,8362
0.023,4427
0.0939,2039
0.00196,4985
-0.166,9900
-0.133,8271
-0.129,8978
0.00772,4723
0.0534,3404
0.0812,2822
-0.155,8463
-0.19,9041
-0.116,8830
-0.2,10304
-0.0188,5886
0.0621,3316
0.0438,3917
0.0532,3807
-0.145,6667
0.0471,3725
-0.0498,7792
-0.206,8102
-0.275,10259
-0.216,9500
-0.13,7542
0.236,284
0.0638,3475
0.393,225
0.129,2711
0.294,545
0.0526,3125
-0.0377,6519
0.175,2198
-0.441,8467
-0.057,6747
0.0442,4089
0.106,3430
0.144,1451
0.0138,4275
0.0942,1767
0.27,459
0.0892,2442
-0.183,9990
0.0762,2145
-0.0165,6355
0.0397,4004
-0.0121,5665
0.00219,4928
-0.144,8700
-0.00723,5636
0.169,1526
-0.00115,5095
0.026,4173
0.1,2145
-0.135,10050
-0.133,9169
-0.00498,5057
-0.0588,7228
-0.0699,7279
-0.0697,6651
-0.134,8806
0.126,905
-0.226,9122
0.932,758
-0.242,10125
0.253,2405
0.0547,3637
-0.118,10056
0.151,1582
-0.227,6034
-0.172,7804
0.0974,1671
0.0618,3610
-0.0867,8359
-0.115,9566
0.0731,3037
-0.0266,6429
-0.0049,5101
0.575,308
0.0671,2276
-0.129,8815
-0.153,7689
-0.139,8900
0.216,839
0.0552,3885
-0.0768,7665
-0.0274,6118
0.0599,2490
-0.391,9676
0.0411,3485
0.0263,4157
0.0434,2987
0.0195,4403
0.0181,4579
-0.183,10267
-0.04,5977
0.342,94
-0.0323,5862
-0.00761,5447
0.141,1583
-0.313,10459
-0.000386,5068
0.115,1965
0.0875,2704
-0.0928,8035
-0.109,7682
-0.174,9825
-0.0533,6435
0.0165,4450
0.0255,4049
-0.0339,6111
0.217,569
0.068,2654
-0.412,9304
0.101,3089
0.0779,2760
-0.0847,6776
0.0455,4093
0.0571,3105
-0.163,8794
-0.157,9203
-0.0009,5170
0.205,849
0.186,1032
-0.0156,5150
0.27,979
0.0536,3134
0.0227,4159
0.211,1225
0.131,2127
-0.595,10168
-0.137,8391
0.0183,4289
-0.0949,7813
-0.5,6841
-0.303,8623
-0.666,9036
0.0412,4031
-0.31,6540
0.584,163
5.94e-06,5034
-0.192,8231
0.0091,4591
0.0817,1842
-0.135,9586
0.0449,4122
0.258,367
0.0258,4008
0.00855,4464
-0.0293,6045
-0.0382,7451
0.0793,3229
0.0834,3025
-0.0873,6327
-0.124,7171
0.271,203
0.077,2617
-0.121,7837
0.0208,4467
0.117,2211
0.232,1139
0.0755,2332
0.138,1508
-0.0301,6127
0.0613,3056
0.103,2107
-0.187,8700
-0.124,8613
0.386,27
-0.0631,6693
0.124,1646
0.0813,2855
0.214,939
-0.184,9160
0.0113,4681
-0.574,7702
-0.0845,6599
-0.203,9134
-0.125,7951
0.0234,4186
0.117,2129
-0.0394,7289
-0.0725,7323
0.338,459
-7.2e-05,5147
-0.00051,5064
-0.00524,5857
-0.0406,6255
-0.414,7885
0.064,2927
0.225,491
0.165,568
0.0882,1677
-0.0502,6380
-0.000777,5146
-0.031,6796
-0.141,7924
-0.11,8258
-0.00498,5370
0.0759,2341
-0.199,6811
-0.0527,6423
0.0724,3925
0.0289,4584
-0.0741,7208
0.0454,3727
-0.414,10210
0.37,465
-0.0152,5311
-0.0392,5563
-0.0604,7716
-0.346,7348
1.94,159
-0.186,9093
-0.228,9738
-0.311,9996
0.0161,3958
-0.136,9596
0.0528,2136
-0.0605,6932
0.149,1753
-0.111,7111
-0.302,10084
-0.0456,5880
0.0972,2153
-0.165,5382
-0.298,9597
-0.063,6600
0.343,288
-0.201,9889
-0.0521,6424
0.162,967
0.0064,4901
-0.087,6721
-0.209,9635
0.028,3601
-0.14,8708
-0.229,9692
-0.116,8607
-0.408,9999
1.01,15
-0.0175,6398
-0.0442,7035
0.00374,4826
0.0251,4235
-0.152,7695
-0.102,7591
0.0284,3626
-0.0712,7700
0.0661,3487
-0.0301,5985
-0.169,8525
0.151,2733
-0.0728,7937
0.0617,3324
0.236,433
0.0457,3853
-0.28,8279
-0.408,10348
-0.0546,7030
0.0271,3865
-0.00867,5476
0.0149,4697
0.0404,4145
0.118,2275
0.0582,2954
-0.0393,6202
-0.125,8900
0.14,2216
0.318,1469
-0.0298,6034
-0.167,9899
-0.0794,7624
-0.118,8223
-0.0457,6655
0.00762,4748
0.0365,3919
-0.0409,6923
-0.0658,9140
0.0883,2921
-0.145,8819
-0.44,10462
-0.285,9375
-0.208,9685
0.0127,4741
-0.0143,5541
-0.0658,5825
-0.255,9569
-0.292,8273
-0.0089,4955
-0.0726,6644
-0.163,7243
-0.133,5538
0.0357,4242
-0.0553,6327
0.0612,3483
0.177,1286
0.0384,4070
0.0593,3835
0.0584,3515
-0.00216,5240
0.0245,4225
-0.024,5302
-0.0371,6497
0.0221,4306
-0.107,7391
0.0115,4863
0.181,84
0.0486,3545
-0.133,9310
0.00519,4816
-0.269,9812
0.0419,3022
-0.122,8884
-0.283,9956
-0.106,6530
0.0492,2891
0.176,1014
0.0146,4569
0.164,2064
-0.0202,6757
0.0554,3352
0.141,3425
0.149,2602
0.136,1701
-0.0796,7222
-0.0986,7507
0.103,2119
0.167,534
-0.0177,5711
0.158,740
0.0509,2870
-0.0735,8031
0.078,2594
0.174,1663
0.248,1517
-0.436,8799
-0.171,10086
-0.133,8155
0.123,751
-0.065,6374
0.241,831
0.107,2615
-0.0942,8287
-0.14,7306
0.138,778
-0.18,9110
0.176,1965
0.059,2361
-0.00777,5398
-0.156,9329
0.164,2210
0.182,1774
-0.0812,6898
0.0612,1996
-0.0387,6210
-0.333,5168
-0.139,4335
-1.15,10337
-0.242,9713
0.845,277
0.115,3444
0.0979,2936
-0.0616,7625
0.166,1626
-0.274,9777
0.0544,2878
-0.0201,5591
0.284,898
-0.0832,5261
0.451,313
1.65,550
-0.31,6088
-0.00606,4676
0.732,36
0.0807,2412
-0.112,6398
0.156,1873
-0.0859,9057
-0.038,6658
-0.0377,5684
-0.177,9838
0.0455,3562
0.211,2768
-0.109,10166
-0.148,9551
-0.00289,5249
-0.228,8761
-0.0522,5990
-0.216,9244
0.113,2158
-0.000489,5106
-0.2,7461
-0.456,10025
0.555,796
0.105,2372
0.119,1953
-0.0023,5300
-0.196,9038
-0.14,8949
0.14,1578
-0.0498,6614
-0.0653,8765
0.0193,4116
-0.342,5323
-0.113,8410
-0.0674,6463
-0.0633,6232
0.0378,3868
0.142,576
0.179,324
0.0694,2627
0.582,668
-0.0994,10013
0.0593,3177
0.166,359
-0.047,7094
-0.144,6852
0.378,1400
0.0371,3968
-0.144,8406
-0.0568,6842
0.0716,2419
-0.271,9746
-0.214,10006
-0.0492,6275
-0.0298,6706
0.111,1096
0.0108,4510
-0.118,7289
-0.123,8278
0.805,689
0.125,1717
-0.0341,6229
-0.0128,5702
0.0545,3779
-0.202,8732
0.00645,4724
-0.0692,7718
-0.153,9384
0.081,2799
-0.089,7386
-0.187,8412
-0.464,9688
-0.201,10060
-0.0212,6164
-0.111,7813
0.0185,4617
-0.0293,7058
-0.243,8703
-0.0809,9230
-0.00123,5164
0.23,1300
0.00812,4993
-0.051,5981
-0.125,8015
-0.141,8050
-0.0991,8764
0.0421,3788
0.00986,4547
-0.231,7377
0.0263,4089
-0.0145,5688
-0.0271,6158
0.14,1830
-0.0993,7826
0.269,2464
0.285,860
0.0608,2897
-0.165,10368
-0.258,10436
-0.0164,5206
-0.298,7215
0.0497,3553
0.313,798
-0.0281,6782
-0.0679,5930
-0.275,5434
0.187,3282
-0.209,10025
0.46,1328
-0.0597,6081
-0.00411,5273
-0.109,6273
0.0229,4306
-0.0942,8995
-0.108,8724
0.308,1147
0.347,382
-0.289,9548
0.094,2452
0.0856,2405
-6.24e-05,5189
0.27,113
-0.18,9394
0.157,603
0.298,206
-0.0148,5480
0.048,3570
-0.352,9752
0.0946,2383
-0.305,7214
0.927,160
0.247,601
0.0456,3713
0.102,2226
0.00244,5086
0.294,267
-0.0829,7127
-0.00924,5542
0.0194,4616
-0.163,8824
-0.0746,7799
0.0933,3159
-0.184,9048
0.583,328
-0.229,9518
0.0842,3851
0.18,2635
-1.15,9956
0.0619,3155
0.157,1126
-0.00268,5253
0.0675,2825
0.0983,3017
-0.00221,4703
0.129,2573
-0.182,9017
-0.00802,5520
-0.361,9633
-0.0284,6123
0.137,1717
-0.0867,7783
0.0505,3068
0.033,4138
0.0693,2821
0.117,1925
0.0403,4352
-0.141,8765
0.234,88
0.0295,3845
-0.0422,6391
-0.0625,6146
-0.253,10102
0.0746,3401
-0.0382,8127
-0.183,8842
0.264,685
0.428,239
-0.133,8017
0.162,1338
-0.16,8718
0.0236,4013
0.52,333
-0.186,8599
0.12,2913
0.491,65
0.0439,3383
-0.0231,6249
-0.305,9278
-0.241,9630
-0.182,7936
0.319,1117
0.851,217
-0.00898,5268
0.345,135
-0.187,9899
-0.416,8496
0.295,2324
0.0498,2456
0.00797,4547
-0.172,9404
-0.121,8800
0.0905,2410
-0.391,10268
-0.102,9260
0.0403,3426
-0.111,8681
0.137,1918
-0.0934,4951
0.0668,3130
0.178,1826
0.272,97
-0.138,9167
-0.0788,6623
0.0561,3877
-0.0623,6778
-0.0996,9492
0.0668,2652
0.132,3487
-0.111,6320
-0.126,8556
-0.217,10022
-0.058,7390
0.0296,4351
0.0693,3580
0.0891,2236
0.0245,4292
0.0985,2845
0.0841,2971
-0.08,9250
-0.15,7350
-0.0114,5693
-0.0924,8091
0.0177,4518
0.0413,3036
-0.137,8323
0.0713,3153
0.0465,3686
0.00305,5075
-0.127,8523
-0.0404,6279
-0.0552,6314
-0.18,9042
-0.138,8980
0.125,2737
-0.0769,9132
0.00446,5024
0.0112,4907
-0.051,6422
0.13,2207
0.701,60
-0.0727,7534
0.184,330
0.00691,4898
-0.179,8977
-0.172,8400
-0.186,8944
0.0297,4142
0.0811,2348
-0.111,8559
-0.347,10289
0.0454,3854
-0.077,8574
-0.24,10270
0.161,1080
-0.0232,6065
-0.186,8774
-0.25,9324
0.12,3013
-0.105,8148
0.0206,4469
-0.234,10455
0.204,1990
-0.0444,5984
-0.0814,6823
-0.0541,5773
-0.0828,8300
-0.0532,7725
-0.199,9179
0.241,1331
0.132,2604
0.159,1790
0.0151,4547
-0.177,9856
-0.119,8050
0.339,674
0.052,3498
0.00673,4886
-0.0187,6011
0.151,1003
-0.0363,5932
-0.117,7963
-0.00734,5132
-0.0745,6213
-0.0353,5692
-0.0412,6731
-0.0604,6260
-0.106,7141
0.00861,4862
-0.0337,6424
0.154,939
-0.0694,8358
0.125,2249
0.319,1003
-0.0882,8162
-0.135,7431
-0.0277,6151
-0.0127,5947
-0.0361,5922
-0.118,7965
-0.0673,7137
-0.0621,6754
-0.0288,6073
-0.0705,8882
0.202,876
-0.0238,5923
-0.16,7674
-0.0484,6856
0.104,1673
-0.058,8621
-0.0801,7239
0.101,1563
-0.0814,7307
-0.387,7660
0.0885,1944
0.0408,3583
-0.112,8962
0.0576,3336
-0.144,7712
0.0693,2911
0.128,1161
0.279,455
-0.108,8003
-0.359,8677
-0.179,8320
0.0615,3474
0.0205,4370
-0.161,8891
-0.19,8555
-0.0804,6564
0.105,1832
-0.037,5188
-0.141,8877
0.0502,3018
-0.254,9693
-0.0342,6109
0.0553,3296
-0.1,7695
-0.202,10457
0.207,552
-0.277,10071
0.11,1532
0.412,452
0.354,1031
-0.017,5795
-0.0283,6401
-0.192,8068
-0.0952,7732
0.178,1249
0.269,1732
-0.024,6322
-0.0649,8336
0.291,778
-0.18,8026
0.262,715
0.0237,4396
-0.15,9617
0.112,1725
0.00178,4885
-0.339,10150
-0.18,8909
-0.254,10399
0.0521,2914
-0.417,10064
0.0629,2634
-0.095,7443
1.26,188
-0.0833,9785
0.0309,4340
-0.101,8858
-0.267,10209
-0.0548,7184
0.00627,4854
0.00767,4730
0.214,148
0.0345,4403
0.265,1171
-0.247,9582
-0.00191,5042
0.0618,3245
0.194,985
-0.116,7953
0.0499,3568
0.0888,3022
-0.0481,6338
0.000358,5290
0.0955,1182
-0.0804,6627
-0.0846,7502
0.394,128
-0.326,9160
-0.0725,8410
-0.105,9641
0.0386,4268
-0.064,7415
0.264,953
-0.00572,4763
0.0459,2653
-0.0905,7946
0.0783,1707
-0.036,5667
0.219,1096
0.132,881
0.308,125
-0.0227,5783
-0.0748,7114
0.118,921
-0.325,8080
-0.198,9457
0.00823,4774
0.128,904
-0.097,7461
-0.107,8658
-0.00786,4994
0.178,1753
0.0475,3063
0.149,2062
-0.083,6658
-0.207,9347
-0.101,6269
0.463,1284
-0.165,9656
-0.0612,6906
0.351,1589
0.207,1923
0.0908,3281
-0.154,8578
0.0745,2548
0.00193,4976
-0.192,9669
0.126,731
-0.0377,7747
0.151,1559
0.275,18
-0.0151,5694
-0.198,4559
-0.252,4928
-0.19,6847
-0.395,7979
0.389,2406
-0.00265,5169
-0.203,7445
0.0291,4323
-0.184,9793
-0.0233,6094
0.172,824
0.00259,5023
0.167,1075
0.125,2557
-0.115,7731
-0.191,4754
-0.22,10277
-0.0172,5828
0.0831,2671
-0.0744,7137
-0.0186,5465
-0.0166,5443
0.0196,4350
-0.0202,6952
-0.102,5409
-0.03,5655
-0.00742,4922
0.126,2539
-0.0576,6937
-0.106,10038
-0.0591,5933
-0.0799,7784
0.0246,4124
-0.00875,5536
-0.122,10040
-0.0129,7422
0.144,1015
-0.157,9949
0.124,2115
0.0523,2915
-0.0431,7158
0.492,267
0.112,3008
0.0865,3406
-0.133,9587
-0.0974,8190
-0.0362,6326
0.236,1346
0.00154,4784
0.218,1828
0.502,196
0.056,3168
0.076,2223
-0.0959,9386
0.165,1999
0.162,1815
0.0524,4176
0.684,1157
-0.0429,6849
0.0213,3876
0.0851,3065
0.286,1556
-0.00158,5208
-0.318,8578
0.0481,3649
-0.102,9418
-0.119,8273
-0.0865,6473
-0.0555,6965
0.171,2414
-0.0666,7294
0.0231,4528
0.199,176
0.0674,3641
0.0872,2593
0.324,309
-0.0322,6446
0.246,115
0.0538,3422
0.459,92
-0.228,8896
-0.103,6306
0.0962,599
0.0804,3011
0.155,776
-0.121,8708
0.0304,4164
0.389,517
0.221,553
0.289,1047
0.0831,3005
0.00718,4902
-0.126,7117
-0.289,9697
-0.0913,8720
0.101,353
0.881,59
0.0532,2299
-0.183,7615
0.611,99
0.0658,3539
0.0999,2404
0.0081,4806
-0.125,7983
0.0356,4441
-0.0555,7450
-0.0917,7724
0.0903,727
-0.142,8768
-0.0637,6374
-0.037,5940
0.00257,5002
0.0904,1866
-0.0806,7691
0.506,314
-0.23,9187
0.102,794
-0.028,5637
0.0424,3781
-0.0151,5713
-0.0553,6898
-0.147,8737
-0.0164,5394
0.0847,3379
-0.0765,6727
0.00635,4793
-0.589,7718
-0.253,8648
0.144,872
-0.0806,5748
0.0706,2821
-0.0745,7256
-0.0129,5345
-0.0554,7227
0.0844,3366
0.00394,4985
-0.119,8092
0.194,410
-0.0537,6576
0.088,1405
-0.0423,5816
0.135,2323
-0.14,9747
0.00313,4957
0.237,957
0.0527,3205
0.115,2342
0.0186,4105
-0.12,7521
0.194,614
0.00519,4903
-0.205,9946
-5.44e-05,5293
0.222,1369
0.176,1952
-0.101,7500
-0.0302,5851
0.0275,4631
0.291,87
-0.322,9998
-0.0935,7609
-0.148,8939
-0.13,8982
-0.4,10256
4.04,70
-0.0222,5797
0.0565,3485
-0.154,9359
-0.0438,4041
0.659,628
0.045,3870
-0.127,3513
-0.0566,5880
-0.0304,6082
0.119,2985
-0.154,8491
0.112,971
-0.0399,7253
0.274,221
-0.156,7394
0.359,584
-0.176,9719
-0.00178,5111
-0.0304,6761
-0.115,7987
0.00305,4960
-0.0728,7963
-0.0568,6471
-0.238,10077
0.0976,1150
-0.203,7276
0.0266,4018
0.00939,4788
-0.125,6973
-0.0156,5349
0.134,506
-0.197,7662
-0.0128,5283
-0.0131,5511
-0.00663,5450
0.12,1953
-0.0324,6002
-0.266,9495
0.0593,2686
0.0729,2672
0.312,1308
-0.167,10089
0.055,3235
0.0313,4556
0.0312,4269
0.03,4533
-0.124,7596
0.000784,5271
0.148,1645
0.0772,3409
0.0624,3911
0.167,1486
-0.118,7981
-0.0565,7199
-0.0511,7774
-0.0937,9082
-0.135,7945
0.113,3622
0.0185,4616
-0.09,7909
-0.138,10310
-0.291,10411
-0.0273,5480
-0.0636,6506
-0.0916,7799
-0.0598,7611
0.129,1565
-0.223,10082
-0.0911,7531
-0.069,6313
0.0304,4308
0.0335,3630
-0.0404,6474
0.38,657
-0.0833,8254
-0.126,7296
-0.148,8638
0.0327,4065
-0.0495,6664
0.00599,4661
-0.125,9822
-0.05,7013
-0.0911,9439
0.132,2008
0.0649,2709
-0.112,7900
-0.00727,5681
-0.11,8942
0.0976,2798
0.035,3518
-0.0669,6994
0.104,1775
0.0489,2972
-0.022,5951
0.0135,4554
0.0254,4261
-0.0311,5810
0.0694,3278
-0.184,9103
0.195,961
0.0643,3359
-0.313,10171
0.247,573
0.0274,4539
0.26,962
-0.304,9730
-0.126,6336
-0.0304,6709
-0.134,9694
-0.0662,7719
-0.308,9830
-0.102,8382
0.0241,4463
-0.0996,9130
-0.0857,8575
-0.0524,6925
0.147,1968
0.0679,4080
0.0967,3197
0.0206,4210
-0.012,5696
0.109,2384
-0.0641,7393
0.0677,3684
-0.163,8729
-0.227,9809
-0.0122,5823
-0.0941,8012
-0.154,9151
-0.114,7810
0.259,98
-0.00834,4974
0.227,1062
-0.248,9810
0.0568,3784
-0.314,7374
-0.424,9681
0.317,42
0.0679,1673
0.0635,3510
0.602,305
-0.118,9213
-0.0466,5553
0.0249,4364
-0.111,9471
-0.063,6513
0.107,1910
0.0396,3823
0.0623,4044
0.68,80
0.137,2162
-0.148,7969
0.269,1320
0.0602,2921
0.0913,2532
-0.013,6067
-0.0204,5990
-0.0777,6477
-0.12,8750
-0.139,8359
-0.153,9354
-0.0123,5890
-0.00856,5599
0.0107,4786
0.0268,4516
-0.0526,5924
-0.0831,8040
-0.00855,5397
-0.0507,7544
0.0346,3671
-0.0627,7036
-0.0257,6680
0.238,2779
0.135,1237
0.265,194
-0.0125,4921
-0.174,7436
0.171,832
0.184,1655
-0.0164,5713
0.101,727
0.0812,3318
-0.126,9187
0.153,1354
-0.0527,6941
-0.126,8832
-0.0115,5558
0.103,1266
0.277,424
-0.0192,6389
0.172,427
0.0581,2923
0.0286,3864
0.11,1721
0.0673,3728
0.174,2194
-0.399,6618
-0.0451,7207
-0.2,10340
0.011,4493
0.0177,4411
0.134,2571
0.17,1357
-0.0416,6226
-0.108,9336
-0.0641,6955
-0.0945,7787
0.0623,4095
-0.18,9116
-0.0205,6084
0.283,93
0.154,1262
-0.0586,7267
-0.245,9113
0.149,704
-0.0158,5694
-0.122,8084
-0.017,5649
-0.147,7955
0.125,1499
-0.0553,6473
-0.087,7649
0.00961,4647
0.0219,4421
-0.0071,5003
0.135,1695
-0.17,6230
-0.041,7074
0.0706,2301
-0.178,8793
-0.219,6153
0.00828,4567
0.0891,3697
-0.0812,6929
-0.0565,7436
-0.0396,5346
-0.1,7546
-0.02,5317
0.0766,3314
0.126,1029
-0.242,10206
-0.0301,5552
0.513,295
0.574,60
0.132,1112
0.0105,4411
-0.0351,7423
0.372,538
0.144,2766
0.126,2095
-0.142,8770
0.0991,3677
0.167,97
-0.0829,7065
0.0355,3988
-0.168,8083
0.0184,4433
-0.16,7283
0.016,4368
0.182,481
0.0385,4037
-0.453,8357
-0.0619,6755
0.0621,3114
-0.314,10380
-0.211,9191
0.0383,3933
0.134,2677
-0.14,7446
-0.0316,6506
-0.0885,8207
0.011,4667
-0.0162,5588
-0.0397,5955
0.097,2010
-0.0588,7656
0.154,686
0.087,2627
-3.9e-06,5041
0.171,3469
-0.0506,6457
0.206,202
0.0679,2556
0.283,1097
0.00985,4821
0.36,160
-0.0803,8013
-0.153,9932
-0.252,7889
-0.0583,6726
0.556,209
0.0822,2940
0.0033,5018
-0.00312,5135
-0.0946,7884
0.112,2959
0.0337,3078
-0.223,9585
0.0164,4266
0.0124,4553
-0.0937,9249
-0.0856,7211
-0.147,9962
0.0821,3204
-0.00705,5570
-0.111,8989
-0.0241,6509
-0.036,6031
0.11,2487
-0.0764,6983
-0.0263,5816
-0.000187,4868
0.0196,4298
-0.175,7849
-0.101,6752
-0.268,10355
0.486,182
-0.242,10121
-0.0458,7380
-0.34,10344
-0.247,8968
0.0852,2184
-0.374,9670
-0.0081,5297
-0.00856,5684
0.0667,2686
-0.307,7928
0.0978,3038
0.238,1449
0.0285,2940
0.0512,3476
-0.157,8931
0.0822,2844
-0.0922,7356
0.0299,4170
-0.149,9696
0.291,186
-0.132,8625
-0.0494,6533
-0.2,9425
-0.153,8821
0.07,2706
-0.262,9875
0.0115,4620
-0.432,8608
-0.385,8543
-0.598,7839
0.172,826
0.0561,2550
0.0777,2726
-0.358,10253
-0.00235,5250
-0.0443,6161
-0.0204,5689
-0.108,6124
0.0519,2860
0.588,12
-0.0841,8931
0.234,338
-0.00604,5339
0.0102,4568
-0.0079,5137
0.0637,3261
0.0108,4658
-0.0204,4782
0.0989,1993
-0.182,8757
-0.36,7303
-0.114,7401
-0.0827,7698
0.356,616
0.199,846
-0.0184,5258
-0.443,9885
-0.0368,6176
0.117,2331
-0.0737,7910
-0.0672,8835
0.0778,1959
-0.135,8826
-0.0642,6620
0.476,1372
-0.0317,7084
-0.0319,6287
-0.0519,8451
0.41,301
0.00187,4728
-0.463,7858
-0.575,10309
-0.115,9217
-0.189,9402
0.246,1089
0.0556,2908
-0.252,9113
-0.203,8739
-0.213,9887
-0.222,9838
-0.0106,5435
0.127,2250
-0.0375,5938
0.142,2197
0.102,1223
0.119,910
-0.0457,6815
0.0247,3976
0.01,4725
0.0264,4303
-0.0526,7204
0.0564,3948
0.332,79
0.0612,3429
0.0382,4257
-0.172,9137
-0.0649,7829
-0.0845,7363
-0.297,9439
0.185,1241
-0.117,7422
-0.364,9265
0.156,1239
0.0738,1369
-0.201,10308
0.0345,3439
-0.0955,7478
0.0312,3766
-0.167,9797
0.116,1740
-0.322,7723
-0.137,6360
0.161,1109
0.0654,3821
0.16,1426
0.0382,2179
0.136,1226
-0.0398,6453
-0.157,7829
-0.0669,7811
-0.000817,5116
0.124,2011
-0.077,7030
-0.0115,5566
-0.04,6267
-0.028,6631
0.206,515
0.0901,1296
0.152,2104
-0.0946,7529
0.101,2187
-0.122,8490
0.0971,3290
0.0727,3138
-0.0969,7643
0.139,2662
-0.101,7115
-0.0481,6214
-0.127,9923
0.0194,4395
0.0194,4281
0.202,2527
0.0788,3185
0.214,1997
0.0611,2498
-0.195,9839
0.0396,4060
-0.189,9675
0.0565,2644
-0.246,7770
-0.0151,5669
0.0775,1212
0.216,1126
0.0512,4136
-0.357,10213
0.0349,4460
0.111,1879
-0.193,9117
0.0154,4735
-0.0275,5587
-0.308,6161
0.0805,3600
-0.0484,6452
-0.121,9253
0.0479,3799
0.0882,2669
-0.0905,7779
-0.106,7097
-0.0399,6868
0.0817,1136
-0.127,7690
0.0992,1993
0.0422,3948
-0.317,9977
0.146,1069
0.026,4204
-0.0115,5436
0.259,353
0.253,43
0.0555,2944
-0.188,9489
0.184,449
0.151,2128
0.0207,4723
-0.0379,6678
-0.114,6947
-0.0854,8732
0.0607,3160
0.00381,5112
0.165,387
-0.147,6413
-0.187,9542
-0.22,10369
0.0447,3432
-0.417,8064
-0.0443,5715
0.0556,3989
-0.0165,6056
-0.0828,8789
0.259,436
-0.0876,8052
0.0575,3570
-0.176,8843
-0.0894,7948
0.426,191
-0.0325,6157
-0.0156,5099
-0.18,7704
0.0475,3508
-0.069,6241
-0.0799,7302
-0.496,9050
0.154,2505
0.369,468
-0.138,7707
-0.16,7461
-0.144,6665
0.103,3674
0.0551,3966
-0.262,8005
-0.0171,5796
0.00236,4955
0.109,1045
0.0994,2293
0.0796,2804
-0.232,9517
-0.0496,6363
-0.134,9296
0.064,3214
-0.0392,5167
-0.225,9528
0.0235,4466
-0.0819,7906
-0.102,7199
0.0503,4168
-0.12,8190
0.222,164
0.11,2687
-0.00746,5344
0.204,456
-0.00127,5327
-0.222,8834
-0.208,9400
0.055,3878
0.000632,4841
-0.0276,6369
-0.00158,5353
-0.135,8458
0.0298,3741
-0.0419,6223
0.0748,3448
-0.0225,6350
0.12,1575
-0.0687,3858
0.0591,3388
0.223,1289
0.0306,3824
-0.197,9589
-0.148,9296
-0.032,6082
-0.0377,5609
-0.013,5184
-0.0349,5430
0.0474,2748
-0.239,10039
0.0792,2308
-0.0565,5933
0.144,3018
-0.231,9175
0.00586,4851
-0.167,9361
-0.155,9287
-0.145,8158
0.0659,2579
-0.0189,5292
-0.151,9598
-0.058,5935
-0.112,8052
-0.0338,5830
0.171,1502
0.00756,5066
-0.0811,7402
-0.0188,5841
0.149,1562
-0.0952,6842
-0.223,10072
0.11,2198
-0.0461,7577
-0.0479,6893
0.0709,2304
0.198,1630
-0.245,8789
0.512,210
0.00623,5031
0.0359,3099
-0.136,8302
0.086,3222
-0.0329,5825
-0.323,9503
-0.0224,5522
0.169,1019
-0.0315,6300
0.0505,3629
0.118,1205
0.273,188
0.111,2056
0.0431,3965
0.0905,3437
-0.0796,7060
-0.205,9948
0.557,205
-0.165,9342
-0.257,10095
0.305,1028
0.124,1349
0.0822,3397
-0.412,9807
0.0149,4454
0.147,1445
0.00588,5200
-0.157,9471
-0.1,8490
-0.0451,5561
-0.0336,6239
0.077,1997
3.83,163
-0.0672,6599
0.00052,4842
-0.0249,5599
-0.0878,8196
-0.139,7987
0.00338,4867
-0.137,7329
0.0364,3610
0.0417,2964
0.0241,3952
-0.124,9974
0.086,2087
-0.00751,5319
-0.256,9566
-0.358,9851
-0.0406,6784
-0.156,9585
0.109,2172
-0.235,9792
0.00707,4782
0.0443,2607
-0.015,5864
-0.085,8140
0.315,1992
-0.0779,9801
0.0277,3328
0.00722,4873
0.0965,2096
-0.232,6990
-0.144,8513
-0.0339,7894
0.0156,3958
-0.222,5575
-0.453,6568
0.00472,5055
0.0205,4359
0.0219,4359
-0.0477,6396
0.0326,4258
0.0315,4367
0.00104,5082
-0.0255,5803
0.363,90
0.0666,3899
-0.203,9534
-0.144,9221
-0.0845,7466
-0.0497,7838
0.0302,3914
-0.0342,5610
-0.11,6713
0.138,2210
-0.0737,6767
-0.0239,5325
0.0565,2558
-0.197,10102
0.299,469
0.602,626
-0.0608,6274
0.00141,5075
0.272,719
-0.0578,7439
-0.0356,6784
-0.0361,6012
-0.0595,6002
-0.147,9318
-0.123,9523
-0.149,9407
-0.08,7448
0.066,2679
-0.199,7562
-0.0666,8411
0.198,471
0.0342,4132
0.0626,3070
0.0624,3828
-0.108,8279
0.0475,3124
0.0247,4208
-0.048,6891
0.223,1037
0.105,1808
-0.000475,4912
0.0792,2632
0.0156,4405
0.101,2222
-0.000329,5347
-0.288,9752
-0.108,9303
0.00232,5038
0.0346,3789
0.356,40
0.296,2286
-0.0467,7032
0.177,1854
-0.00564,5631
0.121,990
-0.0062,5187
0.0745,3396
0.0339,4150
0.0908,3021
-0.127,7381
-0.0304,6029
0.0902,3141
0.121,1028
0.113,3064
-0.139,6114
0.035,3794
0.209,1226
-0.129,9257
-0.0889,7566
0.111,2012
-0.00637,5360
0.183,900
0.099,1054
-0.193,10079
0.0528,3603
-0.0237,5676
-0.131,8772
0.0834,1135
0.0548,2775
-0.17,9308
-0.00662,5186
-0.0177,5460
0.0707,2324
0.0249,4150
0.125,1787
0.0929,2545
-0.326,9567
0.0407,4318
0.131,1841
-0.0461,6363
-0.0302,4503
1.47,187
0.0428,3856
-0.111,5632
0.0833,1689
-0.323,10139
-0.131,7342
-0.129,8699
0.043,2872
-0.0497,6802
0.0119,4474
-0.112,6257
-0.0914,7931
-0.175,8616
-0.0638,7458
-0.0297,6764
-0.0414,6811
0.24,1806
-0.0928,6977
-0.0567,7915
0.0921,2116
-0.254,10366
0.249,370
-0.274,8834
0.0446,3981
0.112,2262
-0.179,9554
0.0809,2914
0.0915,2260
0.00747,4702
-0.157,8668
-0.11,7071
-0.0935,7277
-0.2,9782
-0.186,4701
0.144,1502
0.175,2103
-0.415,10016
0.142,611
-0.12,8947
-0.0322,6857
-0.158,8202
-0.269,10184
-0.0558,6460
0.338,689
-0.0196,5001
-0.0945,9027
0.0672,3156
0.00387,4654
-0.158,9174
-0.0537,7625
0.438,8
-0.114,8560
-0.0338,5995
-0.149,6768
0.281,2554
0.145,2173
-0.0243,6591
-0.119,8548
-0.232,6428
-0.115,8201
-0.0246,6316
0.116,1212
0.0122,4744
-0.0194,5915
-0.189,7453
-0.274,6857
0.0867,2099
-0.0532,7398
0.0965,2279
0.0931,2571
-0.0507,6253
0.247,1780
-0.0729,9085
-0.0922,7087
-0.186,9650
0.0402,3582
0.274,1522
-0.183,9646
-0.0542,7591
-0.0333,6388
-0.00725,5267
0.113,2369
-0.144,8203
-0.195,8356
-0.259,10197
-0.0118,5511
-0.0848,7431
0.0289,3913
0.108,2925
0.00156,5035
0.213,420
0.252,248
0.0783,3478
-0.0227,5594
0.0531,3547
0.0899,2627
0.0557,3184
-0.0765,8521
0.228,1722
-0.131,5281
0.668,441
-0.085,5828
-0.0312,6604
0.0589,2867
-0.0487,6634
0.343,168
0.165,1178
0.217,1722
-0.0148,5940
-0.0831,7537
0.129,2214
-0.118,8811
0.0192,4378
0.0162,4370
-0.123,9082
0.0322,4295
0.374,157
-0.117,7069
-0.00944,5179
-0.022,5557
0.0491,2753
0.0165,4024
-0.165,7945
-0.066,7267
0.145,1772
0.0374,4144
-0.0607,6774
-0.03,5731
-0.0687,7139
0.00377,4912
0.00667,4720
-0.0945,8988
-0.0278,6946
-0.226,7534
0.0712,2501
0.138,2741
0.12,1903
-0.103,9527
-0.0928,9160
-0.0275,6011
-0.112,8208
-0.101,8246
0.0512,4103
-0.0142,5798
0.0167,4290
-0.046,7035
0.113,2831
-0.356,8342
-0.393,10132
0.176,2086
-0.112,8897
-0.0457,6254
0.0459,3175
0.257,1082
0.0332,4311
-0.0277,5813
-0.142,10244
0.339,165
0.108,2533
0.0226,4075
0.0488,3509
-0.116,9656
-0.0429,6921
0.161,2640
0.0228,4468
0.207,1613
-0.0599,6085
-0.0578,6646
0.307,433
-0.18,5832
-0.0423,5475
-0.0403,4578
-0.177,6954
0.035,4483
-0.047,6696
-0.00373,4899
0.0504,3310
-0.0119,5119
-0.47,9851
0.0453,3681
0.336,1473
0.00595,4911
0.0481,4034
-0.0972,7387
-0.248,8906
-0.0547,7612
0.116,1458
0.0858,2618
3.17,213
-0.15,8821
-0.067,7252
-0.17,8880
0.0289,4208
-0.486,10367
-0.218,9645
0.0419,4210
0.119,3036
-0.0693,7782
0.0894,1384
0.236,609
-0.159,9046
-0.0554,5466
0.0675,2849
0.0185,4277
-0.208,9669
-0.283,10358
0.219,1416
-0.0722,7160
0.296,98
-0.00829,5435
0.055,2669
-0.00967,5305
-0.196,9585
-0.114,9957
-0.149,9153
-0.0306,6849
-0.223,10183
-0.305,10229
-0.157,9316
0.0157,4506
0.158,1558
0.00232,5076
0.000168,5025
0.0851,2119
-0.198,10078
-0.178,6751
-0.0554,5827
0.0113,4693
0.0829,2186
0.089,2390
0.128,2722
-0.0951,9139
-0.188,7852
0.0365,2809
-0.0346,7519
0.00909,4598
-0.276,9763
0.483,60
0.177,1553
0.00529,4838
0.0384,3403
0.0952,2467
0.0616,3391
0.168,2273
0.182,601
0.111,614
0.116,3069
-0.0729,5718
-0.0712,7435
0.325,1318
0.381,2015
0.0855,2377
-0.115,8904
-0.261,9684
-0.248,8234
-0.138,7770
0.0928,2423
-0.0316,7355
-0.151,9005
-0.164,9467
0.0218,4343
-0.0811,7591
0.172,1332
0.0426,3300
-0.182,7507
0.0471,3925
0.043,3463
0.177,1064
-0.0283,7189
-0.0824,8313
-0.231,9547
0.0427,3778
0.274,858
0.0046,4780
-0.0279,6731
0.134,2199
0.482,749
-0.843,10073
-0.215,9202
0.274,2885
-0.201,8455
0.19,1211
-0.0738,7783
0.0463,3720
0.099,1488
0.0187,4167
0.1,1720
0.116,1116
0.0334,4181
0.104,2068
-0.171,10060
-0.0762,7237
-0.0861,7089
-0.107,7927
-0.0163,5343
-0.0251,6902
-0.0522,7846
-0.2,10278
0.0354,3909
0.00369,4557
-0.143,9495
0.143,1040
-0.13,8327
-0.208,9947
0.0428,4069
0.108,2384
-0.115,7283
-0.0795,8164
0.0472,3645
-0.161,9147
-0.0192,5754
-0.059,6281
0.105,1202
0.209,779
-0.112,7401
-0.17,9098
-0.0225,5504
0.0219,4613
0.0741,3727
-0.212,9653
-0.0608,8548
0.0269,4450
-0.149,10113
-0.00754,5276
-0.208,8373
-0.207,10313
-0.0265,6485
0.0421,3850
0.116,2818
0.292,1725
-0.213,7647
0.211,484
-0.103,8701
-0.0658,8905
0.0936,3024
-0.286,9178
-0.138,7766
-0.166,9329
-0.0659,7895
-0.0299,6228
-0.0244,5872
-0.122,8519
0.12,1032
0.0782,2685
0.0493,3272
0.122,1672
-0.153,9497
0.0294,4126
-0.0638,7782
0.0373,2927
0.0203,4272
0.0991,2390
-0.143,8745
0.038,3895
0.0899,2197
0.0909,3228
0.182,671
0.0318,4245
-0.163,9503
0.171,2334
0.0335,4222
0.0627,3723
-0.0694,7541
-0.0677,7411
0.0575,3898
-0.325,9746
0.143,226
0.161,1889
-0.0802,7423
-0.108,8575
-0.0232,5428
-0.15,9863
0.577,611
0.176,3136
-0.145,8319
0.664,91
-0.000182,4977
0.0917,2300
-0.236,10119
-0.0932,9054
0.237,549
-0.0754,7000
-0.125,7869
0.0453,4003
-0.14,8480
-0.0499,6854
0.114,1664
-0.131,9110
0.195,630
-0.074,7368
-0.0382,6589
-0.126,9728
0.25,1817
0.154,2320
-0.0386,6306
0.125,2357
0.0451,2494
0.298,170
0.249,331
0.13,1568
-0.056,6834
0.0811,3038
-0.0595,6415
-0.0169,5725
0.00387,4837
-0.143,8853
0.348,172
-0.133,8462
-0.319,10269
-0.151,9135
-0.143,7895
-0.00501,5120
0.0891,3343
-0.0224,4812
-0.116,9408
-0.0343,7331
-0.0265,5899
-0.159,9316
-0.148,9662
-0.186,6960
-0.0426,7657
0.093,1732
0.0143,4816
-0.244,9540
0.0874,3598
0.254,479
-0.00669,5320
-0.166,9658
0.0604,3301
0.0669,3231
0.116,1839
-0.3,8093
-0.263,10093
0.00802,4711
0.105,2699
0.126,2656
0.00827,4857
-0.0347,5573
-0.0765,9018
-0.0237,6270
-0.0418,6545
0.0746,2660
-0.00361,4993
0.42,845
0.00193,4620
0.0617,3505
-0.0508,4900
-0.086,8161
-0.0736,7387
0.000776,5098
-0.0878,8885
0.08,1603
-0.0046,5015
0.0194,4560
0.00229,4932
-0.0997,7849
-0.00404,5064
-0.0272,6560
-0.0325,6159
-0.129,8661
0.186,1403
-0.0125,5427
0.0287,4319
-0.028,6436
0.269,438
-0.201,8489
0.234,630
-0.00678,5079
-0.0656,8278
-0.0478,6553
-0.19,8863
-0.108,8315
0.0885,3432
0.0981,2777
-0.0955,10218
0.139,1082
-0.132,8040
0.207,1202
0.453,1143
0.0908,3103
-0.0768,7960
0.0389,2942
0.0705,2548
-0.00847,5252
-0.418,9066
0.0501,3809
-0.0978,9226
-0.0968,9570
0.293,1637
-0.154,9830
-0.132,8624
-0.0535,6116
0.0363,3703
-0.0668,7444
0.164,1958
-0.307,9702
0.332,193
0.0651,3784
-0.242,10403
0.00256,5075
0.0764,2614
-0.0494,6294
-0.149,9856
0.0649,3917
-0.00307,5461
-0.0357,8365
-0.0389,5895
-0.121,8677
-0.112,5820
-0.244,10189
0.00531,4923
0.0406,3624
-0.297,9547
-0.139,7528
0.574,164
-0.273,8666
-0.128,9066
0.0209,4509
0.227,333
0.236,195
-0.0392,6588
-0.0792,6692
0.00855,4299
-0.00656,5399
0.0446,3770
-0.0807,8032
-0.463,7662
0.209,2443
0.139,1643
0.142,1344
0.0145,4575
-0.188,8100
0.0105,4778
-0.199,7921
0.0151,4689
-0.123,8848
0.145,1741
-0.207,6416
-0.177,8900
-0.397,9730
0.085,1009
-0.0627,6851
-0.061,7074
0.196,1273
-0.103,8723
0.496,241
0.0897,2067
0.148,2406
0.296,375
0.0153,4573
0.104,2425
-0.222,8893
0.00069,5407
-0.16,8697
-0.0784,7849
0.0224,4335
-0.0845,6072
-0.165,8707
0.104,1227
0.0483,3025
0.436,85
-0.15,9484
0.0408,4081
0.0936,2780
-0.0134,5485
-0.215,9909
-0.0533,6447
0.174,1739
0.0326,3378
0.107,3113
0.0135,4528
0.0206,3862
-0.0202,6050
-0.0156,5875
-0.198,9842
-0.19,9684
0.0359,4321
-0.104,9392
-0.137,9692
-0.07,6379
-0.202,9158
-0.0581,5558
-0.214,7349
0.00916,4517
-0.0205,6031
-0.00981,5455
0.352,4
-0.117,7601
0.073,3187
-0.0279,6280
-0.0512,8732
-0.256,6651
-0.385,7148
0.162,2696
-0.0704,6337
-0.104,6259
0.152,399
-0.0233,5669
-0.0752,6857
0.125,1287
0.113,426
0.0258,3805
-0.116,8593
-0.181,8842
0.233,1151
0.296,183
-0.0161,5422
-0.102,9181
0.0968,2024
-0.0833,6855
0.108,3123
-0.327,10077
-0.0762,7428
0.693,218
-0.16,8067
-0.0306,5973
-0.141,8206
0.00753,4853
0.0335,4155
-0.195,10308
-0.116,9013
-1.21,10291
-0.324,8386
0.295,2450
-0.0717,6542
-0.0148,5616
0.0277,4130
0.876,1264
0.304,2014
-1.06,9789
0.0368,3002
0.0517,3469
-0.276,5725
0.491,880
0.573,1296
-0.0655,7285
0.368,2700
-0.172,9423
-0.00739,5357
0.043,3927
-0.109,8090
0.0238,4577
-0.0806,8158
-0.121,7666
-0.226,9675
-0.025,6747
0.872,436
0.241,624
-0.121,8378
-0.00397,5249
0.0254,4538
0.155,441
-0.124,8807
-0.161,8326
-0.0429,5813
-0.0684,8327
-0.00316,5177
-0.0389,6304
0.122,1732
-0.0309,6872
-0.00573,5285
-0.224,8614
0.126,2868
0.116,3341
0.0533,3282
-0.284,9604
-0.0403,7706
-0.406,8525
-0.0655,5241
-0.163,7657
-0.111,7786
0.0648,3107
0.0982,2647
0.171,1020
-0.0885,7823
-0.079,7235
0.258,335
0.0206,3999
-0.0681,7469
-0.116,7793
-0.203,9218
0.0936,2630
0.0104,4800
-0.0752,8981
0.213,14
0.353,1584
1.58,36
-0.117,4971
-0.329,10308
0.00417,4902
-0.176,9212
-0.277,9983
0.0746,3063
0.108,1649
-0.0658,7994
-0.0494,7365
-0.0636,5641
0.000608,4805
0.306,2465
0.101,2869
-0.107,9244
0.0164,4447
0.137,2289
0.0429,3467
0.00577,4850
-0.0824,5875
0.0869,1451
-0.0579,6689
0.0957,2826
-0.113,8019
-0.112,8194
-0.0748,7685
0.125,791
-0.0446,6414
-0.257,8689
-0.276,9659
-0.0652,6617
-0.259,8800
0.152,390
0.381,281
0.0312,4491
0.134,1331
0.575,217
0.188,275
-0.278,9445
0.116,2481
-0.0849,6885
-0.217,10308
0.0418,3960
0.0441,3132
-0.168,9803
0.0151,4140
0.282,272
-0.0729,7032
-0.113,7765
0.227,2495
0.00732,4624
0.072,2320
-0.0203,5687
-0.198,10385
-0.339,7839
-0.139,7380
-0.0235,5839
-0.0179,6608
-0.999,10392
-0.426,10022
0.179,3136
0.387,1337
0.419,737
-0.248,7503
-0.129,8152
-0.208,9607
-0.0219,5851
-0.0399,5937
-0.0306,7502
0.0461,2912
0.0299,4037
0.152,1429
-0.323,9908
0.0311,4133
-0.134,7036
-0.0584,7031
0.025,4166
-0.0433,5863
0.191,703
0.108,2845
0.167,172
-0.15,9134
0.0538,3554
0.17,1994
-0.0609,6565
0.0182,4429
-0.0367,6384
-0.0967,7767
0.189,1635
0.0491,3554
-0.0829,5982
-0.101,8322
-0.0183,5151
-0.0684,8206
0.0977,1707
-0.024,5847
0.0732,3394
-0.413,9350
-0.0418,6544
-0.081,7335
0.187,192
0.0499,3675
0.0414,4132
0.198,416
-0.0602,7677
-0.00619,5371
-0.121,7205
0.29,562
0.0659,3815
0.0464,3979
-0.0283,6017
-0.317,10382
-0.121,7454
-0.133,8869
-0.351,10135
-0.00461,5339
-0.041,6040
0.01,4828
-0.237,8669
-0.0778,6869
-0.118,7669
0.0118,4556
-0.0366,5980
-0.0247,6440
0.0932,2828
-0.272,9052
-0.124,6291
0.00999,4704
-0.2,8972
-0.156,9085
-0.0188,6225
0.155,2412
0.0056,4790
0.135,1668
0.08,2468
-0.00676,5154
-0.0536,6108
-0.294,8691
-0.0316,5712
0.0131,4464
-0.0411,6629
0.517,1693
-0.154,7960
0.476,522
-0.142,9700
0.164,1047
-0.0542,8129
-0.0232,6396
-0.0219,5592
-0.216,8897
-0.0844,8021
0.0696,2312
-0.0339,5955
0.0022,4853
0.123,1365
-0.367,10242
-0.0379,6899
-0.0954,8222
0.228,71
0.085,3543
0.0286,3667
-0.0899,6706
-0.234,8813
-0.0377,5590
-0.0414,6150
-0.0386,6587
-0.0578,6685
0.0128,4426
-0.261,9110
-0.12,8732
0.0385,2682
-0.0485,6507
-0.271,10072
0.0919,1606
-0.18,9596
-0.0361,6849
0.0162,4110
0.0391,3777
-0.0113,5287
0.315,1255
0.696,324
-0.00834,5403
0.0125,4558
-0.259,9698
-0.181,9671
-0.0383,5869
0.236,2705
0.0516,3761
0.108,2067
0.221,1627
0.188,1006
0.0511,3818
0.0126,4740
0.032,4008
-0.109,8275
0.0198,4344
0.0102,4718
0.00589,4852
0.139,3346
0.00597,4811
0.0249,3163
-0.0662,7649
-0.321,9568
-0.00658,5231
-0.0463,6233
0.0804,1841
0.238,88
-0.381,9330
-0.0454,6689
0.312,1616
-0.245,9810
-0.00677,5541
0.0238,3459
-0.0844,8005
-0.0472,6921
-0.27,10080
0.0701,2153
0.0889,1613
0.185,136
0.0155,4484
0.0215,4628
-0.0607,7086
0.0876,2649
-0.303,6982
0.0208,4404
0.176,1211
-0.0673,7209
0.0386,4052
-0.0779,7909
-0.0811,8232
-0.216,9007
0.353,1103
-0.0401,5996
0.0981,1870
-0.0175,5249
-0.0682,7922
0.0888,2808
-0.0513,7676
-0.236,10286
-0.0598,7001
-0.355,6612
-0.0441,8800
-0.0865,8561
-0.0219,6111
-0.0255,5986
-0.102,7158
-0.0531,6713
0.0454,3662
-0.0383,6702
-0.106,8761
0.118,2210
0.418,20
-0.056,5326
-0.254,9895
-0.0751,7572
0.483,1362
-0.0654,6914
-0.175,8157
-0.0621,7015
0.193,369
-0.224,10286
-0.134,9278
0.232,824
0.269,934
0.024,4003
0.109,2810
0.0543,3653
-0.0316,6258
0.297,502
0.0257,4303
-0.0665,8544
-0.0372,6975
0.0666,3318
0.658,4
-0.0872,6400
0.223,1606
-0.16,7531
-0.0128,5766
0.13,1113
0.233,313
0.262,523
-0.0193,5031
-0.356,10273
0.00526,4904
-0.165,9206
-0.117,7554
0.189,1541
-0.127,5616
0.371,98
-0.156,9953
-0.0425,7419
0.202,2336
0.118,2288
0.426,1791
0.0416,4125
-0.147,8743
-0.341,9645
-0.138,9097
-0.147,8222
-0.00699,5463
0.213,2099
0.0706,1421
-0.022,6020
-0.0539,6635
0.141,1708
0.296,997
-0.00684,4761
0.044,3436
-0.0201,5936
-0.0733,8340
-0.0785,8498
-0.0949,7388
-0.102,8107
-0.0173,7100
-0.211,9459
0.157,2469
0.0466,3982
-0.12,8250
-0.00887,5191
0.297,364
-0.0557,9944
-0.0604,5934
-0.0568,6162
-0.0274,5493
-0.229,10248
0.0436,2778
-0.0795,6621
-0.385,9730
0.0711,3158
-0.141,8229
0.0222,4168
-0.0836,8034
0.0327,4272
0.123,1780
-0.173,9222
-0.0545,6735
0.0728,2263
-0.115,9952
0.00536,4827
0.199,2074
0.0206,4292
-0.335,9068
-0.124,8991
0.169,504
-0.0515,7161
-0.0523,7134
0.373,433
-0.0961,8616
-0.123,7139
0.00704,4637
0.17,808
0.0663,3414
-0.37,10447
-0.0433,6251
0.104,2219
-0.0697,8243
0.161,486
-0.0357,5573
-0.128,7932
-0.0509,7201
-0.137,9236
0.0577,2193
-0.0301,6298
-0.0833,6536
-0.0512,7190
0.233,2595
-0.205,9512
-0.0583,6907
0.00348,4969
-0.0136,5264
0.0318,4258
-0.0989,7889
-0.094,7397
0.244,560
0.172,967
0.257,1031
-0.0642,5628
-0.00756,5086
0.0658,3477
0.0656,2560
-0.195,9972
-0.205,4530
-0.131,8588
-0.0743,7252
0.0183,4591
-0.0037,5710
-0.0775,8197
-0.171,8475
0.0708,3149
-0.0269,6083
-0.0708,7149
0.0199,3836
-0.0899,8169
0.292,796
-0.0461,5695
0.0836,3148
-0.0395,6316
-0.0567,8298
0.205,341
0.142,1658
0.356,543
0.283,86
0.294,856
-0.164,9927
0.101,1878
0.35,812
-0.0253,5518
0.546,1725
0.473,273
0.169,816
-0.00419,5309
-0.108,7245
-0.213,9136
0.22,209
0.063,3715
0.04,3433
0.0403,3555
0.0497,4086
-0.012,5228
-0.00152,5311
0.0362,4468
0.116,2346
0.0537,3224
-0.508,10029
-0.24,10303
0.943,1024
0.0619,4085
0.0581,2600
-0.322,5152
0.138,2219
0.496,834
0.0104,4585
0.174,888
0.186,545
0.255,2498
0.355,654
-0.328,6892
-0.362,9745
-0.0274,5422
-0.128,7707
-0.161,8566
-0.081,6803
-0.278,8129
0.0412,4063
0.0992,982
-0.0452,6032
0.343,1093
-0.24,6391
0.662,436
0.0356,3789
0.071,3306
0.108,1441
-0.285,9615
-0.182,9318
-0.473,9724
-0.19,7030
0.0175,4258
-0.0432,6415
-0.0224,5490
0.063,2271
-0.0643,5196
0.0749,2965
-0.147,10210
-0.0553,7006
-0.0569,4516
0.137,2159
-0.276,7542
-0.138,7406
0.169,915
-0.139,10220
0.143,1556
0.00161,5028
-0.189,5811
-0.0721,7680
0.204,773
0.0915,1119
-0.175,8085
-0.0297,5903
0.000787,5273
-0.0452,6612
0.0104,5005
0.169,393
-0.00268,4625
-0.0255,5559
-0.23,8457
-0.15,7975
-0.0223,6131
-0.0106,5323
-0.0663,7118
-0.0376,4671
-0.324,10157
0.00226,5137
-0.0223,5679
-0.0959,9856
0.166,2117
-0.174,8827
0.0372,4021
-0.156,8113
0.0942,3216
0.0149,4522
-0.0321,5480
0.0702,3164
0.192,1373
0.0305,4170
0.303,158
-0.12,8456
0.0666,3476
-9.62e-05,5216
0.086,3140
0.232,943
-0.065,8257
-0.0257,5468
0.133,2590
0.126,2916
0.337,1593
0.0827,3320
0.064,2954
0.381,565
0.023,4448
-0.0362,5698
0.156,1542
-0.196,5852
0.153,1075
0.155,2218
-0.0537,6098
-0.115,6782
-0.0578,6492
0.0878,2273
0.0488,3539
0.0675,2710
0.0178,4140
0.0227,4313
-0.104,7318
-0.217,9499
-0.0528,7446
-0.0511,7150
0.0482,3868
-0.0696,8120
-0.0925,6454
-0.0312,5901
-0.0556,7797
-0.146,9699
0.0877,2560
0.112,2469
-0.109,6685
0.0383,3945
-0.0816,8363
-0.133,8946
-0.0993,8761
-0.0649,7005
-0.274,9835
0.158,2864
-0.0104,5691
-0.0716,8342
-0.244,7567
0.197,2551
-0.124,9224
-0.0254,5929
0.469,8
-0.122,7331
0.103,2617
0.0261,3251
0.325,164
-0.0391,7128
0.00577,4613
-0.0391,7672
-0.0268,7030
0.0115,4662
-0.0338,6610
0.122,994
0.37,257
0.207,855
0.0346,3823
-0.0947,8099
0.0626,3204
-0.096,7718
-0.135,8782
0.0156,4231
0.169,2806
-0.138,8642
0.0438,3242
0.179,1312
-0.296,8603
0.067,3507
-0.129,8344
0.0316,3963
-0.128,9043
-0.00267,4282
0.0511,3176
-0.29,9822
0.09,2145
-0.159,9947
0.54,751
-0.148,8975
-0.0417,6239
0.0858,2977
-0.0508,6214
0.103,1993
-0.13,8221
-0.088,7234
0.232,602
0.0361,2950
0.244,1179
0.0307,4441
-0.551,10166
-0.0618,5327
-0.155,9461
0.0212,4143
0.0448,3821
0.0199,4223
0.205,2215
0.928,107
0.0423,3608
-0.0343,6097
0.0987,1145
-0.00177,4896
0.0713,2795
0.0963,2987
-0.0607,7776
-0.157,10307
0.279,1398
0.0455,3630
-0.0636,6827
0.0201,4576
-0.145,10080
0.133,2409
0.194,2418
0.25,126
0.241,1223
-0.0259,6172
-0.0766,8586
0.023,4465
0.168,1658
-0.139,8052
0.121,3077
0.622,704
-0.0442,7394
0.146,464
0.0254,4170
-0.271,9695
-0.033,5670
-0.107,6313
-0.174,10091
0.117,2300
0.293,174
0.0691,3743
-0.121,9536
0.114,1759
0.201,582
0.149,1610
-0.0365,6094
0.00565,5095
0.109,3374
0.22,1990
0.118,1398
0.0645,1904
0.074,2691
0.174,1906
-0.159,8995
-0.357,7231
-0.0302,6507
0.0673,3094
-0.15,8838
-0.0359,5326
-0.283,9257
0.34,1017
-0.016,6694
-0.207,10149
0.162,1341
-0.224,9679
-0.0395,6834
-0.0797,8997
-0.00585,5234
0.15,694
0.0803,3657
0.115,2681
0.426,607
-0.157,7034
0.1,1778
0.104,1300
0.487,167
0.21,504
-0.229,9099
0.0116,4797
-0.103,8424
-0.0735,8027
-0.0974,7501
-0.0244,5591
-0.146,8650
0.00919,4673
0.122,2090
-0.181,9489
-0.261,9077
-0.531,9496
-0.162,7794
-0.0633,8578
0.0817,2049
0.0169,4590
-0.0428,5916
-0.296,9502
0.172,1000
-0.0684,7617
-0.197,9604
0.0229,4337
0.159,1878
0.03,4189
-0.197,10222
-0.0871,9132
-0.0797,8284
0.262,998
-0.089,8032
-0.123,9055
0.421,1708
0.0229,4019
-0.113,8741
-0.0801,7532
-0.0141,5568
0.0634,3378
0.785,167
-0.366,9939
0.0411,3601
-0.535,10174
0.0816,2384
0.153,2963
0.207,1379
0.0693,2360
0.375,287
0.161,886
-0.18,8706
-0.194,8010
-0.215,5766
-0.0296,6002
0.0176,4338
-0.313,10265
0.0909,3698
-0.264,7678
-0.186,9740
0.0742,1712
-0.012,5634
-0.0391,6310
0.107,2594
-0.111,3328
0.0115,4376
-0.0277,5930
0.338,252
-0.02,5831
0.232,1156
-0.189,9703
-0.13,9180
0.38,226
-0.0375,5903
-0.309,9691
0.0567,2452
-0.1,8818
0.0997,2371
0.0554,3386
-0.0846,7132
0.1,2696
0.00949,4791
-0.0282,5461
0.0623,3812
-0.118,9059
-0.283,7991
0.119,2326
-0.00998,5568
-0.193,9115
0.046,3615
0.0368,2763
0.0286,3534
-0.115,6665
0.602,19
-0.174,8584
-0.0277,6252
0.21,945
-0.227,9645
-0.249,9942
-0.00452,4503
0.0243,4031
-0.306,9700
0.0449,3880
0.147,2344
-0.372,9054
-0.143,8609
-0.263,9826
-0.0349,6583
0.046,1907
-0.0546,5861
0.249,341
-0.336,8364
0.0547,3060
-0.103,8378
0.0145,4371
0.226,912
0.236,1271
-0.0711,6834
-0.17,9426
-0.0723,8554
-0.000899,5034
0.0121,4561
0.153,2098
0.2,946
0.26,2319
0.106,2974
0.108,1074
-0.119,7941
0.0864,3103
-0.296,7993
0.226,840
-0.0545,7449
0.0337,3769
-0.0739,8481
-0.212,10303
0.0772,2419
0.229,617
-0.0974,8785
-0.0797,7493
-0.101,7727
-0.208,7829
0.113,3451
-0.0997,8021
-0.139,9042
-0.219,10033
0.104,2939
-0.000647,4966
0.0604,2581
0.376,828
0.36,12
0.0301,3906
-0.026,5479
0.00443,4850
-0.000672,5238
0.028,4515
0.0415,2849
-0.0975,9637
-0.00995,5433
-0.219,9566
0.301,618
-0.148,8329
-0.00369,5517
-0.138,10019
0.207,1044
-0.161,8294
0.531,1160
0.107,2763
0.116,1016
0.155,364
-0.325,5759
0.43,1305
0.194,1053
0.0807,3768
-0.0366,6014
-0.0219,6417
-0.428,7907
-0.0754,7721
0.121,2870
0.00809,5041
-0.0539,7735
-0.0196,5645
-0.0907,7269
0.0105,4457
0.902,66
0.101,2532
0.154,1968
-0.0407,7317
-0.128,7969
-0.143,7938
0.295,183
0.106,3528
-0.09,7877
-0.00772,5279
0.0882,3117
-0.113,7842
0.176,1361
0.848,139
-0.0583,7191
0.0414,3550
2.44,26
-0.209,4512
0.166,996
0.374,463
-0.158,7840
0.77,39
-0.124,6754
-0.0964,8294
-0.106,8559
-0.0676,6001
0.157,2407
0.632,777
0.38,1360
-0.057,8147
0.00294,4966
0.000291,4875
-0.0374,6407
-0.158,9623
0.103,2349
0.0557,2338
-0.0668,7623
-0.0481,6083
-0.282,8118
0.0616,4202
-0.137,8787
0.0477,3330
0.00309,4481
-0.0578,6305
0.0886,2759
-0.161,8789
-0.262,9900
0.312,286
0.0555,4199
-0.413,8421
0.219,1706
-0.194,9843
-0.0503,6018
0.0936,1804
-0.0689,8086
-0.102,3948
-0.092,6779
0.507,369
-0.0537,8508
-0.0604,8607
-0.12,10084
-0.44,6410
-0.24,6247
-0.192,7750
-0.104,7445
0.0455,3913
-0.171,4799
-0.4,8948
2.77,218
-0.172,6837
-1.47,10373
-0.0966,7055
0.094,3558
-0.11,9279
0.0666,1711
-0.507,8162
-0.342,8515
-0.558,9209
-0.171,5517
-0.258,9108
0.271,95
0.199,1832
-0.069,6661
0.562,36
-0.0605,7018
-0.0638,6742
0.471,389
0.0729,2958
0.109,2791
-0.0448,7728
0.0732,1454
-0.0514,6986
-0.0387,6185
-0.0651,7560
-0.00298,5043
-0.265,9897
0.00631,4833
0.0494,2670
0.0207,3195
-0.264,7714
-0.346,9425
-0.177,8203
0.0338,4109
0.028,4412
-0.463,6392
-0.155,7969
0.0247,4410
-0.045,5844
0.0913,1043
0.308,1309
-0.499,8229
0.265,1996
-0.0176,6444
0.0315,1764
-0.247,9721
-0.171,9050
0.0619,3613
-0.0658,7244
0.042,3522
-0.217,9514
0.135,1902
-0.429,10318
-0.268,10321
0.0131,4436
0.0902,3049
0.0411,2623
0.584,215
0.105,2772
-0.142,6403
0.0412,3368
-0.0422,6838
-0.0505,6270
0.0274,4248
-0.05,6816
-0.202,8232
-0.117,7538
0.638,143
-0.0189,6001
0.109,2998
-0.223,8725
0.185,1268
0.0635,2937
-0.06,8060
-0.0442,6885
0.405,1905
-0.206,7615
-0.18,10080
0.411,692
-0.0053,5279
0.288,1162
0.021,4460
-0.189,8868
-0.29,9935
0.0315,4141
-0.0412,6556
0.0409,4250
0.199,1914
0.169,2127
-0.294,10269
-0.0289,7006
-0.151,10210
0.0143,4653
-0.496,9324
0.292,531
-0.158,7874
0.00787,4856
-0.172,9747
-0.0889,8717
-0.0237,6002
0.11,3422
0.195,1102
0.0141,4675
-0.263,9749
0.0703,1555
-0.155,9812
-0.0128,5668
0.197,1668
-0.255,9654
0.096,1786
0.0876,2025
-0.0346,6023
0.0965,2425
0.34,159
-0.124,8514
0.0688,2154
-0.0248,5767
-0.228,9570
-0.056,6152
0.326,377
-0.134,9261
-0.29,10358
0.0186,3744
-0.12,8877
0.00374,5044
-0.000255,5215
-0.183,9572
0.126,842
-0.159,8082
0.27,333
-0.128,10006
-0.447,9324
0.075,2025
-0.098,7743
-0.192,9873
-0.108,6267
-0.234,8912
-0.14,7923
0.00557,4992
-0.0361,6977
-0.0129,5390
-0.0628,7122
-0.0276,5723
-0.0684,6485
-0.0534,6937
0.012,4724
-0.0476,5407
-0.0599,7271
0.0519,3689
-0.0999,8421
0.1,2922
-0.00429,5519
-0.00772,5615
0.102,2090
0.0718,2221
0.019,4706
0.0493,3296
-0.0215,5965
-0.204,8631
-0.173,7846
0.0449,4284
-0.207,10199
-0.293,9520
-0.0236,5760
-0.156,8406
-0.193,8256
-0.135,7010
0.00504,4606
-0.0828,8560
0.0113,4609
-0.192,9207
-0.266,10438
-0.0418,6910
0.087,2320
-0.194,9876
0.184,1150
0.361,2306
0.0687,3042
0.339,193
0.0281,4112
-0.199,9573
-0.0271,5735
-0.115,8136
0.063,2512
0.247,682
0.0156,4508
0.000899,5266
0.00773,4445
0.215,998
0.0576,3525
0.0495,3832
-0.226,8618
0.0225,4406
0.00808,4648
0.0355,4098
0.0519,4164
-0.162,9568
0.0274,4341
0.0635,2761
-0.124,8624
0.0189,4629
-0.137,7890
-0.0383,5018
-0.0774,6547
0.525,220
0.00961,4574
0.144,2587
0.468,2368
-0.28,10286
-0.091,7913
0.0022,4907
0.0695,1283
0.357,1147
-0.0202,6435
-0.0787,7583
-0.104,8894
0.0489,3213
-0.000505,5214
-0.0438,6291
-0.299,8919
-0.0857,8844
0.0286,4639
-0.0705,7831
-0.0852,9313
0.149,1750
-0.261,10137
0.162,2531
-0.0484,7261
-0.0168,5139
-0.179,9835
0.0994,2710
0.0341,3802
-0.162,6617
0.116,2830
-0.223,10254
-0.0663,6959
0.134,1793
-0.205,9472
-0.279,9262
0.0431,4139
0.162,630
-0.0277,6491
-0.0202,5229
0.162,1826
-0.0406,6423
0.00265,5005
-0.0713,9518
-0.0263,6010
-0.2,10281
-0.0349,5962
0.166,1520
0.242,945
0.106,1605
0.00767,4757
-0.0953,7867
-0.257,10364
-0.323,9420
-0.171,6611
0.0922,2020
-0.0768,8433
-0.0479,6537
-0.12,8540
0.0927,3419
-0.211,10064
-0.0453,6536
0.0728,1032
-0.108,7134
0.189,1189
-0.0904,6208
0.0941,2009
-0.082,7782
0.0162,4372
0.0831,3092
-0.0418,6535
-0.12,7289
-0.251,7893
0.0629,2969
-0.153,9528
0.231,1457
-0.128,9432
0.099,2719
-0.0352,6266
-0.151,10291
0.0936,1442
-0.104,7984
-0.0983,8726
-0.0091,5194
0.287,301
0.00415,4983
-0.126,8791
-0.0611,7653
-0.0121,5592
-0.0765,6445
0.0115,4551
0.0814,2634
0.126,2284
-0.031,6216
-0.262,7942
-0.0359,5374
0.108,401
0.0112,4587
-0.143,9804
-0.00367,4994
-0.237,7144
-0.0197,5398
-0.0295,6825
0.216,133
0.0193,4379
-0.00219,5449
-0.00358,5497
0.243,1987
0.039,3380
-0.307,10169
0.134,1607
-0.0785,6672
-0.112,6913
0.23,2607
-0.0149,6249
0.0279,3986
-0.0719,6902
-0.18,9417
0.305,921
-0.061,7749
-0.0473,7297
0.107,1465
-0.192,8761
-0.0647,6615
-0.196,8554
-0.338,8559
0.01,4544
-0.0869,7218
-0.374,9275
0.0322,3927
0.0781,3116
-0.195,6890
-0.119,7402
0.0609,3506
0.275,2135
-0.203,9983
0.262,1031
-0.155,7914
-0.158,9178
0.139,2736
-0.166,9352
-0.0745,6835
-0.00913,5251
0.078,3372
0.0761,3218
-0.149,8234
-0.0856,6420
-0.0253,5685
0.0869,3322
0.0818,3461
-0.0661,7628
-0.0536,7730
-0.139,9664
-0.0805,6524
-0.163,10219
0.029,4225
-0.0619,5854
0.1,1741
-0.2,7604
-0.26,9755
-0.101,7497
-0.151,8286
-0.0227,6537
-0.0553,7816
-0.047,6358
0.0521,3340
0.205,2534
0.0887,3498
0.089,3057
0.0184,4289
0.15,1137
-0.0658,6227
0.101,3219
-0.121,7712
0.0695,2528
-0.0792,9376
-0.14,8851
0.0488,3329
-0.0655,6525
-0.0454,6382
-0.0732,7098
0.134,1409
0.121,3502
-0.0418,5194
-0.391,9378
0.0897,2548
-0.0195,6469
-0.255,9182
-0.0901,6694
0.117,2932
0.386,2382
-0.0392,7834
-0.235,10367
-0.152,7091
-0.154,9460
0.257,1779
-0.242,9837
-0.0569,7466
-0.109,9372
-0.277,10313
-0.18,9241
0.38,491
0.0554,3820
0.0286,4081
0.136,1989
-0.73,8741
0.0121,4582
0.144,919
0.214,893
0.000563,5114
-0.0113,5750
0.136,1834
-0.181,7838
0.863,413
0.0877,1997
0.246,841
-0.0518,6323
-0.168,8475
-0.0311,6119
-0.0488,6455
0.136,2224
0.156,908
-0.0601,7349
-0.836,9283
0.057,2917
0.00711,4767
0.548,408
0.0121,4691
-0.00977,6128
-0.302,6357
0.0151,4559
-0.201,8239
0.00893,4533
-0.0462,7110
0.0568,3498
0.113,2710
0.106,2587
0.0666,1979
0.0026,4853
0.21,1013
0.0431,3955
0.409,1056
-0.139,8417
-0.0488,5329
0.158,1836
-0.0125,5184
-0.0761,8651
-0.14,9841
-0.0792,7235
-0.158,9413
0.0184,3323
-0.0406,6734
0.119,3107
-0.0547,5995
-0.461,6608
-0.204,9324
0.259,587
1.05,27
-0.078,7167
-0.156,8116
0.0832,3565
-0.115,6727
-0.0609,6987
0.104,3655
-0.0662,7514
-0.146,7946
0.061,3615
-0.0594,5807
-0.0522,6679
0.0743,2035
-0.0126,5505
0.118,1935
-0.0883,8401
-0.242,9902
-0.198,9897
-0.000655,4859
0.177,621
0.157,1432
0.263,546
-0.171,8208
-0.265,6178
0.369,389
-0.165,9217
0.102,2394
-0.0658,6660
-0.0137,5078
-0.135,9495
-0.092,8953
0.00799,3707
-0.0566,6451
0.144,2636
-0.0496,5798
0.048,3593
0.0639,3154
-0.0158,5690
-0.134,9898
0.137,868
0.235,1361
0.112,2259
0.129,507
-0.22,9837
-0.107,8677
0.0809,2569
-0.027,5709
0.0486,3537
-0.0437,8596
0.0382,3139
-0.185,9671
0.0567,2511
-0.0814,8003
-0.172,8910
-0.205,9709
0.0231,4366
0.594,93
-0.0932,7435
-0.0806,8294
-0.128,8469
0.0171,4645
-0.0834,7190
0.223,851
-0.297,10325
0.0605,3353
-0.129,9127
-0.148,6943
0.792,913
-0.165,8098
-0.14,9479
0.163,760
-0.0133,6209
-0.34,8220
-0.244,8852
-0.386,9790
-0.0717,6579
0.0635,2444
0.00769,4850
-0.0749,8830
0.0266,4302
-0.011,5307
0.1,2830
-0.166,10053
-0.028,7252
-0.084,6782
-0.0399,6110
0.107,2170
-0.183,7760
0.164,918
-0.144,9197
0.004,4853
0.133,2386
0.296,1551
0.0851,1829
0.0254,4315
-0.0655,7215
-0.0157,5633
-0.221,9045
-0.187,9435
0.0682,2862
-0.0231,6018
-0.0798,7761
0.0607,3652
-0.139,8008
-0.23,10150
0.0543,2793
-0.00016,5215
-0.113,8184
-0.164,9029
-0.248,8131
-0.0698,7656
-0.277,9960
-0.131,8544
0.127,655
-0.0602,8413
0.156,1319
-0.0669,7068
0.0264,3868
-0.05,5652
-0.0709,7965
0.227,698
0.00902,4898
-0.0173,5554
0.101,1932
-0.433,10026
0.0233,4199
-0.341,9628
-0.0159,5442
-0.18,9512
-0.0163,5944
0.0633,2319
-0.0568,6360
-0.0173,5913
-0.0567,6706
-0.0559,8778
0.0795,3295
-0.0669,9165
-0.133,7882
0.0898,2473
0.0998,2244
-0.254,9153
0.169,1840
0.187,1034
0.0976,2527
-0.188,9380
-0.515,9307
0.0349,4085
0.0795,1577
-0.174,8870
-0.106,7701
-0.0245,6080
-0.006,5324
-0.00106,5426
0.519,195
0.0133,4550
-0.164,9616
-0.516,10209
0.141,2828
0.201,449
0.0416,3632
0.13,1873
-0.0307,5920
-0.0509,6768
0.0305,4304
0.169,1978
0.0707,2672
-0.075,8538
0.15,2606
-0.562,10470
0.182,1164
-0.0686,7356
0.0399,3731
0.021,4361
-0.0763,7799
-0.146,8615
0.0314,4112
0.069,3439
-0.0522,8014
-0.0751,7455
-0.261,9794
-0.127,9382
0.0558,3781
-0.158,7955
0.104,2357
-0.179,9860
-0.339,7910
-0.124,7379
-0.106,7005
-0.126,9168
0.583,19
0.0684,2872
0.147,1879
-0.057,6791
0.221,745
-0.229,9266
-0.068,8557
-0.0971,9021
-0.197,9568
-0.155,7801
0.294,1390
0.161,1080
-0.0403,6957
0.0669,2995
-0.023,5895
-0.0419,6211
0.0704,2765
-0.0322,6051
-0.188,9660
-0.056,7518
-0.149,7287
-0.105,7258
-0.178,9750
0.115,3176
-0.0256,6356
-0.0667,7590
-0.0267,6010
0.272,304
0.178,491
0.209,550
-0.19,10142
0.162,1116
-0.0117,5628
-0.16,8430
0.414,809
0.05,2777
0.216,2023
-0.0157,5705
-0.0894,7721
0.27,944
-0.311,9658
-0.0359,5279
-0.092,7573
-0.00318,5143
-0.21,7028
-0.23,9817
-0.104,9006
0.202,598
-0.00432,5407
-0.0586,8377
-0.195,9041
-0.53,10415
-0.0637,6794
0.297,628
-0.0577,7536
-0.101,9228
0.0251,4238
-0.147,8909
0.00366,4698
0.0929,2928
-0.0341,5958
0.0654,2246
-0.0446,6094
-0.16,9695
-0.295,8536
-0.251,9397
-0.0361,7104
-0.0281,6163
-0.0105,5483
0.0307,3965
0.124,505
0.115,1555
0.165,770
-0.0736,7374
-0.137,8838
0.0134,4657
0.197,2410
0.0394,3689
0.0206,3795
0.234,765
-0.0847,9680
0.136,2277
0.1,2181
0.0686,2643
-0.0402,6203
-0.011,5629
0.0841,3993
-0.389,10252
0.0616,3463
0.291,1422
-0.044,6724
0.0042,4724
0.123,2689
-0.029,7050
-0.0757,7437
0.099,3401
0.117,476
0.0659,1345
-0.0344,5935
-0.116,6209
-0.0163,5591
0.0503,3611
-0.00116,5072
0.00863,4707
-0.193,9949
-0.0677,6569
0.098,3753
0.241,1546
-0.0197,5533
0.272,341
-0.00283,5458
-0.207,9809
-0.00647,5316
-0.0537,6983
0.13,475
-0.0498,8262
-0.102,6710
0.00479,4777
0.163,2075
-0.139,9151
-0.00954,5503
-0.018,5929
-0.0913,7755
-0.211,9211
0.556,732
0.151,3003
0.0422,3661
-0.0805,10074
0.121,2075
-0.0547,7369
-0.235,10034
0.0838,3265
-0.262,10014
0.185,601
-0.175,8256
-0.174,8206
0.222,995
-0.0626,7328
0.0734,2342
-0.183,10231
0.0178,4524
0.114,2513
0.0871,3015
-0.166,8404
0.0675,2259
-0.00334,5410
-0.217,9126
-0.16,8769
-0.00636,4983
0.112,1761
-0.0929,8700
-0.132,9677
0.0622,3377
-0.231,10155
0.00516,4875
-0.246,7806
-0.208,9407
0.15,737
-0.0584,7101
0.0896,2908
-0.13,9488
0.0497,1347
-0.0714,8802
-0.0612,7719
0.11,1015
0.167,2599
0.37,127
0.0265,3852
-0.0442,5735
0.154,1401
-0.0572,6489
-0.174,9943
-0.0123,5078
0.00966,4787
0.117,1824
-0.0989,10096
-0.0241,5527
-0.224,9716
-0.15,7381
-0.122,8786
0.574,25
0.0322,3689
0.313,685
-0.0302,5824
0.142,2864
0.259,1545
-0.0964,8597
0.00544,4947
0.0117,4832
0.276,1365
-0.136,8643
-0.0745,8112
0.111,3178
0.0194,4197
0.0717,2871
0.115,1852
-0.0908,8034
0.1,3094
-0.043,6320
0.00939,4810
-0.101,8190
0.364,394
-0.0673,6796
0.295,681
-0.0198,5640
0.159,1798
-0.0682,5436
0.119,2353
0.0349,3850
-0.232,9963
-0.0745,8911
0.144,508
0.083,2967
0.2,2359
0.181,1483
-0.151,8584
-0.00586,5527
0.141,929
0.112,3264
-0.0772,7058
-0.158,8346
-0.0981,7734
-0.0329,6116
0.0823,1259
0.142,1248
0.162,3049
-0.147,7693
0.0356,4156
0.226,1003
-0.00525,5352
-0.0835,7736
0.243,1841
-0.0324,5669
0.198,462
0.698,2
0.0331,3957
0.0448,3539
-0.00304,5040
0.0205,4561
-0.0268,6153
-0.121,9231
0.127,758
-0.102,7431
0.0185,4588
-0.105,6942
-0.189,8852
-0.0362,7209
0.0184,4134
-0.055,8408
-0.155,7799
-0.176,8078
-0.0384,5725
-0.0465,6886
-0.00434,5137
-0.12,7743
-0.154,9801
0.173,2685
0.00732,4894
0.103,1400
-0.048,6885
-0.11,7676
0.14,869
-0.0253,5256
0.0999,2890
0.111,1536
-0.0658,9199
-0.227,9734
-0.104,8203
-0.0886,7581
-0.234,8893
-0.0903,9136
0.0666,2431
0.081,2362
-0.177,9382
-0.0637,6141
0.303,1715
0.0698,3385
0.00036,4931
-0.0316,5638
0.271,139
-0.177,8766
-0.179,7939
0.086,963
-0.019,5914
0.203,2283
-0.298,10358
-0.0896,7464
0.048,3405
0.0357,3114
-0.102,9087
0.513,48
0.157,2280
0.339,746
0.111,2416
0.0071,4302
-0.121,9783
-0.125,7734
-0.022,5819
-0.463,8854
-0.258,8436
0.0827,3221
-0.254,10302
0.0788,2707
0.222,1121
0.00388,5124
-0.168,7038
0.0291,3871
0.0569,2637
0.00294,5092
0.202,1812
0.245,1677
0.365,220
-0.187,9668
-0.29,6285
0.137,2139
-0.0477,6287
-0.226,10032
-0.0953,7947
-0.11,9145
0.0861,2717
0.00653,4538
-0.0815,7277
-0.206,9675
0.0743,3384
-0.29,10173
0.0728,2554
-0.165,10241
0.0601,3978
0.515,630
-0.122,7158
-0.00814,5456
-0.135,10382
0.102,2366
-0.059,5854
-0.282,9583
0.0183,4614
-0.335,10170
-0.134,7560
-0.0116,5516
0.0424,3820
0.043,2845
-0.0221,6342
0.0599,2376
0.0601,2438
-0.00713,5272
-0.214,8209
0.00333,4752
-0.161,8329
-0.0163,5127
0.364,1170
-0.138,7578
-0.0847,6284
0.027,3942
-0.000225,4927
0.341,1080
-0.175,8822
-0.205,8249
0.102,2521
-0.0977,7868
-0.087,7253
0.000548,5083
-0.15,9910
-0.0191,5907
0.0463,3321
-0.101,9096
-0.0693,8001
-0.387,9520
0.435,1419
-0.313,10071
0.0114,4778
-0.131,9476
-0.0836,7886
-0.059,5776
0.0998,3478
-0.225,8807
0.27,619
-0.0557,8786
0.0277,4525
-0.0903,6752
-0.00502,5400
1.65,165
-0.115,8636
0.121,1869
-0.181,9382
0.124,2384
0.0509,2904
0.211,1955
-0.297,8254
0.0291,3656
-0.161,9715
0.0771,3387
-0.45,10348
-0.123,9194
0.148,3351
-0.0344,6649
-0.0615,7390
-0.243,9950
-0.0959,7703
0.00486,4954
0.0365,4481
0.0478,3192
-0.255,10373
-0.0408,5786
-0.0832,7991
-0.194,9207
-0.225,9661
-0.0349,6641
0.0967,1997
-0.163,9551
0.0107,4707
-0.162,7890
0.52,613
-0.272,10039
0.155,2192
-0.207,9478
0.881,132
0.268,663
0.0917,3018
-0.0441,7221
0.717,1034
0.0946,3810
-0.0973,9635
0.0856,3052
0.117,963
3.17e-05,4958
-0.0397,6049
-0.202,8997
-0.268,9734
-0.00358,5134
0.116,920
0.0219,4206
0.0625,2968
-0.446,7844
0.0588,3264
-0.0677,5898
0.0785,2619
0.00245,4655
0.000427,4879
0.0767,3417
-0.104,7648
0.00407,4985
0.156,2136
0.0285,3591
0.0382,4405
-0.0261,5468
-0.415,10400
-0.132,7242
-0.0895,7407
-0.129,10345
0.0856,3241
-0.0393,6371
-0.0386,5643
0.165,1645
-0.0061,5371
0.157,1763
0.0275,4496
-0.338,10156
-0.258,9163
-0.0142,5828
0.0154,4234
-0.0425,6592
0.00931,4594
0.11,724
-0.174,8907
0.164,474
-0.0139,5649
-0.104,8372
0.15,1842
-0.0965,7774
0.0785,3918
-0.0813,6959
0.0511,3282
0.0427,3786
-0.146,9374
-0.0757,7501
-0.0915,6237
0.0266,4017
0.026,3923
0.0564,3259
0.276,109
-0.129,8929
0.112,1442
-0.137,7123
-0.0564,8174
-0.16,9175
0.18,3050
0.158,2165
-0.294,9183
-0.0413,5438
0.115,1000
0.0956,2750
0.0245,3524
0.0365,4204
0.322,874
-0.117,8409
-0.199,9238
0.0042,5054
-0.189,9793
-0.0299,5833
-0.272,7469
-0.00599,5487
0.00446,4975
0.0202,4278
-0.049,6472
-0.0247,5322
-0.0509,6028
0.322,1896
-0.0236,6536
0.0382,4046
-0.19,8634
-0.397,10219
0.116,1225
0.0553,3160
0.166,791
0.114,1368
-0.0423,6461
0.025,4055
-0.169,7358
-0.0644,6997
0.376,583
0.298,1080
-0.191,5275
-0.0103,5325
0.0451,3682
-0.0716,6951
-0.0463,6198
0.0195,4863
-0.00705,5655
-0.242,10029
-0.113,8696
0.0485,1729
0.137,2254
0.292,86
-0.0523,5975
-0.101,7893
0.00117,4723
-0.162,9561
0.0424,3668
-0.181,7383
0.107,3249
-0.165,9399
-0.169,9672
-0.172,10260
-0.932,9447
0.00407,4766
0.527,321
0.0331,4255
-0.0703,8116
0.035,3542
-0.691,9123
0.0323,4150
0.123,2234
-0.0237,5693
-0.0944,9608
0.124,980
0.172,941
0.013,4604
0.0899,2414
-0.137,10038
-0.0729,7752
-0.0133,5627
-0.104,7230
-0.237,10355
-0.231,9156
-0.153,7553
0.232,814
-0.0498,8282
-0.204,9922
0.0729,1303
-0.0509,5630
-0.0303,5905
-0.0143,5966
-0.0909,9315
0.335,64
-0.315,10011
-0.131,6975
0.0857,2799
-0.165,9121
0.00119,5128
-0.223,10098
0.0946,2443
0.217,689
0.0272,4268
-0.00364,5149
0.0864,2513
-0.145,8367
-0.0112,5355
-0.0573,7388
0.396,615
-0.0447,7862
0.344,60
-0.084,7621
-0.108,8664
0.11,2342
-0.455,10271
-0.0756,8102
-0.0446,6455
-0.0513,6467
0.132,1418
-0.153,9294
-0.0163,5769
-0.0714,7174
-0.0104,5494
-0.452,9994
0.17,1129
-0.0756,7242
-0.0739,6189
-0.146,8766
-0.0149,5891
0.274,377
0.118,2189
-0.128,6580
-0.0398,6768
-0.101,8130
0.134,1508
-0.155,8573
-0.0801,6623
0.158,2063
0.264,451
0.122,1390
0.18,1187
0.318,407
0.43,252
-0.0707,7389
0.0122,4834
0.16,598
-0.259,9824
-0.171,8402
0.0151,4673
-0.295,9431
-0.237,10047
0.000261,5028
0.135,2441
-0.0944,8233
-0.028,5689
0.227,1853
-0.00451,5559
0.045,4080
0.0263,4443
0.0585,3772
-0.257,9674
-0.0247,5882
0.0952,1532
-0.133,9584
0.0451,4027
0.0842,3164
-0.12,8087
-0.00244,5083
-0.0905,7268
-0.12,7706
-0.0816,6921
-0.031,5476
-0.08,7188
0.226,584
-0.162,8289
-0.0619,6338
-0.0894,7338
0.0561,3779
-0.196,8880
0.111,2588
-0.0277,5965
0.076,2901
-0.122,9043
-0.171,9553
-0.0655,8181
0.0122,4434
-0.19,10358
-0.158,9909
-0.0932,8642
0.0822,2751
0.0449,2604
0.51,23
0.104,1116
0.0553,2375
-0.119,8076
-0.201,8416
0.361,959
0.0123,4626
-0.0528,6621
-0.0364,7989
-0.111,8048
0.107,2543
-0.176,9818
-0.0509,5993
-0.124,7375
-0.0454,7451
0.0951,2425
0.15,1382
-0.137,7527
-0.168,9577
0.0237,3739
-0.0914,7635
-0.0598,6793
-0.0353,5814
-0.0639,8136
-0.0986,6781
0.0216,3899
-0.0645,8599
-0.247,8864
0.0574,3910
-0.174,7738
0.758,170
0.0793,2497
-0.102,7838
-0.0661,6194
0.12,1917
0.136,2214
-0.34,10227
0.0562,2392
0.199,264
0.00586,4812
0.251,167
0.186,2111
0.497,1759
-0.147,8616
0.0772,2187
-0.159,9331
0.277,371
0.527,83
-0.0372,6891
0.0463,3694
-0.0454,6366
-0.145,9033
-0.0391,6457
-0.171,9324
-0.363,8034
0.141,725
0.0489,3665
-0.0821,4705
-0.194,6780
-0.151,8901
0.898,13
-0.217,9585
0.0458,3485
-0.104,6819
-0.0863,6840
0.0351,3948
-0.0298,5812
0.0186,4413
-0.0479,8423
-0.0983,7727
0.721,16
-0.316,9838
-0.123,8067
0.0187,4117
0.0377,3439
0.731,179
0.0933,3280
0.0791,3146
0.048,3615
-0.0024,5354
0.01,4523
0.0659,3604
0.149,1603
-0.608,10217
-0.0976,8199
-0.316,9375
-0.0208,6153
0.049,3116
0.226,1214
0.158,957
0.214,573
-0.125,9798
-0.359,10038
0.146,1186
0.199,1465
0.0395,4252
0.0402,3971
0.0672,3028
0.124,1341
-0.0802,6647
0.0857,2897
-0.0806,8335
-0.0567,7370
0.00611,4932
0.0471,3447
-0.0562,7646
-0.0771,7846
0.129,478
0.0149,4379
0.0109,4641
-0.00197,5089
-0.0872,9174
-0.307,9687
-0.152,10415
0.286,510
-0.0904,7797
-0.204,9152
0.127,2015
0.0705,3127
0.314,31
-0.214,10248
-0.00622,5549
0.0501,2517
-0.166,8910
0.129,2061
-0.233,8864
0.251,1762
-0.0769,9028
0.121,420
-0.00287,5032
-0.0645,6378
-0.113,8986
-0.227,8136
-0.115,9110
-0.324,10388
0.256,2527
1.22,113
0.445,161
1.26,36
1.07,79
0.04,3744
-0.551,8397
-0.402,6312
-0.0303,5186
-0.12,5513
0.23,1291
0.11,2842
0.111,2904
0.327,987
-0.0454,7184
0.113,1817
-0.151,8524
0.0756,2762
0.21,2654
0.244,839
0.212,95
-0.03,5915
-0.139,9264
-0.027,6180
-0.0473,5888
-0.0497,6646
-0.0286,7454
-0.0742,7589
0.026,4424
0.257,1695
0.0285,4100
-0.0384,7576
0.113,2573
0.456,284
0.0318,4405
-0.0647,6067
0.018,4486
0.0042,4770
0.0368,2641
-0.0235,5755
0.146,2061
0.0763,2792
-0.0956,7137
0.0541,3484
0.142,667
-0.089,8013
-0.117,8231
-0.101,8954
-0.118,7922
0.0205,4095
0.123,988
-0.0226,6303
0.11,2135
-0.121,7380
0.119,2472
-0.142,7413
0.256,641
0.0574,2390
-0.0262,5907
0.228,1899
-0.072,7669
-0.089,7967
-0.0573,7233
0.325,13
-0.0953,8705
-0.155,8134
-0.012,5427
-0.154,8190
-0.0474,7126
0.0436,2593
0.0774,2669
-0.107,8908
-0.208,8860
0.206,1997
-0.0376,6827
-0.1,7944
0.146,1626
0.0626,3193
-0.133,8681
-0.0958,9333
0.367,1003
-0.18,9599
-0.201,9715
-0.118,8391
-0.0426,5238
-0.0367,5930
-0.0108,5654
0.00652,4500
0.0701,3402
0.0618,3559
0.0498,3748
-0.0359,7008
-0.0987,8403
0.188,221
-0.0134,5578
-0.156,9204
0.0374,3804
0.396,715
-0.124,8034
-0.0721,7952
-0.0334,5750
-0.0798,7891
-0.243,7932
0.0361,4434
-0.0626,7304
0.188,211
-0.258,10240
-0.0791,8136
-0.1,7933
0.227,751
-0.192,8210
-0.0488,7538
0.0223,4344
0.0331,4263
0.0174,4541
-0.0906,6900
-0.126,8652
0.289,244
-0.0374,6278
0.0541,3798
0.0897,3487
-0.0975,6898
-0.0215,6757
0.0852,3625
0.232,957
-0.00302,5145
-0.0571,6089
0.0933,3749
-0.016,5920
0.064,2247
-0.0301,5750
0.394,925
0.0767,3313
-0.177,7055
-0.161,9719
-0.107,8938
-0.0651,6725
0.0776,2362
-0.0106,4880
0.0781,2712
0.153,1834
-0.0236,5480
-0.153,8605
0.309,672
-0.0571,6602
-0.107,8947
0.107,2456
-0.217,9334
0.00481,5020
0.536,395
-0.0682,6757
-0.0933,7456
0.098,3329
0.151,221
0.158,554
0.0499,2860
-0.131,7015
-0.0355,5545
-0.081,8032
-0.0285,6484
0.528,544
0.0253,4050
0.0446,3874
0.138,1932
-0.13,7641
0.0253,2571
-0.0238,5822
-0.308,9979
-0.0527,5522
-0.192,8436
-0.0953,8650
-0.0083,5596
0.0036,4884
0.146,1573
-0.0678,7218
-0.0129,5347
-0.0478,6654
0.183,769
0.103,3792
0.0146,4546
-0.136,8216
0.0904,2722
0.319,830
0.187,145
-0.116,8330
0.103,2972
0.102,1860
0.0658,3271
-0.176,9028
0.00941,4617
0.18,1006
-0.16,9207
-0.333,8951
-0.147,9185
0.00839,4710
0.0373,2806
0.301,845
0.226,725
-0.0188,5928
-0.0603,7165
-0.0193,6303
-0.0644,8229
-0.0462,6022
-0.125,8256
0.159,1646
-0.123,8008
-0.144,7082
-0.00384,5206
-0.0809,7209
-0.0539,5946
-0.26,8122
-0.21,9512
-0.0455,6572
0.0319,3227
-0.0701,7372
-0.0161,5656
-0.151,8032
0.0149,4582
-0.0955,8767
0.168,715
-0.254,6360
0.25,749
0.0906,2389
-0.239,9097
0.155,683
-0.126,9571
-0.00791,5021
-0.174,8232
-0.122,8185
0.138,1420
-0.0302,6615
-0.019,5976
-0.168,7580
0.0718,3629
0.105,2178
-0.597,7859
-0.0319,7359
-0.0802,7864
-0.341,7699
-0.113,8533
0.353,379
-0.112,6223
0.0532,3719
-0.332,10458
-0.232,10439
0.00756,4571
-0.0346,5909
0.0447,2698
0.202,843
0.346,320
-0.187,8673
-0.0633,7084
0.388,811
0.225,864
0.0722,2292
0.161,872
-0.255,9997
-0.0259,6390
-0.233,8882
0.285,1663
0.032,4016
-0.112,7205
-0.141,8311
-0.371,10107
-0.115,7867
-0.0785,9247
0.0354,3024
-0.104,9425
0.102,2014
-0.0778,6399
0.0479,3157
-0.0635,5948
-0.0809,7949
0.0519,3847
-0.0565,7528
-0.116,7030
0.0638,3090
0.195,877
-0.248,9162
0.0705,3373
0.0092,4884
0.0633,4145
0.218,770
-0.366,6833
-0.0187,5977
0.0629,1981
-0.137,8628
0.0118,4660
0.0572,4047
-0.16,4532
-0.0532,8239
-0.287,7656
-0.0779,7521
-0.0649,7371
-0.448,6374
0.439,921
0.107,1326
-0.0195,5404
-0.107,8402
-0.194,10131
0.0747,2029
0.00414,4839
-0.143,9266
-0.00714,5339
-0.0742,7061
-0.19,8697
-0.357,7098
-0.303,9293
0.00606,4754
-0.0384,7449
-0.303,8923
-0.232,8637
0.0749,2874
0.106,2600
-0.0461,6903
-0.0228,6153
0.0953,2285
0.253,915
0.471,1345
0.0211,4543
-0.0141,5887
-0.0433,6945
0.158,2755
-0.233,9046
0.0186,4524
-0.00483,5077
-0.0557,7552
-0.00345,5288
0.177,1407
-0.0701,7792
-0.0534,7486
-0.0983,7690
-0.0337,6709
-0.0896,7112
-0.0849,6514
0.0787,2007
-0.00255,4963
0.0511,3556
0.146,1783
0.398,421
-0.124,8254
0.0351,3705
-0.038,6954
0.234,1360
0.0178,4420
-0.258,10250
0.0501,3746
0.0132,4739
0.0108,4609
0.292,593
0.154,989
-0.00996,5390
-0.0692,6698
0.0862,1967
-0.0751,7567
-0.0175,5200
-0.0149,5628
-0.0321,6149
-0.0962,6955
-0.187,10353
-0.0571,6934
-0.766,9950
-0.0556,6587
0.043,4132
0.173,1092
-0.154,10423
-0.0696,7881
-0.0853,6746
-0.114,7826
0.0605,2993
-0.0405,6098
0.116,1879
-0.065,6736
-0.0308,5485
0.276,454
0.000749,5137
-0.00781,5338
0.123,2268
0.0954,791
-0.0856,7883
-0.0183,5850
-0.198,9358
-0.0777,8553
-0.0325,5828
0.0759,1722
-0.589,9524
0.0877,3773
-0.298,8384
0.067,3376
-0.164,10102
-0.0992,8870
-0.000369,5268
0.365,66
0.183,1589
0.116,1539
0.102,385
-0.243,9488
0.079,3122
0.0369,4327
0.101,3410
-0.116,7705
0.0565,3677
0.092,2200
0.107,2128
-0.182,10019
-0.0612,7601
-0.0216,6146
-0.128,8785
0.225,696
0.0375,4149
0.205,2040
0.158,749
0.123,1792
-0.0212,5982
0.0899,2709
0.347,227
-0.0982,7244
0.644,293
0.0144,4511
0.0452,3831
0.411,41
0.0182,4801
-0.0454,6785
0.0459,2213
-0.0907,6655
-0.0132,5520
0.0568,2822
0.186,713
0.0588,3655
0.0789,1277
-0.0793,7744
-0.0927,7350
0.52,235
-0.0457,6317
0.105,3411
0.0407,3370
0.254,1230
-0.0578,6728
-0.11,8965
-0.172,8557
0.0967,3163
0.019,4026
0.00627,4736
0.138,2265
0.447,347
-0.453,9991
0.413,324
0.0642,2978
0.216,1443
-0.165,8032
0.0822,2775
0.196,2002
0.0708,3388
0.0862,3002
-0.0355,6842
0.027,4069
0.19,889
0.223,774
0.163,2293
-0.00405,5143
0.061,2578
-0.0189,5668
-0.0263,5551
-0.0816,5700
-0.107,7012
-0.133,9508
-0.114,8901
0.0977,3326
-0.0158,5424
0.14,2205
0.059,1988
-0.046,7016
0.0817,3044
0.0215,4875
-0.0215,5966
-0.102,8022
0.0337,3818
-0.0208,5786
-0.0322,6301
-0.0204,6236
-0.227,9230
0.75,235
-0.288,9101
0.0674,2271
-0.123,9272
0.188,678
-0.159,7928
0.12,2589
-0.363,9114
-0.0195,6119
0.0345,2876
-0.343,9668
0.00553,4818
-0.0206,5641
0.0624,2896
-0.243,9740
-0.0339,6458
-0.178,9425
-0.217,9366
0.159,1573
-0.184,9466
-0.295,9504
-0.149,9295
-0.0236,6283
-0.00644,5302
0.217,884
0.193,2000
-0.0632,8061
0.165,712
0.154,1314
0.0614,3586
-0.0532,7111
0.0621,3974
0.189,762
-0.0219,5609
-0.0503,6290
0.132,1059
0.306,919
0.218,300
0.0462,3404
0.0751,2200
-0.116,4077
-0.08,6594
-0.0612,6815
0.668,61
-0.065,5935
0.296,104
0.211,1414
-0.327,6370
0.0272,4272
0.0754,1596
0.135,215
-0.129,8681
0.0558,2153
-0.0947,6947
0.0941,3341
-0.145,9087
-0.00393,5137
0.0212,4282
0.149,3131
0.021,4419
-0.164,7642
-0.115,9255
-0.0162,6083
0.276,409
-0.138,8149
-0.137,7156
-0.194,8879
-0.00443,5167
-0.00492,5488
-0.246,9456
-0.15,8879
0.0226,4279
0.138,2971
-0.186,9281
0.0499,2761
-0.143,8905
0.179,1863
0.224,1016
3.07,237
0.134,1239
-0.121,10041
0.0987,2313
-0.17,9259
0.264,705
0.0113,4477
-0.293,10423
-0.0281,6495
-0.041,6663
0.154,1806
0.0317,4271
0.0781,3226
-0.104,7705
0.171,61
0.0461,3392
0.201,1790
0.332,205
0.405,277
0.0232,4039
-0.0777,7759
-0.0088,5377
0.0547,3823
-0.0148,5425
0.0495,2949
0.0982,1222
-0.109,8781
0.0445,3239
0.00511,4779
0.123,1562
-0.377,9699
0.095,2802
0.0406,2653
0.0126,4778
0.201,820
-0.0068,4872
-0.0937,7209
-0.214,9790
-0.0145,5656
-0.0445,6518
0.283,1025
-0.136,9319
-0.208,8931
-0.0288,5545
0.146,590
-0.256,10134
-0.432,10197
-0.0726,8233
0.0276,4133
-0.159,8939
0.607,79
0.0285,4505
-0.109,8416
-0.0183,6112
-0.111,8160
0.0696,3348
-0.0832,7181
-0.344,10070
0.361,1771
-0.132,7320
0.0831,1538
0.142,771
-0.174,10066
0.109,3249
-0.337,9306
0.00294,5001
-0.107,9655
-0.0679,6944
0.00424,5073
-0.416,7901
-0.382,9992
0.13,2486
0.0717,2687
0.0267,4047
-0.187,9833
0.0493,3449
-0.351,10157
0.0355,3996
0.368,464
0.0203,4169
-0.084,8441
0.217,1796
0.59,29
-0.105,8452
0.0906,2018
0.209,845
-0.165,9760
0.0506,2879
-0.0846,7302
0.0327,3573
0.109,2023
-0.173,9762
0.151,1671
0.0501,4021
0.0593,3338
-0.212,9908
0.0795,2683
-0.106,7421
-0.0731,7317
-0.148,8941
-0.167,7136
0.171,726
0.0676,3218
-0.077,7017
0.0351,3769
-0.146,9372
0.0276,4533
0.0114,4454
0.00466,4908
0.313,1939
-0.329,8904
0.116,590
0.0133,4659
-0.14,9058
-0.0844,9363
-0.0841,8290
0.27,41
0.029,3873
-0.575,10458
0.0412,3868
0.000967,5318
0.0557,3882
-0.186,8964
-0.0738,6462
-0.204,9188
0.128,1655
0.0349,4009
0.354,823
0.158,1351
0.181,2448
0.144,2657
-0.243,9565
0.173,1266
-0.0553,6608
0.0192,4530
0.0749,3969
-0.312,7874
-0.073,7949
-0.0163,5169
-0.799,8693
1.12,385
0.309,1708
-0.177,8803
-0.138,8712
0.0575,2251
-0.00878,5347
0.126,2609
0.0826,2528
0.00535,4773
0.0906,1596
-0.164,9745
-0.133,9337
-0.0401,6764
-0.146,9555
-0.212,8498
-0.0348,7331
0.0315,3065
-0.0644,7479
0.23,1706
-0.179,9579
0.132,2376
0.167,670
-0.046,7777
-0.0981,7383
-0.131,10020
-0.00678,5602
0.159,2388
0.052,3135
0.015,4598
0.00251,4787
0.0671,3181
-0.207,8663
-0.187,9429
0.0151,4459
-0.0525,7206
0.195,1361
-0.0754,7589
0.467,641
0.115,2846
-0.0706,7771
-0.0526,6405
0.014,4472
0.0512,3801
0.164,1501
-0.0139,5817
0.0354,4173
0.0859,3029
-0.241,9661
-0.0246,5888
0.0184,4662
0.52,46
-0.098,8868
-0.0576,7321
0.0354,4121
0.271,924
0.158,1823
-0.166,8108
-0.191,10443
0.0111,4434
-0.014,4964
-0.375,9242
0.204,1621
-0.0238,5730
0.293,406
-0.158,7343
-0.0864,7594
0.138,2008
-0.109,8675
-0.289,9746
0.0344,4274
-0.22,10076
0.0423,3773
0.0491,3613
-0.164,8744
-0.413,9411
0.032,4027
-0.0316,5993
0.0251,3695
-0.149,8321
-0.352,8882
-0.258,10418
-0.0819,6884
0.142,771
-0.211,7369
-0.213,9306
-0.0107,5357
-0.16,8703
0.095,870
-0.157,9942
-0.0448,6750
-0.00774,5493
-0.304,9332
-0.191,9315
-0.0927,8223
-0.0914,8431
-0.0837,6770
-0.0238,5755
0.0833,3062
-0.121,7966
-0.0189,5789
-0.0639,6217
-0.155,9999
-0.198,10305
-0.0821,8261
0.0243,3520
-0.0504,8048
-0.104,9777
-0.11,8787
-0.0669,6642
0.302,560
-0.042,6314
-0.108,10370
-0.138,9130
-0.00518,5453
-0.0725,6254
-0.359,9327
-0.12,7890
-0.233,9118
-0.141,9400
0.64,121
-0.0144,5590
0.031,3398
0.243,1497
0.0197,4371
-0.0847,7783
0.0434,3813
0.158,1705
-0.0995,7115
-0.092,8643
0.0636,2027
-0.0564,7684
0.139,250
0.149,1100
0.486,742
-0.226,9238
-0.0139,5719
-0.0293,6301
-0.000798,4844
-0.113,7329
0.0892,2673
-0.0316,6267
0.031,4075
-0.0695,6804
-0.0444,6622
-0.0983,7458
-0.0329,6661
0.00101,5009
0.0548,3182
-0.0656,6380
0.194,866
-0.187,9582
0.0127,4576
-0.217,9945
-0.0211,5867
-0.0243,5732
-0.294,7867
0.492,748
-0.141,8785
-0.0527,5955
-0.161,8294
-0.216,10308
-0.167,7009
0.0343,4116
-0.0669,6507
0.244,1185
0.0678,2673
-0.0562,7615
-0.067,6794
-0.146,8407
-0.0338,5898
-0.201,8745
-0.092,8855
-0.175,9279
0.201,772
-0.000329,4980
0.0575,2561
0.18,2128
-0.0772,7738
0.0568,2421
-0.105,7886
-0.056,6705
-0.212,10082
-0.0758,6603
-0.0622,7399
-0.0511,6153
-0.104,7383
-0.141,9221
-0.31,7314
-0.0442,5835
-0.0379,6436
0.321,512
0.0742,2369
0.0385,4300
0.135,1955
-0.155,8909
-0.00335,5146
0.0259,3974
0.0347,3828
0.113,2200
0.11,2339
-0.113,8230
-0.118,8288
0.145,187
-0.111,7680
-0.0261,6378
0.000817,5284
-0.304,10173
-0.262,9121
0.0686,3222
0.154,1601
-0.127,7741
-0.0267,5467
-0.183,9043
-0.0386,7285
0.0406,3332
-0.141,7977
0.357,470
-0.0472,7102
-0.164,9101
-0.0423,8294
0.0484,1594
0.0823,2096
0.297,850
0.0419,3817
0.0262,4113
-0.00619,5279
0.15,650
0.303,264
-0.047,6833
-0.264,8713
-0.184,6663
0.1,2194
0.202,1858
-0.235,9844
0.168,2041
-0.0503,6529
-0.134,8553
0.169,1587
0.16,665
4.42,189
0.138,2522
0.0382,4371
0.158,2567
0.0143,4227
-0.00747,5351
-0.0968,8006
-0.154,9545
0.0288,4003
0.388,408
-0.0404,7255
0.000194,5054
0.0667,2132
-0.36,9887
-0.139,8522
-0.0844,5626
-0.0426,7342
0.0302,3980
-0.0923,7073
0.152,1701
-0.108,6702
0.133,3074
0.116,1486
-0.0186,5746
0.379,495
0.236,133
0.056,3503
-0.227,9265
-0.0246,6264
-0.0165,6951
-0.0426,5571
-0.333,9620
-0.125,7615
0.00997,4607
-0.00221,4986
0.169,1474
-0.028,6013
0.102,1381
-0.0185,5628
-0.106,8199
-0.0904,7918
-0.148,8724
-0.183,9411
-0.0406,6804
1.08e-05,5041
0.0656,2658
0.0383,4132
0.0382,2900
-0.231,8087
-0.0401,6727
-0.275,6509
-0.0143,5957
-0.17,8362
-0.169,10213
0.0996,1390
0.187,433
0.368,1331
0.0209,4512
0.0806,1969
-0.072,7722
-0.053,7043
0.0126,4654
-0.146,7455
-0.102,6780
-0.128,8459
0.21,299
0.0124,4605
-0.0167,5385
0.0177,4574
-0.273,9437
0.171,420
0.0425,2980
0.125,2569
0.17,1086
0.252,938
0.0911,2265
0.0142,4310
-0.152,8246
0.0737,3251
-0.166,8997
-0.202,8876
0.246,1383
-0.014,5375
0.0278,3591
0.538,358
-0.323,10143
-0.185,9093
0.175,1343
-0.202,9467
-0.126,9610
0.018,4420
-0.228,9379
-0.159,7898
-0.0422,6100
-0.104,8551
-0.0631,6336
-0.159,7605
-0.249,10026
0.732,429
-0.0971,7325
-0.0571,7398
-0.0625,7108
0.0367,4356
-0.141,8792
-0.0536,7904
0.168,1306
0.0527,3726
0.132,2551
-0.00867,5509
-0.0166,5360
0.123,954
-0.091,7694
-0.0096,5663
-0.0793,8759
0.221,2296
-0.0971,7160
0.36,2045
-0.0687,5423
-0.0871,7464
-0.0625,6651
0.112,2918
0.0352,4088
-0.0966,8224
0.227,1140
-0.0645,8136
-0.105,8600
0.11,2271
0.215,1677
-0.0364,7487
0.194,1935
0.0763,3524
-0.114,8173
-0.193,9016
-0.059,6960
-0.218,10025
-0.235,6884
0.0364,3781
-0.136,10105
-0.178,9140
0.0889,1777
-0.0291,6306
0.196,1365
-0.0663,9333
0.223,42
-0.058,7004
-0.00222,5277
-0.204,7443
-0.316,6616
0.139,975
0.043,3392
-0.0994,6796
0.0485,4130
1.21,379
-0.289,9216
0.456,800
-0.205,6787
-0.156,9620
0.135,1995
0.131,2352
0.0136,4561
0.00972,4602
-0.107,8724
0.0168,4705
-0.1,9073
0.0523,3885
0.139,2242
-0.0897,8998
0.571,6
-0.0915,7591
-0.044,6993
0.102,1242
-0.0334,6119
0.0783,1214
-0.119,9732
0.0562,3726
-0.14,8172
0.115,1822
0.0213,4327
-0.104,8857
-0.125,9284
-0.288,9192
-0.301,9780
0.278,785
-0.196,10435
-0.0802,5929
-0.0108,5425
0.0819,1976
0.215,458
0.23,1904
-0.0508,6456
-0.0724,7888
-0.0254,5550
-0.0238,5990
-0.119,8865
0.0825,2549
0.00343,4903
-0.134,9771
-0.0326,5885
0.0488,4065
-0.197,7187
-0.0108,5336
-0.0795,7525
-0.09,8900
-0.181,10258
0.000942,4977
0.0367,3723
0.0337,4171
-0.074,6513
-0.12,8822
0.0385,3988
0.196,2178
0.165,1654
0.156,2435
-0.149,6671
0.282,168
-0.0381,6310
0.021,3859
-0.189,8313
0.042,3853
-0.131,7078
0.0621,2003
-0.0543,6757
0.0426,3968
0.0854,3348
0.485,133
0.23,1677
0.00518,4841
0.0231,4328
0.154,1746
-0.00493,5127
-0.152,8843
0.322,255
-0.00521,5415
-0.0745,6558
0.00364,4994
-0.0262,5989
0.0524,3635
-0.141,8556
-0.221,8995
-0.0367,7194
-0.102,7231
-0.103,7863
-0.027,5269
-0.243,10411
-0.0738,7806
-0.0323,6001
-0.0417,6100
0.0195,4475
-0.178,8229
-0.526,9973
0.183,847
0.0886,1424
0.0696,2804
-0.11,7864
0.172,744
-0.429,9949
0.205,1048
-0.0577,7258
-0.0878,6459
0.0764,2993
-0.213,8810
0.0808,2898
-0.0503,7309
-0.0474,6982
-0.0515,7115
-0.096,7195
0.0987,3109
-0.0312,5756
-0.204,10102
0.0497,3575
0.211,917
0.0279,4281
0.0904,1867
-0.221,9692
-0.061,8589
0.15,593
0.0142,4423
-0.00881,5554
0.134,1269
-0.111,6409
-0.0601,7242
-0.00717,5455
-0.00315,5150
-0.223,9423
0.645,9
-0.157,7893
-0.0937,8135
-0.0622,8216
-0.165,9771
0.185,1506
-0.096,7035
0.231,1392
0.0145,4193
0.962,1180
-0.127,7714
-0.0924,7045
0.131,2194
-0.0154,5491
0.0427,2825
-0.00616,5280
-0.0375,5909
0.237,1487
-0.206,8633
-0.122,7227
0.0315,3713
-0.186,9571
0.491,1350
-0.121,7714
0.193,2540
0.47,35
-0.0541,7411
-0.0256,6411
-0.175,8073
-0.168,9564
-0.195,8497
0.292,642
-0.118,8621
0.0826,1162
-0.0785,7164
-0.373,8771
0.138,607
-0.223,8458
-0.0522,7527
-0.128,9720
-0.141,8102
0.113,2104
-0.16,9340
0.18,1632
-0.0866,9057
-0.0624,6881
0.101,3426
-0.0393,6692
0.121,2552
-0.11,7809
0.0465,3138
0.15,1106
0.0369,4142
0.0623,2643
0.553,430
0.0553,3282
0.012,4642
-0.0983,8262
-0.0919,6483
-0.139,7370
-0.152,9379
-0.335,9835
-0.0357,6437
-0.0833,9086
-0.081,7530
-0.0254,6381
0.249,2062
-0.0818,7205
-0.323,8159
-0.0265,5765
0.0721,3587
-0.0234,5644
0.151,2784
0.00801,4961
0.0762,2240
-0.0763,7811
-0.249,8453
-0.183,9499
-0.0887,8022
-0.195,9138
-0.321,10470
-0.0139,6083
-0.115,7362
-0.0922,7303
-0.0426,6215
-0.104,7702
-0.196,10105
0.0392,3801
0.0944,2709
0.0796,3348
-0.0962,7535
-0.372,10446
0.12,887
0.0338,2737
-0.226,9310
0.167,1475
-0.16,7642
0.0138,4517
0.025,4046
-0.11,8510
0.14,735
0.00388,5058
0.0114,4849
-0.00768,5196
0.0561,2424
0.011,4709
-0.0693,7684
-0.0254,5931
-0.214,7316
-0.0497,5919
0.0359,2882
0.0352,3663
-0.111,8044
0.0407,4002
0.295,1086
0.103,2649
0.0185,4431
0.121,1339
-0.347,10404
-0.175,8195
-0.0015,5050
-0.0936,6293
0.0779,1249
-0.0739,7847
-0.189,9601
0.0324,4080
0.0917,3422
-0.208,8775
-0.0791,7051
0.154,2516
-0.231,9835
0.192,665
-0.0524,6533
0.0732,3084
0.0681,3560
0.0457,3124
-0.0684,6270
0.0244,4534
-0.358,10020
0.0166,4575
-0.0315,6994
0.047,3158
-0.000382,4960
-0.276,8484
-0.151,4142
0.172,1093
0.0164,4688
-0.112,9109
0.0443,3774
-0.184,9208
0.203,486
0.254,1060
0.0715,1633
-0.119,9868
0.134,652
-0.17,9017
-0.079,6452
0.0604,3862
0.00348,5033
-0.0144,5669
0.0428,4181
0.0593,3278
0.222,820
-0.172,9234
0.168,1551
-0.00228,5230
-0.169,10374
0.147,1608
-0.312,9876
-0.264,9139
0.0326,3771
-0.0247,6359
0.108,2929
-0.0504,6410
0.0438,3620
-0.0396,7141
-0.0177,6021
-0.0866,8575
-0.0719,7268
-0.19,8777
0.962,318
-0.0995,6681
0.0852,2706
0.0592,2219
0.131,2733
0.0904,2926
-0.111,8137
0.722,110
0.0779,2773
-0.112,8155
-0.171,9654
0.0469,3882
-0.00651,5395
-0.0948,6142
-0.025,7094
0.0941,2913
-0.0509,6117
0.0312,4187
-0.0759,7773
-0.0775,7728
-0.0296,5823
0.227,115
0.15,666
0.192,1416
0.218,2152
0.295,747
0.0544,2894
0.161,1944
0.0975,2838
0.0632,3080
-0.0633,6180
-0.0426,7675
0.21,478
0.179,1455
-0.0213,5784
0.671,31
-0.112,7530
-0.145,7888
0.0476,2925
-0.0566,6804
0.102,2994
0.191,1464
0.0258,4630
-0.163,7793
-0.0641,6934
0.0899,3342
0.0877,2377
-0.0363,6629
-0.0635,6256
0.0567,2693
-0.0788,8407
-0.0394,6453
0.391,898
-0.0315,5987
-0.114,6805
-0.11,8949
0.0829,2034
0.0271,3506
-0.0572,7304
-0.136,8526
-0.185,9056
0.0176,4173
-0.0144,6009
-0.0757,8755
-0.345,7858
0.114,2378
0.0608,2515
-0.0403,6187
0.169,1382
-0.11,9159
-0.0958,7193
-0.00459,5027
-0.119,8162
-0.00455,4962
0.342,8
-0.186,9534
-0.0231,5805
0.0618,3554
-0.0958,9077
-0.142,7571
-0.0572,8053
-0.0172,5774
0.141,1917
0.0341,3750
0.255,64
0.0618,2769
-0.00843,5239
-0.367,10440
-0.0472,6692
0.00339,5024
0.052,3118
0.0542,4024
0.0728,3277
0.025,3911
0.186,2290
0.0429,3662
-0.218,9892
-0.00101,5163
0.0618,2602
-0.0939,7488
-0.14,8834
-0.308,9865
0.483,823
0.00984,4980
-0.0178,5434
-0.0519,6188
0.000835,5196
0.184,1154
0.0256,4375
0.133,2868
-0.0178,5980
0.0433,3240
0.0483,3137
0.2,757
0.0252,4536
-0.00026,5332
0.0236,3841
0.00409,5005
-0.00683,5326
0.149,1671
0.0695,3200
0.242,1464
-0.00239,5202
0.0749,2437
0.13,1228
-0.0996,7404
-0.331,8608
-0.0216,5216
-0.169,10107
-0.0249,5528
0.11,1659
-0.102,7922
-0.0711,7130
-0.112,8821
-0.0225,6330
0.0825,2452
-0.0601,6945
-0.164,9031
-0.196,9544
0.00596,5029
0.327,369
-0.289,10155
-0.348,9661
0.0555,3976
0.245,1614
0.24,586
-0.24,10443
-0.00305,5203
0.016,4408
0.0937,2937
0.0262,3765
0.433,197
0.0142,4705
-0.0509,7696
-0.0588,8154
0.0643,3445
0.113,2874
-0.0844,8709
0.217,111
0.053,2084
9.62e-05,5164
0.00228,4854
-0.13,7618
-0.0561,7667
-0.186,8298
0.607,120
-0.0684,6668
-0.114,7061
0.13,1784
-0.221,8720
0.000379,4885
-0.021,6411
-0.154,8055
-0.28,10147
-0.0885,6737
0.0405,3072
-0.016,5398
-0.119,9170
0.488,315
0.0181,4641
-0.0701,7801
-0.276,8857
0.0483,3361
-0.137,9090
0.0779,2200
-0.0451,5592
0.141,2138
0.0332,3814
0.0684,1341
-0.05,8190
-0.037,6375
-0.0609,6277
-0.122,8433
-0.0545,6127
0.0686,3001
-0.031,6675
-0.178,7665
0.384,20
0.00195,4947
0.568,77
0.107,1848
-0.0668,8021
-0.156,8661
-0.0352,5552
0.0424,2913
0.336,947
0.286,45
-0.0157,5821
-0.118,8620
-0.0443,6387
0.0371,4353
0.00799,4671
-0.0165,5912
-0.0198,6104
-0.45,10329
0.208,1962
0.148,2452
-0.00978,5541
0.135,2643
-0.116,8546
0.165,2037
-0.0125,5468
-0.0948,7343
0.189,860
-0.0125,5870
-0.0794,7640
-0.146,9350
-0.0627,5310
-0.0289,5872
0.216,189
0.211,377
0.169,1511
0.307,776
-0.127,8946
0.0974,3346
0.0732,2728
-0.0904,9253
0.0844,2747
0.174,245
-0.142,9927
0.00768,4702
-0.0454,6010
-0.116,9259
0.00802,4538
-0.168,8321
0.0455,2544
-0.00396,5321
-0.0642,7588
-0.00713,5817
-0.0967,8917
-0.0581,7205
-0.104,7761
-0.0441,6415
-0.112,7007
-0.0329,7505
-0.00342,5160
-0.206,8868
-0.121,8306
-0.0829,8800
-0.111,9188
0.0546,3500
0.1,1893
-0.11,8468
-0.222,9140
-0.192,9683
-0.029,5104
0.0135,4486
-0.00453,5239
-0.15,9506
0.246,453
0.0986,2263
0.129,2418
0.305,48
-0.0132,5682
-0.202,10101
0.165,2295
-0.185,8328
-0.0231,5407
-0.11,7640
0.0502,3110
-0.0994,7270
0.215,1994
0.106,1962
0.0799,2975
0.212,539
-0.176,9255
-0.0726,6577
-0.326,7164
-0.221,9887
0.0605,3318
0.184,1011
0.0113,4266
0.116,2263
-0.137,8940
0.135,2930
-0.13,7736
-0.0716,8381
-0.147,10443
-0.0895,7405
0.0401,3996
-0.023,5990
-0.184,9388
-0.0176,6004
-0.156,10003
-0.182,10120
0.142,1262
0.186,394
0.00802,4692
0.0016,4898
0.0746,1001
-0.127,8506
-0.0826,8165
0.0661,3655
-0.156,9069
0.0132,4337
-0.0502,7675
-0.0996,7925
-0.00858,5424
0.0683,3192
0.206,342
-0.116,8287
0.142,354
-0.0526,7483
0.382,108
-0.307,8422
-0.0847,6631
0.121,1297
-0.0271,6568
0.0509,3005
0.0524,3327
0.0421,3208
0.198,345
0.037,2555
-0.0301,6350
0.0239,4288
-0.186,8107
0.145,315
0.231,2558
-0.236,9461
-0.147,9078
-0.257,8242
0.114,1623
-0.135,9839
-0.326,9241
-0.00969,5359
-0.0215,6060
-0.182,9944
0.114,2760
-0.0464,6476
0.109,2110
0.0706,2757
0.249,349
0.144,2032
-0.322,10001
0.0016,4906
-0.162,8343
0.149,1344
-0.0227,5547
0.161,2198
0.0398,3656
-0.0478,6628
-0.0968,7480
-0.0743,7248
0.165,1494
0.0961,2485
0.0341,3979
0.059,3591
-0.0375,5632
-0.0475,6222
-0.153,8642
0.0217,4336
-0.379,9909
-0.0483,7046
-0.195,9149
0.0265,4190
0.0791,2563
-0.0906,7687
-0.04,6094
-0.0573,6108
0.0707,3838
-0.136,9630
-0.179,9366
0.0445,3344
0.134,1289
0.171,2125
-0.0612,6083
-0.0954,7283
-0.0771,8114
0.0122,4604
0.0327,4294
-0.279,7479
0.242,1284
-0.214,9442
0.117,1879
-0.0999,7518
-0.00168,5186
0.173,1129
0.0204,4213
0.0547,2604
-0.133,8536
0.248,343
0.217,812
-0.0333,4950
0.00563,4820
0.1,1252
-0.246,9538
0.0504,3350
0.111,2926
0.032,4236
0.0819,2210
0.319,177
-0.106,7374
0.379,496
0.288,780
0.0416,4256
0.294,170
0.0335,3619
-0.133,7715
-0.0331,6617
-0.0614,7026
-0.17,8799
0.144,383
0.0886,1920
-0.064,7092
-0.122,8854
-0.0344,6311
0.168,2253
-0.0642,7777
-0.047,7003
-0.00601,4871
0.0149,4495
0.0198,4510
-0.135,8669
-0.054,7562
0.166,2147
-0.0891,6741
0.0713,3189
0.266,232
-0.064,6853
0.0406,3757
-0.0486,6828
0.04,3958
-0.0435,6369
-0.067,7029
0.0559,3298
-0.00869,5394
-0.0121,5788
-0.107,7516
-0.00307,5143
-0.116,8286
0.0608,3053
-0.0788,7489
-0.219,10235
-0.163,8489
-0.0696,7976
-0.0432,6234
-0.221,10324
0.0633,2982
0.128,1980
-0.0683,6324
-0.164,9147
0.651,130
-0.0685,7835
-0.0841,9028
0.0275,3934
0.0485,2861
-0.032,5840
-0.0611,7451
0.026,4037
0.0114,4220
0.175,1226
-0.201,10106
-0.312,10345
-0.0193,5450
0.338,459
0.306,501
0.162,1150
0.245,615
-0.0689,6949
-0.0723,6394
-0.091,8918
0.211,959
-0.0716,7607
0.0357,3836
0.308,980
-0.149,8659
0.129,1405
-0.0265,6223
0.306,218
-0.294,10233
-0.0815,7247
-0.0765,6671
-0.0151,5561
0.185,626
0.0753,2674
0.628,11
0.27,1245
-0.00971,5377
-0.0315,6007
0.0255,4186
0.486,51
0.246,1426
0.262,881
-0.0974,7867
-0.0407,6863
-0.026,6178
-0.013,5318
-0.0207,6020
-0.072,7281
-0.345,10365
-0.17,10096
-0.0109,5288
-0.0818,7283
0.0601,2501
-0.0563,7012
-0.00991,5342
0.0222,3964
-0.26,7618
-0.228,9414
-0.0236,4101
0.00265,3907
0.129,1074
0.157,1862
-0.0927,6585
-0.0671,6553
0.372,38
-0.00999,5139
0.0741,2444
0.0445,2338
0.156,1524
-0.0212,5619
-0.0773,6499
-0.00313,5283
0.239,400
0.0779,3292
0.0229,4564
0.216,953
-0.0583,6591
0.252,1392
-0.217,9156
0.0728,1523
-0.0919,6251
-0.0461,6241
0.0244,4450
0.199,937
0.159,798
-0.104,7180
-0.00793,5271
-0.0398,7406
-0.413,8769
-0.00756,5435
0.00522,4885
0.0248,4015
0.0565,2868
0.205,1637
0.265,590
0.108,3361
0.0921,840
-0.145,9240
-0.0151,5251
-0.115,8516
0.0464,4400
-0.0934,7188
0.0183,4360
-0.0265,5752
-0.0428,6011
0.315,317
-0.255,8325
-0.0584,5764
0.194,385
-0.011,5349
0.0201,4397
0.413,35
-0.0761,8822
-0.0223,5581
0.00802,4900
-0.0601,6724
0.179,1682
0.23,708
0.0141,4643
0.129,2157
0.0739,2089
0.0605,2352
-0.00719,5561
0.198,1599
0.267,614
-0.176,9226
0.0369,3176
0.0459,3044
0.304,993
-0.106,7624
-0.00524,5266
0.049,2735
0.0381,3844
-0.0377,6366
0.347,358
-0.0282,5311
0.0259,4445
-0.0743,6972
-0.0569,9739
-0.0482,7091
-0.238,10283
-0.0165,5191
-0.14,9906
0.354,930
-0.038,7122
0.126,589
0.131,2050
-0.245,9965
-0.095,6463
-0.0536,6867
-0.0169,5925
0.109,1989
0.096,1468
0.0737,1942
-0.25,10173
-0.00826,5355
0.000495,5015
-0.131,9528
-0.0908,7556
-0.15,9185
-0.299,9586
0.107,3009
-0.0968,9155
0.0042,4956
-0.0283,5924
0.0231,4475
0.202,1400
0.14,973
0.00046,4992
0.127,2405
0.0501,2186
0.0387,3101
0.167,2763
-0.0985,8178
-0.0155,5849
-0.0991,8326
0.0319,3654
-0.118,8835
0.055,3473
-0.283,10010
-0.0286,6081
-0.089,8751
0.156,1647
0.181,931
-0.0773,7026
-0.151,9204
-0.048,7392
0.0393,3508
-0.0495,6611
-0.0994,7234
-0.315,8092
0.0243,4302
0.095,914
-0.0324,7240
-0.09,6794
-0.11,7952
-0.336,9166
-0.0954,7745
-0.0729,8046
0.0139,4862
0.0665,2525
-0.0961,7710
0.0873,3526
-0.105,8857
0.00701,4874
-0.13,9564
0.0182,4646
0.0875,2588
-0.0804,6929
-0.0377,6645
0.00778,4898
-0.0347,6896
0.00846,4588
0.168,1501
0.101,1475
-0.0735,8434
0.115,544
0.151,2569
0.0498,3321
0.115,539
0.0306,4002
-0.0618,6904
-0.0405,6605
0.0619,2575
0.299,489
-0.165,10065
0.0918,3023
0.187,1498
-0.095,9705
-0.0906,8096
0.423,1183
0.0589,3487
-0.113,8565
-0.442,9748
0.141,1554
0.0601,1768
0.133,1455
-0.0771,6487
0.00134,5189
0.33,460
0.0478,3808
0.0811,2699
-0.166,9203
-0.0865,8269
0.0906,2416
-0.147,8991
0.0424,2516
0.0226,4386
-0.156,8913
-0.0831,8964
-0.0699,7384
0.0289,4217
0.0217,3862
0.127,491
-0.00239,5057
0.0765,2911
0.0341,4329
-0.0313,5217
0.0923,903
-0.0342,7897
0.173,1971
-0.381,10252
-0.162,10218
-0.143,8092
0.0905,2139
-0.036,6597
0.144,1000
0.0826,2343
-0.19,9212
-0.0247,5382
-0.0225,6471
0.0507,2597
-0.0381,6090
0.233,451
0.0399,3865
0.636,49
-0.0378,6332
0.146,1216
0.096,1528
0.117,2148
0.0881,2128
0.176,1161
-0.0769,8452
0.0624,2630
-0.163,8573
0.187,1283
-0.152,9491
-0.0617,6860
-0.178,9333
0.0139,4714
-0.195,8299
-0.047,6463
0.0212,4073
-0.0889,7112
-0.057,6165
0.351,222
-0.0894,9526
0.346,126
0.166,672
-0.0373,6674
0.0339,4414
0.0249,4342
0.237,681
-0.00869,5350
-0.0429,7538
0.00722,4771
-0.0326,6393
-0.322,10402
0.0799,3262
0.00156,5076
0.0607,2528
0.0942,3170
0.204,1282
0.181,1301
0.0355,3460
-0.0633,8116
-0.129,9116
0.00747,4812
0.0965,2065
0.17,1685
-0.0285,6747
0.0682,2175
-0.173,9481
-0.112,9002
0.0222,4354
-0.244,7890
0.0414,2997
0.0969,2081
0.227,34
-0.148,8009
-0.0403,6951
-0.0797,7739
-0.013,5402
0.138,1178
0.237,646
0.00613,4505
-0.171,6710
-0.0762,7586
-0.0295,6076
0.0875,3644
0.326,282
0.0395,4109
0.112,987
-0.0171,5903
0.0402,3372
0.0761,1267
-0.0534,7736
0.00639,4899
0.165,381
0.0978,2350
0.0706,3861
-0.111,8257
-0.105,9019
-0.271,10398
-0.0215,5900
-0.0643,7336
-0.106,7916
0.0746,1574
-0.00185,5151
0.00905,4751
0.263,100
-0.0217,5481
0.0148,4476
0.034,3350
0.0399,3237
-0.131,9067
0.214,387
0.287,433
-0.0345,5295
-0.114,8228
0.0201,3856
0.135,2893
0.17,2780
-0.005,5175
0.0481,3795
0.238,869
-0.138,7990
0.126,1107
0.0275,4063
-0.0851,7743
0.0042,4994
-0.107,9042
0.111,1600
1.42,796
2.76,5
-0.0774,5789
0.0774,3192
0.0076,4821
0.0956,2012
-0.0308,6135
-0.178,9923
0.1,2260
-0.0545,6553
-0.145,9099
0.14,2586
0.0992,2392
0.212,542
-0.139,9662
-0.0821,7071
-0.103,6409
0.079,3242
-0.0442,5849
0.0508,2150
0.0524,2975
0.00705,5057
-0.176,9198
0.285,1081
0.2,202
-0.0693,7823
0.0838,1962
-0.105,8087
-0.0694,7392
-0.206,9967
-0.0427,6509
0.185,509
-0.0855,8847
0.00373,5132
0.00968,4641
0.0607,3338
-0.127,8137
0.026,4110
0.0339,4272
0.0945,2110
-0.13,8567
-0.178,6274
-0.2,9013
-0.0127,5360
-0.00517,4864
-0.0746,6504
0.105,2341
0.126,3119
0.19,1292
0.262,113
-0.208,10099
0.332,271
0.484,1252
-0.293,10032
0.348,509
-0.0573,6879
0.0262,3390
0.149,2108
-0.0754,8125
0.0106,4580
-0.124,8970
0.122,1798
0.0579,2891
-0.0977,7719
-0.0758,6330
-0.138,9241
-0.32,10244
0.138,1086
0.0714,2679
0.358,756
0.186,1423
-0.00219,5153
-0.045,5755
0.173,1664
0.0825,3045
0.00537,4570
0.25,122
0.0361,3733
0.0122,4678
-0.198,10197
-0.0233,5749
0.0899,2733
0.148,911
-0.313,9650
0.0936,3937
-0.128,9131
-0.0195,5712
-0.0512,5972
0.14,2423
-0.0992,7673
-0.109,8559
0.0536,3297
0.268,40
-0.0668,7432
-0.0597,6211
0.268,1711
0.208,1181
0.0639,2620
-0.0416,6154
-0.0983,9010
-0.195,9501
-0.0956,7702
0.397,486
0.0128,4716
-0.118,8526
-0.15,8769
-0.0769,7330
-0.0803,8093
0.162,2438
-0.195,9825
-0.112,8308
-0.00208,5183
0.135,2250
0.0185,4366
0.189,1039
-0.0656,7591
-0.161,9453
0.0894,2960
-0.0327,6158
0.0141,4686
0.0414,3761
-0.123,9846
0.0434,3496
0.0486,3306
-0.18,5339
0.0829,3833
-0.239,9250
0.135,1802
0.219,568
-0.128,8930
0.168,2366
0.0157,4391
0.151,2892
0.137,95
0.00419,4888
-0.288,9296
0.0614,3269
-0.0537,5630
-0.00893,5118
-0.0968,9549
0.116,2018
0.336,440
0.507,245
0.13,3116
0.0708,2333
-0.0698,8602
0.0571,3120
-0.182,9107
0.117,1975
-0.318,9100
0.256,924
-0.126,8303
0.000846,4857
0.172,1694
0.359,1061
0.0668,3183
0.0936,2430
-0.068,7659
0.0675,3071
-0.174,8820
-0.11,7454
0.0647,3946
0.0197,4339
-0.153,7654
-0.0255,5685
0.123,1364
0.185,616
-0.422,8908
-0.201,9834
0.153,1264
0.2,10
-0.103,8018
-0.245,9601
0.412,1032
0.0153,4605
0.0182,4428
-0.0178,5936
0.179,2467
-0.171,8201
0.245,1276
0.0255,4272
-0.0131,5464
-0.112,8634
-0.161,10106
0.0577,2791
-0.198,9750
-0.145,8550
0.163,608
-0.0256,5730
-0.0752,7466
0.0636,3297
-0.191,9944
0.334,1064
-0.11,8792
-0.169,9626
-0.14,9472
0.0353,3882
-0.113,8383
0.286,408
-0.0112,5460
0.0486,3716
0.188,2728
0.0311,3704
0.219,608
0.134,2355
-0.106,9078
-0.00442,5358
-0.0558,7367
-0.0719,7702
-0.055,6455
0.899,225
0.0992,1749
0.0319,3488
0.0818,3510
-0.185,9927
-0.052,6481
0.00824,4909
-0.294,10402
-0.0281,6564
-0.162,9366
-0.107,6921
-0.115,9257
0.0292,4540
-0.0685,7865
0.113,829
-0.241,10051
-0.276,8884
0.165,1445
0.31,55
-0.0125,5694
-0.0713,6716
0.0986,1930
0.169,1425
0.316,269
-0.00439,4848
0.0766,2741
-0.0557,7859
0.199,1086
0.0494,3267
0.0777,3354
-0.267,7694
0.0269,3968
0.0492,2385
0.161,1774
0.095,1774
-0.298,8184
0.0606,2971
-0.0451,7295
-0.0589,7056
0.0351,3724
0.118,3504
-0.0435,6274
-0.041,5577
0.0455,3431
0.0749,3358
0.0776,3417
-0.0536,7121
1.29,676
0.292,177
0.0123,4657
-0.0741,7031
0.0331,4149
-0.0364,7180
-0.0318,5945
-0.351,7189
-0.0591,6766
0.0855,2406
-0.0606,7434
0.019,4226
-0.107,7677
-0.128,9003
0.0233,4508
0.0767,1623
0.145,1403
-0.0471,6636
-0.133,6741
-0.0987,7382
-0.0974,8299
-0.0788,7963
-0.0939,7633
0.132,1036
0.263,2148
0.0221,4158
-0.162,9537
-0.0136,5019
-0.228,9549
-0.0853,7213
-0.061,5654
-0.259,10406
-0.0852,6539
0.2,1022
-0.127,6947
-0.135,9885
0.0446,3783
-0.138,10377
0.0289,3717
-0.0671,7153
-0.112,8993
-0.0338,6577
-0.0586,6797
0.128,1969
-0.151,9861
0.133,852
0.216,1458
0.103,1209
0.0949,3184
-0.209,9612
0.201,2316
0.155,1127
-0.0502,6363
-0.111,9250
0.212,657
0.0726,3782
0.06,2690
0.476,324
-0.0484,6649
0.0594,2783
0.228,1242
0.0279,4115
0.0257,3665
-0.0156,5894
-0.0249,5266
0.393,375
-0.181,7888
0.32,323
-0.0732,9109
-0.0139,6085
-0.191,8399
0.00788,4759
0.168,815
0.145,853
0.0213,4339
0.0886,1242
-0.0117,5351
-0.359,10036
-0.278,7597
0.000654,5056
0.124,1509
0.191,46
-0.03,5629
0.112,838
0.0627,4223
0.152,2472
0.0148,4597
0.0354,4152
0.104,2415
-0.0105,5435
0.287,987
0.122,2259
-0.196,10185
0.163,605
0.0661,2657
-0.164,9074
0.148,2480
-0.0561,6884
0.019,3989
0.00977,4994
0.166,972
-0.236,8132
0.0434,4320
-0.0674,8059
0.103,1221
0.112,1260
-0.0479,6643
0.252,742
0.062,3217
-0.257,9456
0.031,3721
0.212,400
0.0861,2880
-0.0264,7056
0.618,162
-0.116,6262
-0.212,9835
-0.0771,7512
-0.0683,6931
-0.041,6188
0.13,1831
0.143,1726
-0.0497,7102
-0.0836,7016
-0.139,8426
0.0816,2467
0.718,166
0.107,2035
-0.0743,8255
0.19,363
-0.296,9562
-0.0874,8799
0.0212,4635
-0.189,8027
-0.0527,7993
0.0439,3376
0.106,3497
0.135,1550
-0.285,9548
0.0078,4947
0.3,1111
-0.0745,7386
0.139,1091
-0.00133,4968
-0.26,9254
-0.0426,5679
-0.29,9202
0.0522,1994
0.0765,3384
-0.202,10098
-0.0452,5865
0.0978,1557
0.0118,4903
0.147,1622
0.183,1743
0.0684,3774
-0.614,9747
-0.201,8119
-0.191,10066
-0.0517,7292
-0.0897,6921
-0.266,9191
0.208,2162
-0.0594,6153
-0.00642,5151
-0.134,8907
-0.0487,6981
-0.298,9171
0.00615,4943
-0.195,9844
0.0268,3923
-0.00042,5477
-0.415,7368
0.0218,4527
-0.0368,7027
-0.0271,6500
0.0157,4387
0.0721,2280
0.0333,4157
-0.258,9702
-0.151,8791
-0.288,9941
-0.0872,8520
0.0523,3419
0.0281,4230
0.027,4256
-0.0566,5763
-0.181,8750
-0.135,9667
-0.075,7999
0.0775,3242
-0.0911,7687
0.215,2104
-0.124,8478
0.0534,3126
-0.0173,5578
-0.087,6234
-0.164,7286
-0.0861,6799
0.157,1063
-0.0845,7114
-0.0547,6551
-0.185,7334
-0.0394,6882
-0.11,9148
-0.0636,5991
-0.0809,7115
0.126,2644
-0.143,7883
0.11,3058
0.0512,2756
0.104,1628
0.071,2225
0.0482,3061
0.0596,3090
0.229,2182
-0.0672,6669
-0.166,6768
-0.0118,5574
-0.075,8107
-0.0758,7460
0.326,641
-0.0694,8286
0.0732,3316
-0.0216,5702
0.0328,4339
-0.194,9794
0.00735,4881
-0.00847,5070
0.0302,4204
-0.0779,8185
0.0738,2166
-0.0822,8899
0.0344,4261
0.0289,4284
-0.14,8098
0.053,3617
0.0677,2971
-0.185,9788
-0.0878,8166
-0.2,9613
-0.227,8981
0.0565,2078
-0.111,9536
0.226,684
-0.116,8675
-0.0374,5445
0.265,776
-0.109,9555
-0.199,9681
-0.0736,7243
-0.0659,6470
-0.274,10168
-0.215,8744
0.153,1588
-0.0954,6923
-0.0187,5595
-0.123,8711
-0.0659,8273
-0.0121,5672
0.0245,4205
-0.106,8596
-0.134,8682
-0.14,8966
0.764,451
-0.027,6633
0.163,1383
-0.0153,5460
-0.0623,7342
0.412,10
-0.0357,6430
1.06,6
0.00205,5056
0.124,1268
0.288,426
-0.12,8632
-0.0642,7439
0.137,2476
-0.197,10345
0.23,398
0.122,1876
0.014,4767
-0.391,9635
-0.124,7190
0.0596,2563
0.00814,4863
-0.208,7346
-0.0428,6179
0.161,1208
-0.0138,5815
0.0934,2250
0.00387,5075
0.142,1874
0.294,1748
0.593,568
0.00474,4898
0.00154,5045
0.245,218
0.0983,2485
0.294,56
-0.00134,5182
-0.0452,5755
-0.04,6152
0.128,1789
-0.129,8079
-0.146,9461
0.0118,4671
-0.0927,7373
-0.032,7209
0.144,1169
-0.0142,5645
-0.52,9733
0.386,164
0.0105,4738
-0.273,8269
0.0999,2019
0.0168,4470
0.0692,3736
-0.0797,6528
0.0434,3762
-0.21,10344
0.054,2547
0.414,921
-0.0652,6920
-0.0204,5663
-0.135,9595
-0.0748,8630
0.0883,1341
-0.251,9458
-0.0554,6720
-0.311,8378
-0.000616,5250
0.0535,3055
0.0707,2667
-0.0141,5073
0.0718,2938
-0.093,8022
0.0491,3486
0.0712,1844
-0.00081,5010
0.157,1700
-0.181,6506
0.381,982
-0.0366,6371
0.0532,3001
0.0486,3315
0.139,1572
0.00434,4701
-0.0896,6860
0.638,80
0.0288,4067
-0.0969,8885
-0.162,7976
-0.199,7183
-0.157,9842
-0.0711,8689
0.102,2579
-0.133,7161
-0.0736,8372
-0.0162,5987
0.0565,3760
0.0317,3189
-0.0705,6628
-0.104,9767
-0.0523,7532
0.194,849
0.196,953
-0.0277,6087
-0.151,8484
0.0371,3995
0.0949,2022
0.0326,4264
0.0332,4019
0.128,3393
0.195,2692
-0.492,9914
0.0456,3813
0.14,1133
0.0288,4329
-0.302,10337
-0.0401,6922
0.0167,4548
0.0136,4708
0.0383,3356
-0.166,9674
0.116,3398
0.0593,1918
-0.0437,6649
-0.0704,6455
-0.0377,5811
0.0551,3829
0.503,350
-0.0628,8085
0.00831,4919
-0.11,8988
-0.0655,7340
0.0347,4130
-0.135,7636
-0.143,10301
0.053,3031
-0.134,7528
0.0251,4234
0.0503,3807
-0.136,9165
-0.0498,7141
0.0546,3347
0.0778,3419
0.284,158
-0.271,8063
0.0234,4240
0.0208,4000
0.00367,4749
-0.0618,7023
0.0962,2588
0.000768,5052
0.0287,4254
-0.141,9230
-0.0748,8478
-0.0317,5949
0.252,1634
-0.288,8162
0.0732,2715
0.231,824
-0.0922,7718
0.0107,4873
-0.136,8196
0.0182,4487
-0.243,7934
-0.025,5784
-0.0398,6507
0.263,281
0.0171,4530
-0.0601,7125
-0.0462,6124
0.206,426
0.331,338
0.123,1792
0.435,854
0.0266,3958
-0.0841,9083
0.0823,2700
0.0723,2759
-0.0048,4954
-0.155,9449
-0.119,7696
0.0647,3017
0.169,588
-0.144,8446
-0.371,5965
0.0985,2938
-0.113,9429
-0.105,7336
-0.0439,7430
0.491,1357
0.0175,4361
-0.00405,5411
0.0109,4392
-0.246,5427
0.421,1206
0.395,485
0.214,1648
-0.0162,5794
0.0673,2538
-0.171,9637
0.0928,2761
-0.228,7999
-0.0699,7641
0.0291,3556
0.0953,515
0.0178,4342
-0.0859,6904
0.0321,3736
-0.0986,7093
-0.216,10446
0.0417,3269
-0.0588,6170
-0.0764,8364
-0.174,6858
-0.119,8231
-0.103,7637
-0.0323,5811
0.145,2364
-0.145,8802
-0.136,8861
-0.354,8632
0.0617,3127
-0.0398,5916
-0.17,9040
-0.0888,8279
0.045,4300
0.0988,2136
-0.125,8624
-0.0258,6014
0.223,165
0.0172,4616
0.217,1766
-0.138,8868
0.0742,2449
-0.111,9550
0.0307,4454
0.0162,4457
-0.0948,7780
-0.0629,6572
-0.108,8104
0.0819,2417
-0.111,8159
0.0585,3799
-0.222,8533
-0.0897,7735
0.0306,2646
0.0172,4549
0.14,1516
0.00231,4916
-0.199,8827
-0.183,8855
-0.118,7723
-0.0462,6876
0.00784,4746
-0.286,10113
-0.0385,6059
-0.378,9295
-0.164,9812
0.0824,3383
-0.16,9341
-0.00955,5367
0.1,2389
-0.0988,7980
-0.0462,7516
-0.158,10296
-0.0429,6616
0.108,2360
0.000509,4862
0.153,3004
-0.0687,8199
-0.0505,6827
-0.0419,5452
0.0597,3827
0.433,557
-0.0813,6705
-0.0521,8557
0.0993,3045
-0.0732,7807
0.163,1361
0.332,436
-0.0614,5934
-0.13,9547
-0.0187,5768
0.389,1335
0.251,337
-0.152,7748
0.0129,4656
-0.219,10283
0.0162,4438
-0.0757,8833
0.0568,2459
0.104,1191
0.00958,4793
-0.064,8279
-0.0257,5918
0.105,2733
0.261,1814
-0.269,9372
0.131,2395
-0.138,9463
0.109,1621
-0.00391,5139
-0.138,8170
-0.141,7125
-0.00111,5259
-0.0138,5954
0.237,339
0.0185,4359
-0.0736,6879
-0.0425,5794
0.671,65
-0.0826,7724
-0.0195,5673
0.112,3380
-0.0711,6807
-0.16,7920
-0.0325,6471
-0.12,8708
-0.0188,6352
-0.145,8628
-0.148,8331
0.097,2110
-0.106,7928
0.133,864
-0.0691,8295
-0.113,8058
0.174,2573
0.0602,3931
0.06,3091
-0.00327,5306
0.0673,3750
-0.101,9244
0.0513,3612
0.0069,4793
0.0833,3282
0.088,2843
-0.133,8923
0.124,1653
-0.158,9315
-0.253,9563
0.26,715
-0.288,9177
-0.14,10321
0.211,902
0.333,1049
-0.0548,7007
0.193,950
-0.0284,4987
0.0829,1678
0.0095,4559
-0.00147,5269
-0.233,9927
0.136,1667
-0.0251,5848
0.0552,2655
-0.121,8697
0.414,1393
-0.111,7687
-0.475,10022
-0.122,9277
0.0841,2667
-0.0523,7195
-0.0525,6838
0.0556,3092
0.278,449
-0.0953,6683
0.188,1386
0.127,2701
0.384,130
0.11,2558
0.182,2132
-0.136,7173
0.11,1760
0.0554,2439
0.0161,4395
0.156,1136
-0.0563,6097
0.0203,4495
-0.114,6642
-0.11,8760
-0.0233,6020
0.197,447
-0.0169,5271
-0.107,8122
-0.0384,8149
-0.0332,5858
0.153,431
-0.0627,6453
-0.129,9143
0.0418,4281
0.313,691
0.0332,3528
0.0767,2551
-0.174,8323
-0.264,9948
-0.392,10346
0.154,2033
0.387,167
-0.0158,5789
0.336,256
-0.156,9184
-0.0541,6087
-0.067,6834
-0.138,8290
-0.0718,7857
0.00957,4692
-0.168,8433
-0.146,9017
0.173,2361
0.0466,2978
-0.0533,7145
-0.02,5383
0.272,132
-0.199,7050
-0.392,9397
0.0568,2802
-0.0352,6343
0.0456,4010
-0.214,9774
-0.0787,7132
-0.136,6713
-0.0189,6126
-0.0151,5632
0.065,2588
0.102,2673
-0.156,9556
-0.476,7515
0.106,782
-0.0474,7026
0.142,2006
0.124,1963
0.0741,2264
-0.0529,5560
0.117,751
-0.0147,6042
0.35,289
-0.098,8423
-0.208,8912
-0.254,9627
0.165,2051
-0.185,7941
0.525,258
-0.106,7594
0.0347,4388
0.0293,4445
-0.0512,7035
0.0841,2060
0.0887,3546
0.0617,3363
0.152,2180
0.198,410
-0.14,10318
-0.0192,6152
0.0675,3007
-0.224,9147
0.361,2330
-0.113,6721
0.0494,3280
0.185,1180
0.0345,4384
-0.101,7606
-0.257,8680
0.489,40
-0.0757,7333
0.0256,3115
0.274,1285
0.0643,4029
-0.00432,5306
-0.081,7506
0.011,4716
-0.13,7797
-0.0629,4676
-0.146,8774
0.0828,2934
-0.0187,5528
0.107,3216
0.0806,1694
0.0292,4283
0.0783,1516
0.0424,3350
-0.0587,6657
-0.0308,7126
0.214,390
-0.17,8399
0.0565,3623
-0.0114,5136
0.0409,4279
-0.194,7900
0.0381,2970
-0.253,10133
-0.162,9245
-0.238,10288
-0.164,8635
-0.0965,7173
-0.117,7609
-0.257,9458
-0.168,9945
-0.137,8722
-0.0751,7779
-0.0859,7951
-0.222,10415
0.074,3514
-0.11,7828
-0.0798,7442
0.16,2221
-0.242,10034
-0.0177,5703
-0.0522,6328
0.272,546
-0.22,7904
0.0302,4449
-0.138,8538
-0.136,7957
0.0468,3276
0.016,4316
-0.054,6709
0.305,887
-0.139,9718
-0.0216,6327
0.0133,4815
0.0325,4063
0.102,2952
0.205,940
-0.214,10374
-0.0496,6631
-0.167,7909
0.0515,3066
0.0293,4149
-0.156,7801
-0.072,9800
-0.0828,6949
-0.0163,5269
-0.167,9352
0.0964,2937
0.37,1666
0.0326,4161
0.11,765
-0.022,5782
-0.0598,7712
-0.398,10352
0.0861,2681
0.0365,4592
-0.0354,6216
-0.0998,8080
0.113,1552
0.348,1020
0.439,154
-0.266,9541
-0.231,9813
-0.1,7373
0.393,323
-0.0324,6087
-0.216,10094
-0.0262,6337
-0.0302,6295
-0.236,9693
0.0224,4474
-0.249,9191
-0.105,7051
-0.248,10201
-0.0512,8444
0.00965,4546
0.0893,2285
-0.356,9854
0.0804,3006
-0.0975,8925
-0.0709,7120
-0.133,8075
0.158,2096
-0.0625,6715
0.217,404
-0.0809,8004
-0.0612,8617
-0.0156,5059
-0.0186,5563
-0.0822,7275
0.275,1188
-0.139,7913
-0.021,5835
-0.0416,6603
-0.324,9406
0.111,2903
-0.13,7840
-0.014,5824
0.227,1100
-0.282,10012
-0.101,8835
0.26,674
0.178,1089
0.0678,2372
-0.0703,8759
0.121,2055
0.12,2209
-0.136,6891
0.0791,3462
-0.133,9458
-0.253,9987
-0.00332,5166
-0.0513,6136
-0.0223,6379
-0.12,7419
-0.0197,5722
-0.0115,5402
0.13,1590
0.00225,5061
-0.00889,5353
-0.00795,4878
-0.184,9238
0.0915,3167
-0.214,9845
-0.166,9490
0.0411,3762
0.211,1076
-0.0109,5575
0.0238,3656
0.045,3227
0.0786,3237
0.233,1527
0.00234,5064
-0.0682,9079
0.0608,3280
-0.15,8732
-0.0186,5847
0.239,1318
0.252,1228
0.00258,5001
-0.0759,8415
0.305,597
-0.168,9464
0.183,1435
-0.15,10098
-0.0288,7271
0.00687,4822
0.137,2609
0.165,2826
-0.0325,6065
0.0419,3892
0.164,598
-0.0881,7569
0.0354,4201
-0.177,8471
0.243,805
0.0117,4746
0.294,1
-0.134,8217
-0.127,8929
-0.0909,6553
-0.243,8235
0.0811,2642
-0.00573,5099
0.0602,3420
0.01,4556
-0.0236,5575
0.0348,4176
-0.236,9730
0.0696,1947
-0.0692,7281
0.0776,2319
-0.0975,7090
0.00198,4783
-0.0653,8106
0.383,17
-0.036,6701
0.0426,3601
0.0509,3368
-0.0541,6483
-0.157,10106
0.0467,4276
0.109,2295
-0.0721,8191
-0.236,8241
-0.188,6252
-0.102,8211
-0.107,8536
0.156,1546
0.125,2286
-0.0774,7492
-0.0352,6337
-0.0729,7598
-0.125,9972
-0.275,9766
-0.0799,7271
-0.294,9444
0.174,1046
-0.0331,7580
-0.032,6115
0.0839,2492
0.0474,2838
0.0375,3682
-0.0783,7062
-0.0798,7585
0.0245,4331
-0.0208,5616
0.0462,3845
0.18,1694
0.272,276
0.288,704
0.00311,5274
-0.114,9502
-0.197,9529
-0.0675,6464
-0.0492,6041
-0.039,6990
-0.0624,6141
-0.0477,6888
-0.212,9763
-0.00154,4913
0.0923,2975
-0.115,8592
0.0679,2220
0.0322,3970
-0.377,10073
0.787,200
0.11,3513
-0.141,9113
-0.0735,7400
-0.246,9695
0.187,1018
-0.0484,7003
0.101,3886
-0.0259,6739
0.183,1228
-0.0827,7148
0.0364,3430
0.102,2957
-0.198,9242
-0.0442,6573
0.0715,2633
-0.207,9318
0.0196,4402
-0.262,8367
0.0181,4499
-0.0477,7465
0.463,66
0.0832,2145
-0.152,7431
-0.0215,4486
0.358,1528
-0.0396,7014
-0.0902,6556
-0.0118,5473
0.315,388
0.00317,5017
-0.104,5937
0.281,27
-0.0384,5539
-0.357,9724
-0.0523,7058
-0.407,9827
-0.0051,5090
-0.13,9877
-0.0678,7219
0.0967,1873
0.302,1338
0.00742,4797
-0.167,9548
-0.0672,8815
-0.262,10446
0.237,1372
0.315,812
-0.0412,6261
-0.177,8018
-0.0105,5735
-0.0301,6136
0.0489,3495
-0.155,8600
-0.00845,5439
-0.0829,7064
-0.0545,7839
0.0778,2720
0.0358,3641
-0.00284,5111
-0.327,9994
-0.126,7825
-0.0259,6337
-0.0562,7257
-0.0916,8299
-0.145,9082
0.0221,4319
-0.284,8848
0.0699,2091
0.0744,1887
0.0577,3150
-0.188,9546
0.199,975
-0.124,8420
-0.0286,5792
-0.0722,8027
0.0736,3509
-0.106,6633
0.0606,2723
0.161,2848
0.084,2388
-0.0353,7133
0.0394,3885
0.0616,3707
-0.307,9385
0.447,379
-0.0383,6801
-0.136,8937
-0.0693,5753
0.0206,4203
-0.0242,6032
0.12,1401
-0.313,10461
-0.0797,8269
0.0477,3432
-0.00762,5054
-0.223,8963
0.18,2407
0.257,559
0.00628,4810
-0.037,7213
-0.073,8352
0.397,701
-0.0894,8076
0.259,843
-0.0671,7821
-0.0188,6020
-0.00996,5094
-0.0721,8733
-0.0654,7129
0.169,956
0.238,241
-0.182,7856
0.0685,2624
-0.243,8332
0.031,4372
-0.026,6645
-0.0506,7804
-0.074,7399
-0.225,10137
-0.147,10257
-0.0925,6738
-0.0417,6522
-0.058,7512
-0.166,8776
-0.205,9800
0.0526,3546
-0.00442,4988
-0.0949,8463
-0.0964,9461
-0.115,8508
0.0269,4273
0.0219,4499
-0.0475,6783
-0.0783,8291
-0.0355,5845
-0.0397,5786
-0.00285,5201
-0.181,8654
-0.031,5968
0.0196,4118
0.00169,5121
0.0427,3965
0.025,3937
-0.192,9365
0.247,796
-0.0726,7817
0.0193,3803
-0.0473,6762
-0.171,9720
-0.105,8085
0.868,364
-0.0616,7005
0.11,967
-0.0265,5495
-0.0221,6405
-0.139,9348
-0.289,10371
0.195,1390
0.152,594
-0.0139,5483
0.213,752
0.421,101
1.05,92
0.0846,3387
0.0599,3307
0.497,301
-0.0888,7995
0.195,2767
0.069,3716
-0.0318,6030
0.0817,2185
-0.0745,6464
-0.305,9379
0.0284,4299
-0.057,7117
-0.0218,6142
0.0331,3504
0.0491,3412
0.171,2302
0.0186,4295
0.428,1153
0.0468,3969
0.0778,2476
0.0449,4111
-0.212,9533
0.363,1131
-0.118,7092
0.0335,4057
-0.0645,8249
0.0622,2510
-0.168,10252
-0.0366,5916
0.266,1280
-0.124,9306
0.0842,3501
0.169,1844
-0.0293,5725
-0.0118,5270
-0.0973,8157
0.00734,4708
-0.0615,8356
-0.218,9843
-0.0504,6574
-0.0231,5560
-0.00988,5550
-0.0483,6877
0.0406,2529
-0.0045,5222
0.374,1893
-0.259,9707
-0.0986,7084
-0.034,7820
-0.0922,8764
-0.039,6013
0.0616,2783
-0.107,7727
-0.0817,6766
-0.0825,7422
0.113,1667
0.0769,2588
0.111,804
0.202,741
-0.103,8693
0.0774,2460
-0.0513,6881
-0.0929,7062
-0.331,8612
-0.156,7459
-0.0876,8781
-0.0168,5826
-0.0506,6057
-0.122,7573
0.0783,3496
-0.752,9743
0.218,1815
0.0553,3010
0.0982,1742
-0.00374,5114
0.0531,3872
-0.157,7169
0.0389,4040
-0.0768,7086
0.184,885
0.00719,4970
-0.19,9822
0.428,803
-0.0124,5703
0.0268,3817
-0.0399,6520
-0.0457,6737
0.294,1324
-0.0485,5761
0.0723,3868
0.0314,3812
0.22,357
0.355,241
-0.0151,5465
-0.0735,6669
-0.195,9127
0.0241,4165
-0.0261,6626
-0.0344,6327
-0.32,10437
0.0174,4462
-0.163,8375
-0.0101,5666
0.142,433
-0.0214,5687
0.00933,4755
0.0809,992
-0.105,7205
0.00738,5101
0.0388,3560
0.137,1890
-0.302,9726
-0.35,10097
0.133,556
-0.0915,8593
-0.0564,7016
-0.1,9397
-0.0194,5737
0.109,1774
0.068,3968
-0.0639,7277
0.026,4030
-0.15,9410
0.00446,4946
0.183,1089
0.00274,4993
0.00327,4897
-0.133,9250
-0.0651,7127
-0.0608,6834
0.202,2018
-0.0563,5377
0.116,1867
-0.0152,5749
-0.318,9978
-0.26,9057
0.0312,3497
0.208,2277
0.00146,4822
0.0379,3310
0.105,2016
-0.0705,6679
0.0767,2809
0.823,26
0.0225,3800
-0.00195,5277
0.164,2023
-0.132,7437
-0.14,8351
-0.269,9619
-0.0422,5734
0.0575,2487
2.36e-16,1899
