coef,rank
-0.249,8853
0.254,1027
-0.168,10178
0.466,658
2.2,349
-0.558,9962
-0.0226,5192
-0.026,6143
0.0992,2081
-0.0258,5605
-0.0491,6267
0.145,2786
0.00948,4968
0.0224,4420
0.0662,3569
0.0726,3882
0.0587,4325
-0.0462,5245
-0.0637,8251
0.0561,2703
-0.0524,6782
-0.215,10585
-0.273,8725
-0.213,8232
-0.0199,5960
-0.00945,5353
-0.00905,5221
-0.116,7478
-0.0162,6255
0.963,618
0.133,2626
-0.0326,6394
-0.0873,7221
-0.0582,5727
-0.125,7807
-0.0586,6387
-0.0433,6771
0.0136,4695
-0.197,9867
-0.106,6786
0.0782,3686
0.311,797
-0.0782,8009
0.0434,3039
-0.0882,7264
0.105,2541
0.000135,5364
-0.234,8625
-0.0703,8693
-0.0379,7480
-0.168,8469
0.161,1781
0.0289,4648
-0.226,9390
0.203,1623
-0.143,10074
0.0106,4796
0.151,2828
0.418,1317
-0.0304,5620
-0.0921,9154
0.013,5166
0.207,2046
-0.118,7611
0.115,1620
0.0487,3083
-0.352,10946
0.0747,2813
-0.118,8773
-0.0932,8467
-0.257,10352
-0.617,10435
0.146,1500
0.0687,3292
-0.0423,6540
0.0484,4298
0.304,1973
-0.134,9500
-0.0485,6735
-0.172,10136
0.0359,4607
-0.315,10823
-0.0645,6014
0.135,3289
-0.0456,7289
-0.144,9626
0.0685,3720
0.409,732
0.0351,4251
-0.0694,6199
0.0892,2307
-0.144,10503
-0.038,6100
-0.217,9534
-0.0505,5921
-0.14,7674
-0.0986,7195
-0.183,10324
0.0721,4039
0.151,856
-0.0998,7702
0.109,3048
0.127,1840
0.126,1820
-0.0876,7799
-0.148,8526
0.162,2960
-0.167,8217
0.315,855
0.0532,4041
-0.134,7983
-0.0704,7078
1.64,42
0.0821,3845
0.0881,2566
0.0622,2890
-0.169,8427
-0.264,10707
-0.0934,8824
-0.383,10810
-0.229,10128
0.091,2070
-0.187,10510
-0.183,10530
0.084,3965
-0.148,6719
0.0788,2568
-0.218,9607
0.0508,4466
-0.0534,6443
0.113,3249
-0.287,10213
0.121,1795
0.235,711
0.45,508
0.0215,4565
-0.192,5424
-0.677,10917
-0.0952,8563
-0.0845,7991
0.0663,4449
0.0902,2325
0.305,1230
0.02,4988
0.141,2148
0.119,2429
-0.02,5366
-0.0472,6436
-0.0201,6305
0.0419,4435
-0.0141,5851
-0.139,9893
-1.17,9864
0.113,2780
0.227,2775
0.118,2767
-0.00858,5719
-0.065,7179
0.381,907
0.397,195
0.00191,5327
-0.146,9431
-0.0825,7405
0.0316,3732
-0.0501,6493
-0.122,8507
0.0742,2922
0.12,1562
-0.0246,6097
0.0478,3743
0.183,1850
-0.691,10998
0.141,1305
-0.138,9695
-0.0252,6912
0.159,1319
0.0547,3459
-0.239,9781
0.755,613
-0.0807,8878
0.0434,4183
0.0778,3774
0.291,561
0.0457,4174
0.087,2101
0.0686,1675
-0.153,9831
-0.181,9956
0.138,2703
-0.0538,7103
0.682,788
0.206,707
0.136,1637
0.101,1142
0.126,1819
-0.0432,6170
-0.248,8533
-0.155,9593
-0.146,8227
-0.207,9473
0.0381,3912
-0.213,9123
-0.0634,6838
0.119,3656
0.039,3645
0.303,326
-0.18,9241
-0.38,9544
0.0615,3915
0.22,1619
0.0109,4872
-0.0304,6627
-0.0847,7706
0.0766,3826
0.0481,4370
-0.148,8162
-0.159,10889
0.0492,3839
-0.112,8071
0.224,1532
0.011,4853
0.024,4652
-0.263,10254
-0.0111,5729
-0.0989,9393
-0.292,9984
0.392,973
0.0824,3527
-0.0343,6646
-0.0718,8377
-0.114,9614
-0.0721,6949
-0.0866,7691
-0.283,10408
-0.147,7778
0.0281,3903
-0.138,8447
0.165,2163
0.4,1134
-0.0712,6588
-0.11,7271
1.02,1307
-0.264,8684
-0.124,8875
-0.047,6299
0.0726,3897
0.0348,4039
0.0297,4726
-0.353,10754
-0.188,9763
1.28,828
-0.266,9333
-0.121,9450
0.0212,4465
-0.0024,5219
0.321,1821
0.131,3388
1.5,117
0.0633,3643
0.0607,3428
-0.0837,7859
-0.0736,7552
-0.1,7886
0.0572,4086
-0.0986,8193
-0.062,6755
-0.0973,6490
0.19,1413
-0.107,8258
-0.161,7945
0.152,2172
0.174,283
0.00551,4936
-0.0362,6044
0.0454,4517
-0.11,8136
-0.109,7961
0.257,1329
0.0814,3596
-0.144,8431
0.0754,4032
-0.0413,6673
-0.0137,5678
0.038,4825
0.00746,5089
0.123,3118
0.357,672
-0.0957,7834
-0.037,7172
0.144,2069
-0.000323,5053
0.0678,4099
-0.336,10422
0.107,3252
-0.0229,6575
-0.0679,7769
-0.414,10349
0.1,2730
0.487,547
-0.198,8106
0.116,2424
-0.0444,6674
-0.00998,5586
-0.139,8068
0.267,837
-0.411,10290
-0.115,9713
0.0729,3639
0.148,1699
0.274,1880
-0.211,8415
-0.00239,5116
-0.0396,6859
-0.0976,8219
-0.116,8551
-0.21,7819
0.519,434
-0.303,10436
0.679,103
-0.344,10140
0.0615,4275
-0.154,9102
0.11,3224
-0.102,6257
-0.00282,5439
0.0499,4046
-0.11,8668
0.135,2141
-0.0541,7514
-0.12,6882
-0.123,9693
-0.0392,6728
-0.0125,5440
0.0311,4524
-0.136,9131
-0.0598,5763
0.0641,3134
0.0292,4293
0.166,1121
-0.0413,6719
0.501,18
0.0724,3808
-0.241,10883
-0.408,10236
-0.507,10764
0.019,4468
-0.188,10785
0.345,539
0.106,2219
-0.00606,5514
-0.224,5976
-0.103,5799
-0.074,3933
-1.01,10819
-0.52,10587
0.227,3180
-0.085,6943
0.071,3989
-0.0198,5930
-0.168,9102
-0.076,8825
-0.0721,8745
0.136,3616
-0.0436,6150
-0.226,9500
0.643,78
-0.0599,7062
-0.0885,8995
0.558,658
0.0712,3816
-0.0335,6519
0.0359,4398
0.275,1439
-0.0702,7721
-0.0602,6865
0.000437,5016
-0.0169,5323
0.0955,4111
0.0929,3429
0.0717,2991
-0.341,9904
-0.0191,6363
0.206,1803
0.306,2244
0.237,613
0.00347,5216
0.132,2034
0.0153,4861
0.468,1436
-0.0341,5772
-0.0291,6232
-0.151,9310
0.175,1757
0.0855,3970
0.0944,3271
0.346,1466
-0.129,8302
0.0873,2573
0.00834,5097
-0.1,8208
0.0632,3934
-0.127,8468
-0.0634,7012
0.172,1273
-0.0635,6983
0.135,2622
-0.194,8976
0.193,3174
-0.0787,10671
-0.018,5816
0.0807,3576
0.0421,4751
-0.00454,5382
-0.359,10706
-0.172,10369
0.0341,3158
0.0908,57
0.199,1397
0.36,1721
0.0311,4379
0.514,801
0.0624,2749
0.61,88
0.275,1043
0.316,855
-0.00798,5078
-0.127,7934
0.164,997
-0.0866,7253
0.126,3146
0.184,2091
-0.229,10088
0.056,3018
-0.0667,7764
0.271,982
0.204,1350
-0.101,7311
-0.0807,7919
-0.196,8476
-0.056,7471
-0.00845,5836
0.291,2544
0.41,1380
-0.193,8740
-0.069,6077
0.00462,5233
-0.193,9197
0.0126,5143
-0.236,7811
-0.131,7598
0.00236,5060
-0.0637,7433
0.444,789
-0.106,7053
0.0362,4293
0.0264,4852
0.14,2350
0.0675,2613
0.0955,1676
-0.192,9266
-0.143,8327
0.138,2285
0.0492,3823
0.0584,3254
0.214,2225
0.222,1824
0.168,2634
0.00901,5492
-0.281,9806
-0.203,9924
0.0575,3683
0.369,653
0.18,1921
0.242,316
0.174,1498
0.066,3402
-0.0393,6521
-0.0541,6760
-0.15,7671
0.048,3697
0.211,1205
-0.0795,8146
-0.403,10318
-0.172,10227
-0.105,7383
0.161,2859
-0.146,9152
-0.0677,7588
-0.133,9569
-0.167,9723
0.0541,3700
0.0229,4832
0.00406,5259
0.113,61
-0.224,10352
0.0332,4190
-0.062,5866
-0.591,10693
0.0578,3699
-0.119,8884
0.225,383
-0.136,8435
0.184,1732
-0.671,10739
-0.155,8966
-0.0921,9353
-0.21,10733
0.983,62
0.00174,5485
-0.0305,5225
0.0406,4482
0.294,1357
-0.167,10488
-0.194,7140
0.677,641
0.742,419
0.803,226
0.0592,2901
0.0528,3544
0.047,3874
-0.207,10499
0.0313,4643
0.154,2072
-0.0691,7704
-0.0473,6559
-0.401,9002
-0.279,9431
0.122,3668
-0.119,5702
-0.0911,8514
0.0489,4126
-0.0866,7025
0.194,1722
-0.152,9040
0.245,2011
0.135,1482
0.124,879
-0.309,7010
-0.6,9734
-0.723,10333
0.32,3086
-0.114,8779
0.115,3394
0.0503,3785
-0.239,9830
-0.108,7493
-0.168,9212
0.198,943
0.282,862
0.23,1017
0.0558,3914
0.719,489
-0.904,10767
0.109,2327
0.311,791
-0.104,7485
0.106,2694
-0.111,7738
-0.179,9012
-0.125,8470
-0.165,8450
0.208,1157
-0.146,9396
-0.152,8317
0.0489,4295
-0.151,9828
0.0858,2784
0.129,2361
-0.0165,5817
-0.259,9386
0.0396,3822
0.226,678
0.207,2151
0.101,3051
0.172,1949
0.0809,3411
-0.142,8503
0.0499,3888
-0.249,10971
-0.235,8003
-0.202,9887
0.178,2055
-0.985,10877
-0.109,8650
-0.153,9154
-0.0819,6332
-0.0598,7550
0.162,1062
-0.221,9700
-0.293,10933
0.0544,3630
0.308,421
-0.215,10622
0.538,591
-0.0514,6026
-0.0627,8600
0.0265,4749
-0.0728,6510
0.175,1566
-0.125,7883
-0.0843,7809
-0.0612,7147
0.0445,4073
-0.0592,6527
0.146,2920
0.00239,5403
-0.23,9231
0.0669,3299
-0.188,10553
-0.0857,6250
0.0953,1755
0.0156,4885
-0.135,5852
-0.216,10420
-0.0402,6748
-0.318,10648
0.00109,5067
0.0637,3917
0.194,1937
-0.0571,6905
0.1,2222
-0.119,9920
-0.0828,7932
0.309,463
0.513,42
0.252,380
-0.0292,5752
0.0686,2776
0.096,3775
-0.318,7559
-0.0214,6272
-0.168,10547
-0.302,11033
0.0087,5302
0.527,213
0.0922,3389
0.189,519
0.0387,3364
0.0711,3121
-0.14,7672
-0.0188,5708
-0.02,5392
-0.0891,7360
0.0793,3461
0.132,3106
-0.21,9821
-0.41,10516
-0.0547,6806
-0.0713,8126
-0.349,11005
-0.395,6304
-0.034,6834
0.658,271
0.0854,3680
-0.0228,6714
0.64,669
0.0993,4234
-0.466,6608
0.398,1470
-0.292,7910
-0.206,8339
0.211,2018
-0.25,10807
0.0517,4192
-0.266,10832
0.0719,1751
0.305,1155
0.325,1672
0.0714,4005
-0.0506,7231
-0.0208,5868
0.228,396
-0.28,10012
-0.14,8958
-0.0601,6276
-0.123,9130
0.0964,3097
-0.00839,5449
-0.112,6588
-0.0771,6796
0.252,1138
-0.215,9020
-0.0651,7740
0.00576,5398
0.0536,4239
-0.00351,5621
0.271,1403
0.048,4604
-0.184,10193
-0.246,9440
0.361,499
0.0606,4227
0.122,2670
-0.0921,6948
-0.108,8222
-0.19,9905
0.0408,4321
-0.221,9412
-0.28,9889
-0.276,9583
-0.0198,5568
-0.231,10342
-0.0793,7277
0.0922,3953
0.129,3036
0.31,884
-0.0755,7321
-0.0733,7379
0.302,85
-0.0495,6464
0.398,1899
5,39
0.0335,4412
0.106,1592
-0.211,10690
0.26,1214
0.0617,2473
0.382,1240
0.0282,4477
0.0688,3252
0.734,176
-0.167,8443
0.107,2952
-0.187,9112
-0.0731,6939
-0.0264,6389
-0.281,9635
-0.234,8822
1.74,61
0.283,1763
-0.131,9673
0.187,2023
-0.165,8647
-0.031,6439
0.366,166
0.517,916
0.00914,4988
-0.051,6735
-0.0531,6799
-0.181,10083
-0.443,9584
-0.528,8902
-0.146,9623
0.243,214
-0.0732,7403
-0.248,10399
0.194,1577
0.193,2311
0.0196,4661
0.0902,2889
-0.28,10542
-0.0527,5932
0.0297,4620
0.0627,3341
0.306,171
-0.0565,7947
-0.22,10156
0.082,3801
-0.0762,8737
-0.0872,7421
-0.144,7746
-0.147,10014
0.244,1176
0.156,2250
0.384,443
0.248,2367
0.205,1428
-0.185,8921
-0.00413,5243
-0.158,7224
-0.467,10784
0.0091,4955
0.0397,3880
0.0283,4955
-0.344,9319
-0.219,9310
-0.144,7808
0.0345,4619
-0.0185,6085
-0.15,8539
-0.221,8828
0.0275,4350
0.891,440
-0.191,7720
-0.178,9230
0.00513,5421
-0.0469,6674
-0.318,10245
-0.18,9736
0.278,1611
0.0365,4105
0.125,2017
-0.0267,8136
0.0174,2462
0.0432,1169
0.0129,3023
-0.0269,9768
-2.02,10928
0.0962,3235
0.249,2968
0.692,1980
-0.0466,4557
0.057,3823
-0.0526,6429
-0.199,6733
0.108,3405
0.404,1593
-0.00995,5739
0.0712,3902
-1.26,10279
-0.0124,5729
-0.154,7929
-0.0732,9018
-0.0668,6846
0.0667,3682
-0.272,9339
0.572,286
-0.338,9011
-0.229,9051
-0.127,8490
-0.0116,5503
0.627,1842
0.0729,4063
-0.199,8941
-0.0271,4498
0.0694,3814
-0.181,9952
0.0562,4280
-0.0272,6211
0.021,4858
-0.0666,7861
-0.189,8909
0.0599,4218
-0.348,10967
-0.438,10140
0.369,333
-0.102,8973
-0.0134,6393
-0.13,8379
0.0837,3001
-0.167,8897
-0.18,8110
-0.145,8397
-0.204,10059
0.0287,4703
0.36,383
-0.187,9408
0.0279,4692
-0.0537,7517
-0.313,10827
-0.141,8857
0.0314,4265
0.0864,3767
-0.329,9251
-0.0616,6987
0.0229,4297
2.9,52
-0.203,10353
0.167,2441
-0.235,9586
0.0617,3605
-0.0678,6790
-0.346,9983
0.107,2119
-0.172,7700
0.125,2074
-0.0405,6663
0.00839,4999
-0.105,8463
-0.107,7880
-0.176,8891
-0.162,7550
0.0173,4871
-0.119,9482
-0.0629,5949
0.138,2783
0.0885,3029
0.0997,3303
0.198,839
0.0369,4175
0.0191,4073
0.281,3347
-0.109,8714
1.05,472
0.0335,4258
0.0913,2089
-0.317,9710
-0.0838,7751
-0.0644,6419
0.00751,5298
-0.116,9132
0.0937,2462
-0.349,8056
-0.486,8162
-0.503,7804
-0.56,10987
-0.281,10146
-0.266,10300
-0.59,10382
-0.224,10216
-0.062,7341
-0.0417,6748
-0.163,9401
-0.0473,6485
-0.286,10351
-0.148,9082
0.0429,4390
-0.133,8980
0.0131,4928
0.186,2350
-0.0595,7036
-0.356,10348
0.25,1280
-1.75e-05,5124
0.271,859
0.294,2300
0.716,141
-0.151,8805
0.181,2101
-0.103,8058
-0.17,9564
-0.207,9289
0.0811,3132
0.285,857
0.111,1915
-0.236,10746
0.0556,2183
-0.275,10360
0.0556,4144
-0.273,10088
0.0352,3687
0.326,844
0.0118,5035
-0.535,10246
0.761,33
-0.214,8492
0.186,2129
0.0082,4897
0.0817,3442
0.3,2528
0.148,2070
-0.0359,6303
-0.187,7774
-0.092,8488
0.18,1891
-0.204,8044
-0.0545,6662
0.301,716
0.102,3665
0.026,4254
-0.182,10127
-0.417,10461
-0.0158,6094
-0.145,7625
0.322,1835
0.162,2615
0.0975,3940
0.188,1785
0.095,3302
0.139,1219
-0.333,10465
-0.402,9718
-0.0935,6674
-0.189,7910
-0.00363,5509
-0.339,10806
0.139,2128
0.0256,4686
-0.16,6686
-0.709,9436
0.00171,5266
0.0537,4098
-0.177,7030
0.0258,4650
0.273,2048
0.205,1300
0.0357,4302
-0.101,9255
0.00178,5467
-0.0219,5695
0.113,1761
0.255,315
-0.0533,7621
0.017,4672
0.02,5072
0.311,179
0.0545,4263
-0.289,8862
-0.195,9726
-0.0407,6685
-0.192,9652
-0.123,8063
-0.228,9705
0.258,1559
0.306,941
0.122,2062
-0.255,9860
0.363,979
-0.048,6070
-0.148,8820
0.191,1161
0.0935,3851
0.227,1717
-0.159,9794
0.258,1281
0.0505,3853
-0.0115,6495
0.154,2796
-0.455,8761
0.351,2043
-0.0811,7638
-0.237,10878
-0.0153,5957
-0.0258,5531
-0.234,10490
-0.0536,5511
-0.0592,7495
-0.163,8719
0.141,824
0.232,1583
0.0404,4729
-0.0431,4890
-0.0835,6630
-0.265,8967
0.233,768
-0.102,7328
0.0418,4447
-0.0625,6501
-0.167,7725
-0.0461,6828
-0.206,10185
-0.27,8091
0.144,2485
0.000753,5223
0.595,933
-0.069,7315
-0.225,10401
0.0489,4308
0.178,1759
0.118,3297
0.834,93
-0.1,7634
0.218,871
0.0924,3097
-0.09,6811
-0.111,9077
-0.745,10009
-0.125,10270
-0.0461,7043
-0.239,9550
-0.405,10601
-0.069,5842
0.0811,3469
-0.0068,5549
0.483,629
-0.0549,6096
0.0345,4399
-0.0465,7693
-0.136,8480
-0.198,10555
0.0342,4256
0.0145,4748
0.225,632
-0.0757,6847
-0.234,9973
-0.0347,6750
0.163,1403
0.234,588
-0.233,10069
0.517,10
0.0836,3610
-0.0835,7779
0.00303,5362
-0.407,8879
-0.0926,7112
0.122,2385
0.0978,3787
0.0674,3679
-0.175,9965
0.0417,4537
-0.0936,8210
-0.526,7988
0.152,1920
0.113,2865
-0.188,9585
-0.06,7680
0.231,2065
0.0207,4634
-0.224,9597
-0.184,10204
0.0115,5066
0.257,1443
0.369,388
-0.0827,7988
0.0507,3245
0.0563,3677
0.0605,4184
0.755,59
0.0936,3204
-0.0903,8303
0.166,1075
0.143,1370
-0.0204,6278
0.0446,4256
0.0144,4694
0.11,1459
0.0204,4566
0.174,2077
-0.22,10404
-0.0329,5665
-0.0206,5511
-0.296,10002
-0.128,8575
0.167,2326
0.0857,3697
0.776,394
-0.398,10466
-0.0171,6120
0.0439,3787
-0.0137,5449
0.0219,4841
-0.335,10832
-0.0514,5844
-0.155,9864
0.0921,2144
0.214,1760
-0.26,10044
0.0523,4121
-0.0872,5900
-0.284,10308
0.0346,4318
0.0548,4090
0.362,666
-0.141,9758
0.363,1316
0.0528,2662
-0.13,7912
-0.0763,6807
0.586,853
0.142,3589
-0.0273,5993
0.179,1619
-0.114,9027
0.0577,3775
0.104,2420
0.432,1888
-0.253,9174
0.0416,3763
-0.0476,7259
-0.119,7386
0.289,1404
-0.121,7594
-0.0295,6114
-0.054,7137
0.123,1970
0.301,1396
0.0556,4047
-0.119,8412
-0.921,10712
-0.0105,5406
0.196,2016
-0.185,9743
-0.109,8001
0.133,707
-0.188,8741
0.0555,3185
-0.0603,6367
-0.0566,6703
-0.135,8915
4.42,40
-0.346,10173
0.117,1368
-0.132,9292
-0.0312,6305
-0.0672,6485
0.0721,3947
0.138,3412
0.27,288
-0.195,10379
-0.0225,5559
-0.0798,6972
0.0256,4719
0.157,2484
-0.197,9571
-0.0487,7011
0.0825,3565
-0.0566,6008
-0.267,10502
-0.121,9442
-0.0711,6684
-0.0455,6251
0.0817,3653
0.0828,3314
-0.0296,6107
-0.0699,8850
0.267,474
-0.102,7726
0.017,4779
0.3,1621
0.114,2133
0.111,1804
-0.0928,8813
0.193,734
-0.171,7125
-0.313,10721
-0.122,8788
0.0639,3272
-0.156,8418
-0.112,6401
-0.252,9949
0.281,619
0.00984,4738
-0.159,9801
-0.189,9510
0.279,411
-0.0999,7802
-0.121,8006
0.17,1846
0.188,2338
-0.112,9355
-0.268,10844
-0.118,8076
0.4,1113
-0.112,6386
0.0809,3210
0.0147,4698
-0.116,8512
-0.0842,7561
0.0478,3844
-0.221,10384
0.0163,4431
-0.185,10515
-0.25,10681
0.614,256
0.208,3503
-0.231,7456
0.0212,4782
-0.222,10181
0.0854,3584
0.018,4572
-0.315,9994
-0.102,7332
0.199,2058
-0.058,6737
-0.05,6750
-0.161,7672
-0.121,9302
0.285,1833
-0.0449,6947
0.0248,4299
0.0892,2762
0.385,628
0.118,2458
0.19,2753
-0.0899,9557
0.07,3525
-0.142,8364
-0.241,10355
-0.166,9653
-0.193,8331
0.314,566
-0.0149,5087
0.0123,5061
0.0467,4098
0.215,1928
0.886,1195
0.273,799
-0.363,10085
0.0206,4781
-0.00546,5506
-0.246,9502
0.688,449
-0.00376,5533
0.097,3342
-0.0556,6450
0.514,1206
0.0753,2845
-0.051,6490
0.208,94
0.0567,3649
0.121,3127
-0.162,9500
-0.0147,5276
0.233,1114
-0.116,10369
-0.133,7889
-0.156,8949
-0.276,9288
0.399,66
0.105,1949
0.0731,3478
0.118,2979
-0.118,8964
0.288,227
-0.0459,7061
0.0457,3471
0.011,4698
0.104,2637
-0.298,9124
0.182,2440
0.00276,5116
0.148,1922
-0.24,9787
-0.146,8660
0.0755,4023
-0.214,8280
-0.127,7615
0.338,100
0.3,241
0.27,493
0.233,583
0.261,2683
-0.0918,8834
-0.13,9468
0.0389,4163
-0.0424,6026
-0.00489,5203
-0.108,6352
0.143,2321
-0.151,10608
-0.15,10196
0.169,2016
-0.165,9736
-0.228,9832
-0.107,6930
-0.02,5815
-0.153,10369
-0.359,10708
0.186,1049
0.0388,4638
-0.00576,5284
0.0914,3087
0.0935,1745
-0.146,9545
-0.353,10976
0.362,584
0.137,2379
-0.205,10648
-0.0642,7717
0.203,1860
-0.219,10082
-0.14,8395
-0.047,6228
0.0294,4332
-0.205,10110
0.326,660
-0.0267,6211
-0.123,8544
0.338,917
0.0367,4739
-0.0956,8213
0.173,1516
-0.608,10550
0.154,1539
0.0723,3573
0.16,996
-0.679,8326
0.771,294
1.19,434
-0.286,6559
0.124,2143
0.0423,4232
-0.598,10399
-0.151,8813
-0.315,10718
0.0887,3845
-0.00758,5262
0.103,1569
-0.193,8704
-0.242,8899
-0.122,8072
0.195,2501
0.108,2089
-0.0967,8810
-0.229,9529
0.185,1499
-0.179,8348
-0.0301,6797
0.247,2696
0.076,2917
0.106,3930
0.0744,2953
-0.436,10904
-0.0457,6501
-0.00919,5865
0.0879,2873
0.0036,5138
0.00527,5022
-0.0549,6039
0.418,1659
0.109,1648
-0.0163,6395
-0.293,9982
0.0134,4949
0.514,865
-0.406,8033
0.133,1395
0.26,678
0.161,2366
-0.00991,5988
0.424,236
0.0105,4858
0.128,1855
0.127,1128
-0.117,9823
-0.354,11001
-0.187,10099
0.168,1344
0.0124,4531
0.031,4659
0.225,2044
0.184,521
-0.05,6186
-0.127,8988
-0.028,6385
0.185,714
-0.136,8105
0.0554,4557
0.191,735
0.144,3433
0.0537,3403
0.328,236
0.0029,5262
0.000166,5101
0.00797,3900
0.086,3761
0.0764,3268
-0.26,8083
0.138,2927
0.107,2223
-0.286,10247
-0.155,6133
0.0975,3134
0.966,42
-0.439,10684
-0.0242,6182
-0.449,10637
-0.329,10115
0.0105,5286
-0.279,10646
0.113,2984
-0.0573,7374
0.0161,4703
-0.0117,4782
-0.0949,5736
0.0552,3747
-0.0325,6191
-0.143,9313
-0.0101,5582
0.131,2055
-0.0845,6878
-0.459,10459
-0.213,9272
-0.117,10370
0.232,1250
0.184,1135
-0.134,8715
-0.0319,6217
-0.159,7744
-0.195,10812
-0.0806,9011
-0.0177,5898
-0.0929,7487
0.00392,5380
0.13,3517
-0.401,10578
-0.159,9537
0.0949,3152
-0.239,10009
-0.235,10107
-0.307,9357
0.184,821
0.0546,3456
-0.201,8573
0.123,3054
-0.0199,5457
-0.471,9496
0.0588,3608
0.00692,5173
-0.186,9813
0.167,1432
-0.392,9535
-0.021,5710
0.194,677
0.1,3011
0.418,488
-0.168,9509
0.011,5170
-0.321,9418
-0.117,8398
-0.00543,5537
-0.144,7329
-0.0789,6789
0.0596,4237
0.646,534
-0.14,9612
0.0513,3795
0.00267,5219
0.188,1507
0.198,1766
-0.192,9697
0.0547,2484
-0.0704,9537
0.186,998
0.0808,3110
-0.502,9686
-0.209,10374
-0.166,10433
0.129,2787
-0.105,7188
-0.111,6710
-0.325,9274
-0.139,8347
-0.333,10586
0.0562,3604
-0.175,9304
-0.0201,6238
-0.314,10102
0.193,1427
0.0219,4530
-0.0187,5937
-0.344,10412
0.0607,3875
-0.0992,7680
-0.281,10672
-0.000542,5398
-0.206,10860
0.00203,5050
-0.614,10787
0.647,505
0.155,2702
-0.65,11018
0.00118,5297
-0.199,10443
-0.102,8507
-0.229,9829
-0.0337,6005
-0.0198,5774
0.348,730
0.0275,4708
-0.13,6518
0.276,2945
-0.0634,6474
-0.00874,5567
0.36,629
-0.0121,5185
0.105,963
0.0894,4112
-0.743,10770
0.0573,2975
0.214,1069
-0.0574,7493
-0.434,9669
-0.0579,5004
-0.31,10087
-0.163,9797
-0.0168,5915
0.38,1076
-0.853,10967
-0.132,9811
-0.00479,5380
-0.0824,7416
0.0091,5058
0.044,3436
-0.11,8224
-0.114,8011
-0.0215,5724
0.0483,3834
-0.012,5494
-0.0873,6823
0.129,2266
0.575,422
0.352,2233
-0.0213,5758
-0.0483,6236
0.142,2476
-0.221,10345
0.187,2946
0.0275,4801
-0.0192,6603
-0.0114,6131
-0.259,8305
0.67,867
0.642,641
-0.237,8563
0.242,223
0.0443,3675
-0.0125,5630
0.253,1641
0.309,492
0.11,3227
-0.229,10829
-0.0752,7152
-0.267,9626
-0.0159,5711
0.000122,5245
0.0885,3494
-0.422,10976
-0.0997,8179
0.0674,3583
0.0695,4068
-0.212,10202
-0.176,8669
0.125,2194
0.0389,3706
-0.0988,8050
0.236,1962
-0.254,8005
0.448,1697
-0.000866,5187
0.118,2270
1.01,27
-0.104,6761
0.336,193
-0.0115,5768
-0.0221,6284
-0.0576,7550
0.046,3444
-0.00262,5181
0.42,328
0.011,5070
0.0436,3857
-0.211,10492
-0.199,9797
0.161,2143
0.0873,1752
0.542,678
0.129,942
0.0452,3912
-0.0475,6110
0.17,2427
-0.2,10175
0.392,721
0.22,372
0.536,1032
-0.0676,7119
0.254,1117
0.623,232
0.179,2546
0.0144,4892
-0.0327,6595
-0.0122,5715
0.282,610
0.071,4034
-0.0566,7257
0.0792,2426
0.482,436
-0.0791,5885
-0.0419,6791
0.225,1486
-0.138,8990
-0.263,9849
-0.171,10606
0.357,480
0.127,2877
0.0219,4895
0.0424,4090
-0.299,10212
-0.0838,7372
-0.0211,5569
0.149,2981
-0.208,7919
-0.0971,8469
-0.257,10046
-0.24,10081
-0.102,8380
-0.0506,6555
0.11,3758
0.037,3642
-0.273,10917
-0.158,7451
-0.0387,6871
-0.294,9097
-0.253,8289
-0.0446,6505
0.233,1083
-0.133,10360
-0.195,9823
0.162,1200
-0.139,8878
0.146,1296
0.0215,4771
0.00156,5308
0.393,643
-0.228,9750
-0.061,6215
0.489,90
-0.00738,5806
-0.102,7395
0.267,827
-0.193,9220
0.162,2788
0.332,790
-0.124,9162
0.302,2444
0.0168,4836
0.00466,5111
-0.0921,7280
-0.0101,5424
-0.138,9465
0.144,1178
0.632,118
-0.326,10149
0.00255,5188
0.0713,3053
0.175,1703
-0.0619,7439
-0.427,10341
-0.0597,6303
-0.0057,5162
0.103,2893
-0.0581,7327
-0.786,10581
0.412,861
-0.166,8099
-0.555,7302
-0.261,10481
-0.284,7887
0.259,915
-0.0135,5099
0.019,4640
-0.0656,7042
0.212,539
-0.0477,6913
0.157,3290
-0.205,9703
0.145,2236
0.115,1335
0.164,233
0.063,3333
-0.329,10004
-0.0288,5716
0.161,2851
0.369,327
-0.0486,8198
-0.00474,5403
0.106,2843
0.213,3047
0.333,602
-0.0232,5543
-0.124,8726
-0.104,8818
0.178,2552
-0.163,8723
-0.276,10380
0.0358,4400
-0.0122,5539
-0.256,9243
0.915,1549
-0.0421,5962
0.0666,3303
0.0983,2681
-0.011,5232
0.32,648
-0.162,7586
0.0989,3247
-0.226,8312
-0.0355,6400
0.0973,1458
0.395,391
-0.113,8014
0.228,1598
0.131,2881
-0.0043,5775
0.0773,3182
-0.206,7655
0.0865,3781
-0.199,8456
0.337,2371
-0.179,10471
0.0616,4250
0.645,21
-0.126,7054
-0.451,10937
0.743,866
-0.173,10145
0.288,573
0.37,2850
-0.936,10134
-0.0349,6660
0.286,2832
0.045,3312
0.0581,3456
0.767,1237
-0.0874,6171
-0.0195,5812
0.39,799
-0.339,10567
0.0875,2469
0.351,142
-0.0919,7095
-0.22,7840
-0.223,9640
-0.0817,8357
-0.0895,7444
0.0169,4816
-0.095,7835
0.098,3166
0.116,1536
0.0527,3944
0.0036,5120
-0.0522,6037
-0.272,10620
0.309,701
0.0828,2433
0.00687,5296
0.249,1627
-0.00608,5365
0.433,865
-0.0131,5553
0.254,631
-0.0933,8258
-0.181,10059
0.0365,4589
-0.199,9826
-0.153,9036
-0.00287,5684
-0.0194,6697
0.0885,3749
-0.0753,7037
0.112,1639
0.0362,4513
-0.0608,7710
-0.23,10833
-0.449,9160
0.12,3739
-0.535,9392
-0.0327,6061
-0.147,7882
0.366,752
-0.256,10075
-0.162,8478
-0.123,7594
-0.000967,5377
0.0593,3612
-0.08,7071
-0.296,9587
-0.73,10988
-0.0714,6922
0.123,3058
0.192,820
-0.114,7568
-0.12,9960
0.0509,4228
-0.265,9642
-0.138,7999
-0.268,10759
-0.201,10264
-0.103,8290
-0.0308,5675
-0.514,10211
0.235,144
0.183,1439
0.149,1564
-0.111,7598
-0.185,7804
-0.0794,7236
0.241,2069
0.0772,3135
-0.00689,5521
0.36,166
0.0334,4407
-0.0417,7108
-0.0301,5868
-0.0909,7976
0.0309,4532
0.178,2024
-0.122,8942
0.179,1686
0.143,2057
0.0231,4167
-0.0351,6728
-0.0647,6657
0.0383,4401
-0.0109,5822
-0.119,9012
-0.248,10420
-0.0945,7775
-0.181,9380
-0.197,9307
-0.0295,5594
-0.232,8364
0.0141,4752
0.0332,4294
-0.0409,6051
0.808,760
0.35,1041
0.0604,4108
0.077,3586
0.0744,3575
0.0813,3507
0.341,2368
-0.068,8302
0.235,2138
0.319,754
-0.0597,7498
0.175,3457
-0.0141,5784
-0.144,8905
-0.324,9121
0.00994,5031
0.0645,4060
0.446,93
-0.242,9983
-0.293,10825
0.178,2838
0.0587,3129
-0.225,10723
0.0963,3494
-0.131,7349
0.0683,3862
-0.0543,7261
0.0522,3182
0.0243,4216
-0.134,9404
-0.028,5728
-0.0903,8306
-0.161,8712
0.00539,5165
0.609,55
-0.191,10153
-0.0722,6426
0.104,3613
-0.104,8904
0.0537,3891
-0.225,9616
-0.143,7116
0.00237,5182
0.188,3144
0.264,1075
0.081,1936
0.571,307
-0.309,10604
-0.109,8749
0.183,1082
-0.119,7701
0.0629,2968
-0.31,10552
-0.201,8980
0.0339,4472
-0.122,7295
0.0578,4521
0.203,918
-0.161,10364
0.041,3614
0.477,361
0.111,2970
-0.232,9123
-0.0126,5654
-0.159,9446
-0.145,7676
-0.188,9566
0.169,3093
0.23,2131
0.0838,2826
0.0295,4421
0.0729,4119
0.0467,4116
-0.11,7006
-0.358,8882
0.042,3617
0.257,1510
0.134,2972
0.0709,3158
-0.0158,5478
0.146,3414
-0.127,8025
-0.0816,6813
-0.358,10970
-0.238,9778
-0.172,8477
-0.182,9998
-0.126,9184
0.511,375
-0.291,10131
-0.0635,7369
-0.372,9438
-0.124,7425
-0.119,10322
-0.129,9558
-0.00647,5372
0.18,880
0.122,2581
-0.0818,8043
-0.17,8768
0.0987,1688
-0.0341,6364
0.21,1774
0.426,575
-0.263,10765
-0.115,8309
0.293,613
0.0413,4560
0.136,2686
0.0937,3217
-0.0397,5398
0.267,203
0.262,253
0.0645,2747
-0.0102,5915
-0.162,9436
-0.149,8668
-0.288,9643
-0.259,9012
-0.117,8624
-0.187,8615
0.238,2149
-0.0297,5855
-0.00642,5260
-0.0153,6524
0.141,2790
-0.132,7721
-0.0828,7022
-0.0614,6201
-0.321,10703
-0.293,10095
-0.00387,5463
0.101,3617
0.299,273
-0.166,9865
-0.192,10153
0.0849,2900
-0.124,8417
-0.11,8837
0.366,1402
-0.128,7524
-0.0123,5914
0.117,1494
0.0882,3827
-0.169,10217
-0.327,10478
0.0819,1707
-0.176,8629
-0.0183,6134
0.162,1908
-0.138,8719
0.157,3308
0.118,3832
-0.349,10042
0.134,2925
-0.169,9711
0.277,1263
-0.391,8109
-0.273,9807
-0.0724,6753
0.0193,4932
-0.286,10187
-0.0599,7727
0.0304,4407
-0.0358,5633
0.0271,3862
0.0178,4437
-0.172,7818
0.764,77
-0.0758,9067
-0.299,7230
0.0643,2979
0.0374,3893
-0.0983,7195
0.113,2533
0.273,2035
0.0302,4714
0.0417,4016
-0.147,9406
-0.0783,7362
-0.018,5802
-0.345,9416
-0.136,7961
-0.151,9362
0.118,1623
0.0585,3812
0.0659,4108
-0.128,6495
-0.068,6818
0.147,709
0.0393,4471
-0.0962,8905
-0.253,8929
-0.37,9769
0.0782,3496
0.0609,3093
0.0694,2159
0.0956,3514
0.189,3186
0.0686,4160
0.435,803
-0.295,10009
-0.105,7338
-0.00934,5497
-0.133,8786
-0.067,6341
-0.22,9119
-0.0877,8331
0.153,2967
-0.148,7946
0.179,630
-0.222,8035
0.213,2487
-0.04,7122
-0.205,9575
0.0768,3499
0.0257,4872
-0.162,8996
-0.404,10420
-0.241,10371
-0.0148,5741
0.241,1004
-0.0148,5226
-0.117,4816
-0.0575,6148
0.187,1318
-0.272,9814
0.227,1150
0.0308,4562
-0.00906,5321
-0.0152,5622
-0.0166,5610
0.212,823
0.203,1046
1.15,383
0.167,2434
-0.0299,5855
0.127,2367
0.00766,5014
-0.111,7208
-0.175,8208
0.208,560
0.037,4597
0.033,3872
-0.0323,7101
0.175,3306
0.218,1417
-0.0358,6054
-0.0198,5503
0.366,421
0.426,162
-0.0827,7023
0.118,3372
0.448,613
-0.0344,5556
0.401,156
0.0788,2503
-0.0413,5707
-0.199,9074
0.0764,4009
-0.494,9123
0.0805,2939
0.104,2094
0.553,303
-0.0843,8099
0.037,4472
0.31,1069
0.0334,4458
-0.043,6846
-0.198,9475
-0.181,9912
0.513,671
0.142,1941
-0.0531,6720
0.0767,2905
0.0925,3516
-0.00491,5284
0.207,2471
-0.15,9188
-0.00957,5696
0.000105,5461
-0.0488,6303
-0.148,7648
-0.244,6851
0.14,3786
0.0691,3475
0.0418,3871
0.0298,4744
0.0102,5156
0.109,2574
0.275,2316
-0.164,9865
-0.106,9020
-0.156,8937
-0.27,9609
-0.123,8524
-0.29,9075
0.141,851
-0.103,7845
-0.111,6150
-0.313,10594
0.127,2672
0.41,594
-0.05,6991
0.0357,3975
-0.117,8552
-0.073,6698
0.1,3727
0.0345,4451
0.0108,5076
0.475,1757
0.0615,3200
-0.318,10446
0.495,588
-0.0393,5537
0.0506,3970
-0.101,9041
-0.18,8868
0.106,3052
0.496,155
-0.336,7555
0.755,52
-0.141,8200
-0.0239,5363
0.192,1794
-0.0355,5628
-0.173,9893
0.051,4048
-0.303,10234
0.0351,3838
-0.114,7982
0.232,1029
-0.721,11018
-0.0758,7584
0.0198,4804
-0.056,6589
-0.129,8129
-0.0251,5898
0.32,563
-0.0767,7905
0.0107,4865
-0.271,10462
-0.491,10492
0.123,768
-0.162,9051
-0.14,9508
-0.258,9766
-0.136,8063
-0.433,10931
0.221,1462
0.124,2472
0.438,618
0.191,1931
-0.137,7903
-0.226,9952
0.211,1011
-0.278,10429
-0.000522,5481
-0.167,8206
0.023,4467
-0.285,10614
0.134,1844
0.0415,3841
0.0201,4623
-0.329,10360
-0.187,9479
-0.271,9002
-0.228,10476
-0.147,9152
0.029,4558
-0.3,10460
0.299,573
0.168,2740
1.05,42
0.0748,3054
-0.14,10009
-0.263,10904
-0.037,6413
0.721,838
-0.529,10539
0.106,1515
0.112,1380
0.298,1184
0.191,1714
-0.406,9020
0.118,2217
-0.0327,6346
-0.0957,8735
0.28,1092
-0.168,8408
-0.0769,7896
-0.0507,7803
0.24,149
0.0171,5098
-0.0357,6474
0.0647,3394
-0.0044,5313
0.17,1170
0.282,823
-0.119,8725
-0.0937,6493
-0.0406,6251
0.203,2331
-0.227,8840
-0.126,8196
0.0832,3456
-0.0387,6480
-0.0537,5787
0.141,3630
0.0804,3537
0.154,1677
0.0204,4765
0.385,2108
0.0945,1285
0.0969,2720
-0.0908,7602
0.0209,4546
0.148,1304
-0.0433,6309
0.0134,4813
-0.253,9754
-0.0677,6971
0.0508,3792
-0.0112,5343
0.0163,4615
0.0451,4375
0.145,2886
-0.0301,5640
0.157,2807
-0.0576,6477
0.0335,4493
-0.404,9110
0.0795,3954
-0.005,5597
0.206,921
-0.0951,8299
-0.256,9418
0.3,59
0.223,2390
-0.00729,5779
0.11,2429
0.131,712
-0.0615,6114
-0.253,9481
-0.039,7391
-0.384,10625
-0.041,6503
0.112,3088
-0.127,7537
0.262,831
-0.0647,6071
0.116,3947
0.0916,3021
-0.158,10095
-0.126,8873
0.0802,2032
-0.124,9543
0.18,957
-0.403,10098
0.19,1101
0.0347,4310
0.039,4352
0.449,226
-0.203,9484
0.196,2039
0.123,2511
0.0966,3695
-0.601,9284
-0.212,10782
0.0716,3650
0.138,2722
-0.124,9056
0.019,4712
-0.207,10108
-0.014,5750
-0.277,10520
-0.0922,7224
-0.0766,6666
-0.123,8523
-0.0247,5703
0.0579,3707
-0.354,10336
0.172,1468
-0.0161,6000
-0.243,10734
-0.087,7542
0.0434,4170
-0.338,10148
-0.23,9425
0.00609,5408
-0.206,10633
-0.209,10628
-0.147,6282
-0.00888,5433
0.0168,4920
0.00348,5232
0.0654,3595
0.0395,4514
-0.0949,7431
0.186,1440
0.0617,4335
0.182,931
0.0197,4778
-0.0656,8473
0.199,927
-0.238,9780
-0.023,5666
-0.242,9401
0.107,3262
-0.0316,6294
-0.0797,6438
-0.207,10332
-0.112,8764
0.24,1628
0.024,4274
0.198,876
-0.207,8325
0.046,4705
-0.0409,6242
-0.0612,7933
-0.0446,7816
-0.000354,5592
-0.121,7901
-0.269,9470
0.155,1595
0.167,2465
-0.227,9356
-0.1,7893
-0.102,5693
-0.0258,5210
-0.157,6098
-0.0663,5977
0.516,1824
0.161,1288
-0.0563,6158
-0.2,9122
0.133,3082
-0.359,9510
0.0396,4311
-0.0143,6647
-0.0794,6857
0.31,404
0.123,2181
0.0871,3657
-0.252,10624
0.0722,3214
-0.187,8081
0.0008,4960
0.117,3787
0.247,270
0.103,3010
-0.109,8446
-0.279,9411
-0.446,9924
0.141,3024
-0.0892,9011
0.159,2675
-0.199,10469
-0.7,9452
-0.09,7122
-0.115,7578
0.141,2128
0.344,96
0.0357,4409
-0.0751,6979
0.0155,4748
-0.316,9687
0.468,1808
0.356,279
-0.0653,9323
0.098,2702
0.257,1834
-0.101,6724
-0.199,8423
0.0384,3985
-0.216,10436
0.146,2636
-0.294,8520
-0.0512,6700
-0.00931,5670
0.0346,4245
-0.00392,5714
-0.124,8102
0.0199,4920
-0.105,8686
0.164,3305
-0.0302,6463
-0.0145,5634
0.104,3535
-0.00854,5399
-0.132,7931
0.174,1765
-0.15,8149
-0.315,10122
-0.0909,7599
0.421,544
-0.0123,5439
-0.0193,5243
-0.174,8079
0.207,883
0.094,3051
0.065,3836
-0.0398,6466
0.112,3250
-0.0655,7689
0.122,1086
0.514,173
0.788,51
0.187,3511
0.187,2292
-0.219,10456
0.144,894
-0.28,10618
0.258,2214
-0.188,8542
0.21,1559
0.178,2352
-0.184,7774
-0.21,10475
0.0355,4720
0.63,1127
0.166,923
0.0147,4711
-0.0809,7705
-0.169,8943
0.416,128
0.00361,5058
-0.0815,7888
0.0635,3800
-0.0274,6444
-0.0162,5391
-0.321,10533
0.307,1317
0.0449,4492
0.0429,3613
-0.0716,8089
0.0823,3987
-0.401,10840
-0.161,6514
-0.299,9687
-0.278,10742
-0.0425,6801
0.548,237
-0.17,9091
0.228,2234
-0.187,9093
0.00733,4894
-0.0934,8510
-0.22,9278
-0.117,8139
0.354,288
0.0758,3538
0.0327,4400
0.156,1324
0.0222,4493
-0.13,6407
0.0551,4364
-0.104,7408
0.117,2282
-0.135,8791
0.103,2544
0.021,4642
-0.0596,6766
0.299,769
0.027,4373
0.0457,3736
0.175,1803
0.0547,4107
-0.201,9499
-0.0654,6212
-0.0318,7130
0.0325,4516
0.363,938
0.304,991
-0.144,7738
0.149,3714
0.0219,4787
-0.105,7813
0.0132,5229
0.0987,3260
0.429,361
-0.191,9359
-0.0219,6227
-0.0114,6005
-0.205,9974
0.143,2348
-0.0609,6495
-0.122,8154
-0.0824,9400
0.194,1101
-0.184,9513
-0.222,10301
-0.00551,5371
0.0372,4585
-0.0801,6742
0.0661,2595
0.117,2218
-0.271,9855
-0.0581,6693
-0.259,9317
-0.0436,7132
0.0545,3485
0.104,3250
0.0444,4346
0.353,1568
-0.0674,5897
-0.085,7804
-0.16,10038
0.181,896
0.0935,3008
0.398,309
0.0916,3315
-0.112,9385
-0.0193,6316
0.105,2843
-0.0741,6437
-0.0267,5868
0.00566,4941
0.0169,4990
-0.000253,5458
-0.312,10523
0.0562,4476
0.342,336
-0.39,8518
-0.27,10074
0.0254,4467
0.0145,5005
-0.217,9783
-0.269,9161
0.0325,4607
-0.0272,6453
0.0228,4450
0.482,90
-0.195,9398
-0.179,8895
-0.503,9250
-0.167,8691
0.131,2058
-0.2,7902
0.166,2879
-0.15,8495
0.287,291
0.101,3455
-0.215,10170
-0.105,8158
0.184,1785
0.0231,4606
0.31,1597
0.189,1066
0.0825,2941
-0.114,7559
-0.288,10976
-0.303,8906
-0.088,6249
-0.0601,7083
0.0797,1397
-0.233,8589
0.259,1031
-0.0506,7364
0.104,1814
0.0119,4890
0.0533,3928
-0.15,8888
0.0737,3558
-0.106,6840
0.12,323
0.0524,3146
0.114,2252
0.0142,4956
0.194,2929
0.817,38
-0.168,7206
0.00612,5210
0.0259,4663
0.0907,3325
0.174,2571
-0.0715,6835
0.269,362
-0.186,10843
-0.0397,7091
-0.286,9868
0.262,745
-0.381,10026
-0.127,7751
0.0131,4805
0.0986,1691
0.375,1498
-0.0615,6827
0.0257,4498
-0.0738,7973
0.131,1054
-0.21,10156
0.0124,5041
-0.0814,6699
0.144,2381
-0.112,8936
-0.046,7905
0.199,384
0.12,3246
-0.67,9585
0.655,482
-0.287,10039
0.136,2091
0.0201,4681
-0.0411,6073
-0.0037,5129
-0.223,10071
0.132,3360
0.0555,2946
-0.0561,6439
-0.0197,5779
-0.205,9301
-0.0535,6366
-0.0707,7502
-0.0522,5261
-0.0569,7098
-0.394,9994
-0.0923,7868
0.0372,4445
-0.144,7562
0.0713,2053
-0.00713,5554
-0.33,9642
-0.21,7124
-0.194,8621
0.286,2218
0.0802,2779
-0.134,9990
-0.994,10197
-0.547,7658
0.0115,4643
1.19,116
0.488,2402
-0.0711,7998
0.739,41
0.363,554
-0.0667,6093
-0.224,9178
0.11,2228
-0.128,8162
-0.754,9297
0.161,3269
-0.33,7674
0.0863,4051
-0.0299,6704
0.0726,3216
0.825,1582
0.353,2562
0.849,112
0.458,505
-0.173,8342
0.12,2409
0.244,2208
-0.421,10489
0.0454,3721
-0.0313,5970
0.214,1209
-0.383,10832
-0.287,6490
-0.376,9001
-0.171,8512
-0.0772,6405
-0.354,10958
0.211,1099
-0.129,6389
-0.17,8415
0.222,1415
-0.109,5732
0.567,90
0.0418,4264
-0.188,7620
-0.0492,6433
-0.305,9143
-0.282,7717
0.049,3775
-0.0422,6460
-0.203,9252
0.046,3779
-0.248,8782
-0.217,9368
-0.0643,7442
-0.0811,8210
0.0757,3927
0.218,1664
0.137,2030
-0.259,9607
-0.0612,6748
-0.047,5920
-0.14,9319
-0.0947,8736
0.0619,2459
0.558,168
-0.014,5752
-0.153,8571
-0.181,9872
-0.00722,5662
-0.12,8446
-0.217,7128
0.797,1077
-0.269,8290
-0.294,8594
-0.138,7256
-0.0317,6080
0.26,1050
-0.382,10074
-0.0693,7302
-0.0645,7111
-0.216,10948
-0.17,8833
0.159,2252
-0.115,9348
-0.223,8759
-0.0413,6617
-0.166,9451
0.703,241
-0.223,10056
0.0476,4529
0.24,1755
-0.0365,6957
-0.0278,6912
-0.127,8798
0.115,3007
-0.194,10391
-0.116,8301
0.0838,3242
-0.0383,6144
-0.0825,8845
-0.279,10119
0.0189,4585
-0.0521,5947
-0.00461,5722
0.306,497
-0.159,9335
-0.131,8968
-0.187,8018
0.0623,3869
0.0872,1809
0.0289,2693
-0.208,10056
-0.088,6618
0.189,743
-0.0245,6136
0.127,2971
0.115,2472
-0.291,10493
-0.107,6934
0.277,867
-0.0443,6183
0.0551,3912
0.644,316
0.323,104
0.736,186
0.0617,4039
0.132,2878
-0.102,9573
-0.2,10289
0.265,940
-0.117,7998
0.0618,4013
-0.332,10194
-0.422,11010
0.0406,4143
-0.0719,8352
-0.209,9700
-0.0893,7404
0.0992,2281
-0.00869,5359
0.0125,5206
0.476,178
0.0844,4053
0.0324,4784
-0.21,7079
-0.0811,8521
0.03,4303
0.119,1702
0.222,860
-0.393,9268
0.0392,3946
0.00827,5093
0.0105,5138
0.109,3306
0.0765,4416
0.142,2457
-0.112,7997
0.149,2573
-0.125,9569
-0.137,8928
-0.0444,5973
0.0282,4701
-0.0774,5811
-0.00926,5516
0.0377,3670
-0.425,10161
-0.382,9891
0.269,2617
0.34,2328
0.0103,5043
0.181,2666
-0.183,8711
-0.112,8296
-0.225,8471
0.0102,4889
-0.0604,7290
-0.00616,5751
0.0449,4196
-0.0232,6447
-0.325,7826
0.0742,4415
0.0743,1606
-0.144,7854
0.108,1893
0.165,1740
0.483,506
0.0554,4086
-0.0984,9295
-0.237,10407
-0.16,9238
-0.152,7912
0.0865,3090
0.0948,2731
0.0876,2664
0.0366,3747
-0.357,10646
-0.115,6988
0.165,3242
-0.136,8154
-0.0176,5972
0.143,3092
-0.107,8376
-0.147,10138
0.328,1156
-0.606,9787
0.0137,4962
-0.0163,6184
0.0807,4020
-0.165,8823
-0.0019,5544
0.103,3073
-0.0354,6726
-0.139,9214
0.0979,4055
-0.22,9254
0.369,647
-0.311,10625
0.213,1877
0.00619,4990
0.353,186
0.189,1118
0.0344,4440
-0.275,9481
-0.139,8608
-0.15,9930
0.135,2433
0.00406,4961
0.276,1016
0.175,2413
0.0302,4378
-0.0884,8055
-0.0688,7454
0.191,2326
-0.24,9056
-0.118,8774
-0.174,9968
-0.0352,6092
0.231,1660
-0.0166,6173
-0.389,10884
-0.212,8495
-0.0417,5618
-0.0872,7656
-0.0664,6415
0.0894,3010
-0.281,9250
0.236,1099
-0.179,9064
0.471,167
-0.12,8542
-0.112,7106
-0.727,10931
0.00191,5230
0.244,154
0.169,1410
0.323,818
-0.193,8534
-0.243,3945
-0.0202,6106
0.114,2205
0.0539,3979
-0.173,8974
0.0222,4794
-0.12,9104
0.119,3226
0.0183,4986
-0.106,7717
0.219,2547
0.0934,3413
0.0116,4969
-0.125,8670
0.257,1228
0.122,1394
-0.0902,8706
-0.214,10394
-0.292,10133
-0.181,9028
0.0527,3221
0.135,2668
0.013,5205
-0.149,7917
-0.175,8628
0.486,1087
-0.0585,6178
0.129,673
-0.327,10528
-0.0123,5574
0.0948,3091
-0.115,8038
-0.0319,6036
0.0301,3695
-0.506,8562
0.451,976
-0.288,6957
0.072,3940
-0.0708,6472
-0.326,5778
0.0456,4162
0.389,536
-0.232,10124
0.245,172
-0.12,8212
-0.146,7989
0.11,3121
-0.244,9841
-0.203,9503
-0.0929,9004
-0.0792,7352
-0.0929,6730
-0.264,8915
0.414,425
0.00385,5355
0.208,2086
-0.17,9244
0.219,306
0.032,4592
-0.0576,6484
-0.019,6319
0.0112,4905
0.0266,4295
0.111,1425
-0.0602,6902
-0.747,10275
0.13,1558
-0.122,8635
0.385,492
-0.0952,7719
-0.00461,5097
-0.237,8470
-0.289,10291
0.066,2983
0.0352,4746
-0.431,10568
0.106,3048
-0.106,8073
0.0455,4184
0.0925,3765
-0.182,9172
0.43,782
0.0942,2993
0.0837,1958
-0.0309,6648
-0.0749,6336
0.738,180
0.419,676
-0.212,8348
0.0639,3429
0.354,741
0.0282,4575
-0.0273,6271
-0.132,7225
-0.151,9483
0.00173,5268
0.136,2942
0.0718,3635
-0.0321,6087
0.0789,3637
-0.0246,6197
0.212,324
0.0751,3244
0.279,509
-0.0053,5464
-0.362,10441
-0.286,10157
0.0613,2585
0.0265,4617
-0.0338,7166
0.148,2769
-0.0238,5813
0.0276,4305
0.821,5
-0.0687,7222
0.1,3263
-0.129,8965
0.0255,4686
-0.105,8383
0.14,1198
0.215,475
-0.286,10683
0.491,676
-0.0693,7323
-0.0443,7668
0.158,850
0.296,816
0.604,197
0.192,1895
-0.174,10056
0.19,834
0.156,701
-0.243,9034
-0.0329,5991
0.362,890
-0.142,7175
-0.0155,5752
-0.127,8857
-0.328,10239
0.325,660
-0.0689,7435
-0.0904,8116
-0.179,9443
0.0946,2954
0.096,2823
-0.307,10662
-0.211,9038
0.125,660
-0.066,6875
-0.125,8548
-0.453,9921
-0.0539,6239
-0.4,10278
-0.144,9246
-0.119,9560
0.11,3591
-0.198,8374
-0.137,7227
-0.922,10989
0.0937,2794
-0.0386,6524
0.00114,5318
-0.284,10058
-0.186,8677
0.0473,4549
-0.104,9201
-0.0914,9057
0.593,1617
0.243,2399
0.215,1446
-0.0775,7159
-0.0498,7717
-0.0625,7315
0.02,4936
-0.0856,7003
-0.154,9701
1.1,53
0.048,3651
-0.245,10814
0.00533,5303
0.184,1570
-0.0553,6751
0.0255,4524
-0.0223,6253
0.0424,3480
0.25,308
0.399,685
0.128,2771
-0.477,10684
0.937,24
0.118,3292
0.162,2568
0.0731,3194
0.556,120
0.674,192
0.0751,3572
0.0246,4278
-0.0143,6110
0.175,1052
-0.159,8117
0.0787,3712
0.122,3108
-0.0932,8907
0.0673,3110
0.162,1874
-0.127,9376
-0.333,10668
0.0295,4637
0.0947,2175
-0.574,10759
-0.131,6516
0.0751,4250
0.823,468
0.14,2652
0.202,379
0.128,2606
-0.0213,5516
-0.297,9035
0.638,319
0.113,2309
-0.119,8878
0.064,2755
0.084,4095
-0.0618,6665
-0.0385,6412
-0.0245,6517
0.0306,4206
0.0309,4645
-0.0339,6707
0.303,2366
-0.111,6659
-0.146,9574
-0.141,7657
0.114,3201
-0.478,10147
-0.102,7192
0.315,134
0.0323,4087
0.29,2186
-0.103,8399
-0.0428,6821
0.263,1856
-0.137,8409
-0.099,7895
-0.0275,6156
0.158,1341
-0.474,9593
0.64,182
-0.0996,8143
0.235,1175
0.00453,5104
0.1,3634
-0.156,9701
-0.326,10751
0.109,1868
0.264,667
-0.0472,6980
0.176,1172
0.0736,2657
-0.163,8034
0.154,1935
-0.129,9012
-0.0239,7017
-0.0606,6032
0.19,1255
0.0866,3418
-0.0563,6452
-0.0492,6334
0.198,1537
0.0749,2684
0.0953,3627
-0.285,10517
0.172,1633
-0.0283,6574
0.0346,4191
-0.153,8542
0.438,586
0.2,596
0.202,1546
0.132,3220
-0.147,9549
0.554,931
0.567,11
-0.0971,7221
-0.0186,5306
0.109,2501
-0.0408,8040
-0.0243,6618
0.00816,5109
0.579,18
-0.296,10821
-0.138,8970
-0.127,8006
0.0519,3653
-0.27,6492
0.137,2773
-0.135,9224
-0.00978,5834
0.224,801
-0.0864,8339
0.19,778
0.558,1523
-0.317,7358
-0.0807,9449
-0.0819,7945
-0.191,9075
-0.0549,6698
-0.388,10442
-0.208,9667
-0.241,9509
-0.248,10342
-0.115,8274
-0.151,7114
0.0618,3887
0.253,360
-0.197,9979
0.0394,3709
0.0657,3331
-0.0556,6529
0.354,586
-0.0473,5984
-0.231,10289
0.39,356
0.105,3207
-0.00501,5511
-0.294,10695
-0.0457,6918
0.0258,4528
0.0408,4240
-0.0497,7117
-0.0423,6876
0.171,1535
0.227,1598
-0.0126,5908
0.0591,1909
0.315,448
-0.103,7848
-0.0384,5394
0.251,1224
-0.0615,6404
-0.0549,8241
0.15,2398
-0.035,6737
0.000797,5166
0.0545,2603
0.14,2264
-0.18,10714
-0.0367,6223
-0.0324,6495
0.0499,4435
-0.311,9998
0.0388,3889
0.262,759
-0.248,9415
-0.257,10789
-0.185,6907
-0.0107,5506
0.0302,4481
-0.185,9015
0.516,362
0.264,1252
0.131,2795
0.0614,4213
0.176,2056
-0.0961,8720
0.0161,4425
-0.591,10297
-0.0495,6213
-0.0103,5618
0.152,1551
-0.0407,7234
-0.128,8679
-0.0272,6234
0.317,1423
-0.365,7061
-0.0676,7609
-0.00176,5639
-0.0567,6971
0.176,2856
-0.169,8662
-0.175,8047
-0.129,9004
0.113,2683
-0.292,10893
-0.248,10022
0.148,2873
0.243,1962
0.0159,4275
-0.1,9095
0.184,1575
0.168,2575
0.0639,3992
-0.18,7938
-0.23,10588
0.0126,4927
0.226,441
0.00864,5119
0.109,3232
0.0524,3961
-0.333,10638
0.0334,4389
-0.211,8886
-0.17,9309
0.618,93
0.114,1691
-0.0624,7162
0.0534,3178
-0.219,10735
-0.168,10362
0.322,378
-0.202,8981
0.0314,4557
-0.0904,8242
0.148,1908
0.0669,2855
-0.203,9292
-0.275,8959
0.0686,1269
0.0914,2502
0.0798,3742
0.225,1381
-0.247,10711
0.165,2799
0.000795,5265
-0.0271,5919
-0.124,8152
-0.213,9315
0.049,4291
-0.0856,7468
-0.0308,6316
-0.256,11010
0.265,915
0.233,2949
0.225,1050
-0.296,9213
0.155,2930
-0.0642,8276
-0.0806,9155
0.00417,5215
-0.00844,5631
-0.333,6215
-0.178,10729
0.341,571
0.15,2304
0.175,2223
-0.0305,5809
0.396,997
-0.129,8652
-0.0523,8572
-0.042,6564
-0.00313,5253
0.056,3663
0.0394,4273
0.179,897
-0.0734,7017
0.29,1226
-0.0626,6408
-0.221,9768
0.007,5070
0.19,1533
0.274,456
0.0317,4666
-0.0445,6441
-0.0689,5680
0.126,1897
2.78e-05,5176
-0.423,9599
0.00568,5351
0.183,580
-0.0558,6596
-0.00306,5353
-0.141,8658
0.231,2869
-0.0517,6885
0.0238,4462
0.105,2603
0.105,2921
-0.0617,7192
-0.0795,5970
-0.105,8814
0.12,1531
-0.164,8379
0.00193,5228
-0.232,10128
-0.0191,5665
0.256,807
-0.0248,6341
0.536,524
0.124,2795
0.174,1878
0.427,894
0.0758,733
-0.334,10764
-0.0269,6099
0.475,207
0.152,1256
0.142,1694
0.144,2196
0.0236,4402
-0.0784,6339
-0.0711,7811
0.00511,5401
-0.364,10480
0.0928,2910
-0.0788,7800
0.143,1635
0.148,3500
-0.153,7993
-0.255,10666
-0.227,9459
-0.158,9979
-0.157,8221
0.107,3511
0.361,780
-0.0254,6366
-0.192,9357
-0.0876,7423
0.074,3832
-0.0116,5443
-0.0403,6447
-0.1,7399
-0.0713,7960
-0.0526,6726
0.349,870
-0.03,6066
0.181,2272
0.0535,3986
0.0585,3011
-0.0532,7191
0.198,1828
-0.0119,5510
-0.0586,5765
0.0383,4481
0.0198,4978
-0.0303,6128
0.142,1572
0.529,358
0.0513,4157
0.246,595
-0.0982,8542
-0.302,10806
0.238,1289
0.564,347
0.0715,3222
0.0366,3727
-0.094,7650
-0.286,9400
0.0236,4625
0.0354,4485
-0.158,8477
-0.155,9842
0.0675,2506
-0.0274,6371
0.103,3416
0.0572,3837
0.108,2982
-0.0605,7239
0.15,1803
-0.0135,5889
-0.21,7937
0.115,2475
0.0278,4686
-0.401,6461
-0.226,10275
0.212,177
-0.138,8599
0.0662,3771
0.0311,3834
0.329,1091
-0.0581,7398
0.104,2023
-0.0619,6824
0.0563,3255
0.244,1137
0.0292,4855
0.123,385
-0.0176,6005
-0.0623,6192
-0.0541,7708
0.00214,5096
0.0754,2402
0.125,1240
0.0572,3539
0.179,1508
-0.0965,9635
-0.1,7247
0.00714,5038
-0.178,10404
-0.0552,7136
-0.126,6964
-0.164,8924
-0.194,9764
-0.261,6964
0.111,3473
0.522,335
-0.225,10137
0.63,903
0.341,2175
0.0562,3507
0.198,2476
-0.139,8592
-0.0936,7532
-0.0142,5724
0.00694,4888
0.189,1448
-0.21,9963
-0.205,10208
-0.211,7741
-0.42,10048
-0.0612,5869
0.393,760
-0.0127,5524
-0.175,7928
0.062,4293
0.044,3638
0.0978,2695
-0.0849,6548
-0.0171,6605
-0.152,9974
-0.161,8390
-0.188,10017
-0.419,10846
-0.193,8014
0.0708,3487
0.0722,3458
0.228,1691
-0.874,10910
-0.00112,5467
-0.0378,6151
-0.00541,5463
-0.186,9957
-0.0732,7232
-0.0829,7163
-0.363,8557
-0.0548,6509
-0.0304,6105
0.357,627
-0.0778,7496
-0.138,8893
-0.1,8348
0.089,2970
0.116,1884
0.107,2933
0.236,1269
0.0684,3759
0.0562,3926
0.154,3240
0.0922,3159
0.351,548
0.152,2784
-0.00723,5716
-0.184,8491
0.0357,4308
0.156,420
-0.0442,7035
-0.0488,6438
-0.289,10802
0.166,3461
-0.0209,6273
0.0607,3607
0.115,363
-0.0749,6527
0.022,5038
-0.11,6904
-0.16,8490
0.0521,3304
-0.0216,5721
-0.0336,6475
-0.243,10349
-0.235,10932
0.132,2258
-0.0702,8439
-0.0946,7647
-0.129,7893
0.181,3273
0.164,3315
-0.089,7022
0.113,3040
-0.042,7124
0.208,967
-0.536,11001
-0.172,9033
-0.0577,5831
-0.177,9431
0.0223,4494
0.0177,4945
-0.0249,6397
-0.124,9706
-0.186,7739
-0.057,7628
-0.172,10584
-0.099,5829
-0.251,7955
0.523,1335
0.0682,4375
-0.0341,6083
-0.176,9277
0.328,535
-0.205,10118
-0.469,10801
0.0944,2436
-0.191,10761
0.0507,3698
0.0204,4995
0.114,2073
0.188,896
-0.83,9934
0.311,448
0.0364,4221
-0.0648,7803
-0.0108,5825
0.0859,3292
0.0122,4950
0.0144,4848
0.0724,3008
-0.117,7970
-0.0666,7195
0.099,3471
-0.125,9454
-0.0571,7478
0.0212,4655
0.153,1700
-0.0481,5726
0.0577,3615
0.334,913
-0.0543,7557
0.0639,3455
0.14,2971
0.253,420
-0.0382,6935
0.23,2174
0.0344,3491
0.186,785
-0.141,9003
-0.0618,6215
0.15,3541
0.175,2713
0.0376,3865
-0.119,7924
0.142,2750
-0.262,8852
-0.0957,6763
0.119,2588
-0.0271,6115
-0.0187,5796
0.324,2802
0.0965,3048
0.256,1661
-0.485,10577
0.225,554
-0.14,8603
-0.135,7770
0.248,1851
-0.239,8399
0.211,1769
0.307,338
-0.127,8793
0.139,2715
-0.049,6931
0.377,952
0.0573,3531
-0.0561,7648
0.0594,3107
0.0191,4770
0.123,2901
-0.0947,7874
0.109,2366
-0.0219,6063
-0.00544,5517
0.326,902
-0.264,9887
-0.0501,5302
0.632,126
-0.193,10223
0.0324,3965
-0.178,8159
0.0106,5219
-0.745,8903
-0.136,10367
0.084,2381
-0.0696,8149
-0.132,8280
0.188,1688
-0.334,8506
0.0641,4114
-0.18,10447
0.165,2408
0.311,2238
-0.102,7786
-0.275,9270
-0.0462,6254
0.0973,3541
0.176,754
0.151,1536
0.119,3320
0.0886,2292
0.0486,4330
-0.117,9005
-0.249,10668
-0.362,9441
-0.592,10857
-0.322,8062
0.0894,3288
0.0423,3956
0.288,600
-0.135,7461
0.459,365
-0.042,5673
-0.0884,7901
0.0155,4684
-0.298,10492
-0.082,7577
-0.124,8593
-0.41,10851
0.153,2296
0.0652,3777
-0.103,9391
0.0873,2977
-0.219,9902
0.00031,5155
0.0301,4848
0.000302,5327
0.179,1394
-0.122,8465
-0.00332,5220
0.614,20
0.0766,2966
-0.0137,5767
0.0395,3572
-0.172,8878
-0.0961,7469
0.162,2322
-0.351,10571
-0.227,10287
0.0164,4844
0.037,4102
0.0164,4637
-0.235,7568
0.142,3567
0.131,2559
-0.188,9366
0.0171,1930
0.184,1901
0.0423,4111
-0.025,6309
0.725,1177
-0.126,9072
0.112,2188
0.261,1313
0.193,2170
-0.251,10613
-0.133,7665
-0.0268,6492
-0.274,10913
-0.319,10950
-0.445,10423
0.0288,4494
0.264,2793
-0.0321,6181
-0.104,8375
0.0382,4097
-0.205,10200
-0.094,8276
0.26,1082
0.0889,2920
0.171,1715
-0.817,11031
0.319,800
0.387,912
0.129,3617
0.0936,2383
0.0536,3740
-0.0455,6802
0.18,1801
0.189,3160
-0.0353,6391
-0.0888,7786
-0.204,10113
-0.248,8451
0.152,1333
-0.139,8167
-0.0632,7283
0.101,3597
-0.0587,6713
-0.161,8111
0.187,1376
-0.134,8297
-0.321,10444
-0.0684,8229
-0.118,9409
0.028,4368
-0.0171,6018
0.317,2367
-0.0484,6284
-0.126,8593
0.0682,3238
0.00975,5099
-0.3,9361
0.0274,5110
-0.309,9893
-0.214,10280
-0.045,6955
-0.0117,5281
0.0897,2755
0.19,2020
-0.174,8431
0.159,1672
0.0254,4449
0.113,3164
0.392,472
-0.106,7679
0.0579,4055
0.35,876
0.123,1566
-0.359,10547
-0.0374,6140
-0.188,7176
0.844,39
0.0909,2893
0.0539,3416
-0.318,10748
0.136,3168
-0.00925,5632
0.154,2882
-0.0352,6332
0.0504,2401
0.1,2517
-0.311,9581
-0.0536,6019
0.0386,4004
0.0733,3407
-0.00411,5459
0.00691,5031
0.0118,5054
1.93,25
-0.0729,6261
-0.019,5762
-0.347,10455
-0.205,9478
0.364,868
-0.0429,6383
-0.301,7816
-0.283,10587
0.257,646
0.247,1721
0.0584,3883
0.31,1277
-0.0727,6585
-0.145,9355
-0.209,10405
-0.187,9266
0.166,1516
0.0065,4990
0.235,994
0.388,586
0.296,320
0.034,4717
0.0764,3216
-0.0998,7985
-0.0262,5713
-0.142,10194
0.0505,2454
0.136,2112
-0.112,8527
-0.312,7953
0.132,2057
-0.104,8543
0.156,2386
0.0902,3957
0.0547,3833
-0.0124,5695
0.0469,2646
0.0942,3129
0.00233,5139
0.0505,3675
0.0495,4341
-0.041,5795
-0.0692,6580
-0.0817,7851
0.262,630
0.506,279
-0.284,10775
-0.181,8865
0.0925,4056
0.154,958
0.118,2413
-0.358,10673
0.0779,2500
-0.326,8378
0.104,1995
-0.256,9780
-0.152,9540
-0.104,7600
0.146,2381
-0.538,10823
0.101,3862
0.241,1758
-0.16,9065
-0.307,9605
-0.0231,6036
0.37,1593
0.328,1446
0.0696,2142
-0.124,9817
0.0146,4726
-0.0552,7199
0.0316,4215
-0.0607,6995
0.124,2227
-0.0292,6189
0.112,3470
-0.109,7387
-0.291,8569
0.34,631
0.0358,3982
-0.0284,6367
-0.0758,7084
-0.151,7502
-0.232,7957
-0.0709,6928
-0.184,9975
-0.165,8542
0.488,97
-0.527,10021
-0.538,9456
0.0906,3572
0.0343,4656
-0.0672,6789
-0.428,10051
-0.187,7314
-0.0442,6592
0.132,1439
-0.0991,8033
0.459,468
0.39,386
0.636,45
-0.0219,6253
-0.0572,7104
-0.124,9778
0.29,781
0.0279,4636
-0.173,8683
0.22,2272
0.125,1637
-0.112,9507
-0.0576,7450
-0.324,10431
-0.314,9855
-0.218,9681
-0.00457,5146
0.0165,4264
-0.328,8973
0.407,533
0.244,2033
0.152,1603
-0.00307,5381
-0.275,10811
-0.233,10759
0.0266,4533
-0.321,10719
0.128,2854
0.022,4307
0.159,1084
-0.00456,5420
-0.0318,5817
-0.0318,6288
-0.0504,6508
-0.0306,6665
0.129,1630
-0.0596,7299
-0.0866,7095
-0.0169,5573
-0.207,8692
0.122,1688
-0.155,10667
0.149,1823
-0.00367,5244
0.137,2665
-0.342,9774
0.139,727
0.184,830
-0.143,8933
0.158,2248
0.0301,4515
-0.0246,5931
0.332,118
0.161,1824
-0.0799,7106
0.0581,3752
0.256,722
0.0365,4420
-0.0756,7816
0.201,677
-0.147,7672
-0.11,8153
0.122,3152
-0.273,10026
0.0671,3724
-0.0655,9334
0.245,782
-0.21,8706
-0.0793,7050
-0.181,8971
-0.0825,8627
-0.312,10453
-0.0377,6618
-0.33,10534
0.0628,2688
0.22,1504
-0.0699,7529
-0.0664,7471
0.126,2433
-0.0805,8112
0.0509,4259
-0.276,7016
0.00967,5145
-0.166,9569
0.0878,3583
-0.167,8009
0.236,2682
0.174,3175
-0.297,10252
-0.196,10567
0.39,565
0.0484,4213
0.0555,4595
-0.195,7006
0.612,28
-0.111,9201
-0.0847,7670
-0.00506,5393
0.0483,4302
0.046,4176
0.0109,5003
0.407,424
0.297,828
-0.0852,5845
-0.0427,5782
0.476,444
-0.13,9033
-0.117,7654
-0.0873,7356
-0.0649,6591
0.074,3590
0.315,248
-0.00636,6066
-0.0917,8273
-0.136,7821
0.182,2367
-0.0463,6633
-0.959,10739
0.147,1401
0.233,1201
-0.0664,7554
-0.0152,5174
-0.0381,5828
0.0865,3357
-0.162,9829
-0.0259,5767
0.076,4224
-0.302,10854
-0.104,7156
0.374,199
-0.0043,5412
0.0135,5115
0.0487,3871
0.0274,4669
0.00701,4953
0.0274,4251
0.0762,3055
-0.0721,6958
-0.0359,6207
-0.285,9073
-0.00237,4691
0.219,336
-0.0497,6888
-0.108,7522
0.0578,3610
0.104,3189
-0.911,10162
0.206,815
0.00625,5036
-0.14,8640
0.0589,3963
0.00775,5057
-0.304,10858
-0.157,9230
0.229,1123
-0.0326,5677
-0.0618,7263
0.214,323
-0.19,9824
-0.0892,7329
-0.143,9067
-0.0691,7701
0.00603,5310
-0.213,9601
-0.193,9283
0.174,2890
0.0997,1770
-0.103,8785
-0.08,8001
0.0564,3928
-0.00697,5377
0.0718,4024
-0.000781,5363
-0.0313,6182
0.0979,2607
-0.0182,5548
-0.0183,5445
-0.0979,7598
-0.0124,6023
0.00092,5198
0.124,2882
-0.185,8778
0.00824,5334
-0.0124,5723
-0.0109,6001
-0.0953,8535
0.0993,3107
-0.511,9930
0.0422,4242
0.165,3043
0.044,3598
-0.000522,5449
0.0896,4015
0.143,1787
0.0683,4060
-0.0348,6158
-0.143,8756
0.0215,4256
0.107,2157
-0.16,9452
0.0903,1467
0.0274,4700
-0.288,10529
0.144,2651
0.0749,3495
-0.102,7160
-0.344,10562
-0.0561,6198
0.114,2094
-0.0149,5764
0.192,1593
-0.437,11018
0.121,3209
-0.316,10391
0.0861,3358
0.243,442
-0.158,8095
0.246,2489
-0.195,8527
-0.491,9290
0.248,209
-0.139,8179
0.0157,4961
0.367,922
0.243,2065
-0.161,7264
0.227,69
0.125,1220
0.00762,4908
0.0138,4679
0.873,71
-0.0424,5951
-0.15,9306
-0.439,10411
0.205,1327
-0.275,10715
-0.143,9505
0.0386,4441
-0.152,9278
-0.205,10545
-0.0364,6400
-0.187,8140
-0.0883,7606
-0.106,6674
-0.0153,5611
0.000657,5325
-0.0547,6645
-0.226,10268
-0.213,9708
-0.136,8436
0.166,1682
-0.0164,6507
-0.412,9405
0.0207,4724
-0.166,8951
0.0188,4635
0.0935,3034
0.21,377
0.256,1197
0.417,1661
-0.161,9022
0.139,3379
0.00131,5122
-0.301,10140
-0.353,10098
0.0283,4785
0.259,1647
0.00276,4955
-0.224,8752
-0.0119,5795
-0.0446,6463
-0.0169,5861
-0.0612,6728
0.805,5
0.0373,4064
0.069,1571
-0.113,8564
0.135,1660
-0.201,7214
-0.216,10297
0.219,1410
-0.0795,7150
0.121,2846
-0.0777,6669
-0.469,10024
0.0783,4141
-0.0592,8439
0.0188,5061
0.171,1709
-0.2,7567
-0.059,6727
-0.108,7479
-0.124,9825
0.116,1885
-0.182,7913
-0.201,9184
-0.315,10330
-0.0721,5845
-0.146,9852
0.274,599
-0.127,6828
0.0189,4670
-0.0433,5858
0.00645,4993
0.0103,4919
0.0194,4655
0.0287,4572
-0.145,7737
-0.127,7683
-0.061,7496
-0.104,9026
-0.363,10832
-0.0362,6658
-0.155,9056
0.407,420
-0.139,7752
-0.0647,7445
-0.011,5687
-0.212,10045
-0.117,8141
0.363,1028
0.0857,2925
-0.0692,7569
0.191,2098
-0.0254,5552
0.0946,3197
-0.247,10540
-0.121,7564
0.0697,2606
-0.352,10581
-0.093,7885
0.0394,4445
-0.147,8758
0.426,1934
0.257,20
-0.176,10266
0.121,3383
-0.0724,7982
0.274,2791
-0.2,6623
0.0741,2808
-0.0706,7233
-0.118,8680
-0.244,9012
0.0867,4022
0.0991,3561
0.172,1439
0.222,535
-0.136,7152
0.0388,4563
0.339,1825
-0.0219,5257
-0.208,9548
-0.0624,7402
0.216,2060
-0.0935,7528
0.202,2665
0.243,1910
-0.0266,6822
0.188,2168
-0.000438,5206
-0.0698,6760
-0.548,10931
0.0975,3201
0.026,3938
0.154,769
0.257,1727
-0.0357,6222
0.324,1259
0.117,3584
0.244,1815
-0.157,10625
-0.151,7729
-0.149,8901
-0.437,11018
-0.165,9535
0.554,21
0.0675,1663
-0.0563,6601
0.143,1739
-0.0376,6209
0.0289,4530
0.0717,2852
0.179,2062
-0.0832,10243
-0.232,10619
0.312,392
0.0792,3565
-0.0642,7117
-0.000546,5511
-0.0309,6650
-0.199,9592
-0.153,9221
0.0599,4101
-0.124,8253
-0.0945,8509
-0.0891,8207
-0.144,7979
0.17,2329
0.156,3494
-0.0384,5692
-0.0354,7765
0.0534,3268
0.551,1642
0.163,3089
0.996,1225
0.0183,4926
-0.0042,5602
0.0799,1952
-0.106,6880
-0.057,7028
0.378,811
-0.0551,6639
-0.108,9164
0.0944,2190
0.124,3263
-0.138,9350
-0.0208,5406
0.913,54
-0.207,9803
-0.299,10196
0.119,2375
0.0617,3812
0.55,75
-0.233,8615
0.0611,3241
-0.116,9328
-0.192,10417
-0.177,8878
-0.825,10393
-0.126,8424
0.129,1998
-0.0614,7687
0.16,2808
-0.364,9373
0.136,3236
-0.0646,8090
0.0867,1487
0.205,1750
0.145,1208
-0.285,10312
0.341,994
0.0524,4207
0.0974,2093
0.0224,4775
0.075,4071
0.123,2549
0.554,577
-0.204,8615
0.0142,5019
-0.127,9019
0.0804,2644
0.235,1357
-0.155,9972
0.0384,4381
-0.0335,6056
0.0279,4433
0.168,2231
0.151,1735
0.039,4441
-0.126,9418
-0.0424,7229
-0.144,8462
-0.112,7567
0.233,2154
-0.199,9069
-0.228,10596
0.258,286
0.132,1207
-0.101,7316
0.376,301
0.0895,3191
-0.235,7646
-0.179,8982
0.0542,3106
0.0465,4497
-0.175,9294
0.253,1229
0.317,1497
-0.334,10937
-0.258,10225
0.0926,3205
0.178,2381
-0.0258,6025
0.0712,2804
-0.0281,6536
0.174,2440
-0.443,10395
-0.0649,7124
1.3,1104
-0.619,10499
0.0809,3730
-0.0698,8160
-0.0693,7562
-0.396,10794
-0.0658,7323
0.366,322
-0.0186,6065
-0.0627,8718
0.0305,4825
0.119,1687
0.151,1739
0.216,1650
-0.026,6320
0.12,2732
-0.166,8441
0.0597,4131
-0.0665,7027
0.0454,3595
-0.0659,7333
0.179,768
-0.163,9184
-0.098,8018
-0.143,7745
-0.0247,5599
0.267,54
-0.214,9000
-0.402,6485
-0.132,8731
0.332,2973
0.181,1785
-0.00904,5973
-0.335,10418
0.207,3214
-0.29,9287
0.145,1113
-0.269,10264
-0.211,10706
-0.134,9681
0.0588,3884
0.00554,5102
0.347,830
0.204,3015
0.0697,2709
0.0609,3769
-0.291,10011
-0.0251,5987
0.126,2594
0.0102,5113
0.0635,3354
-0.114,8186
0.0951,2328
-0.0774,6100
-0.0747,8032
0.169,1771
-0.165,10446
-0.0154,6040
0.11,2889
-0.157,9855
0.195,2238
-0.00861,5605
0.0579,4179
-0.122,9261
-0.0544,6499
-0.113,8687
-0.0806,7585
0.142,2171
-0.0312,6106
-0.106,8413
0.214,1462
0.0827,3058
0.145,2118
0.284,1064
0.126,1521
-0.236,10357
0.435,121
0.267,506
0.0975,3974
0.269,1598
0.0865,3138
0.157,2574
-0.0525,5461
0.168,1762
-0.00693,5183
0.206,1959
0.175,1988
-0.11,9357
-0.0216,5411
0.127,2590
-0.216,8079
-0.037,5985
-0.262,10818
-0.0361,6606
0.0291,4308
0.262,1529
-0.37,10341
0.027,4760
-0.00728,5411
0.19,1768
-0.698,10583
-0.508,10311
-0.473,6749
0.975,665
-0.142,9440
0.565,1317
0.414,935
0.106,2765
-0.0478,5686
0.472,242
-0.191,10710
-0.25,10923
-0.129,6687
-0.0424,6904
-0.0645,7456
0.238,1873
-0.0483,6803
0.148,420
0.0326,4569
-0.158,7939
-0.118,7397
0.278,928
-0.15,9724
-0.11,9160
-0.0672,6520
-0.165,9273
-0.112,7871
-0.433,10590
-0.156,9937
-0.145,8907
-0.0342,6364
-0.0822,7415
0.0482,4133
-0.11,7344
0.0577,3571
-0.185,9935
0.394,394
0.103,2688
-0.208,9268
0.00813,5001
0.238,735
0.0134,4943
-0.0782,5001
0.502,720
-0.123,7287
-0.265,9648
-0.0124,5932
-0.254,10172
-0.211,10811
0.493,334
-0.15,7671
-0.103,6577
-0.132,8829
-0.0141,6683
0.144,2225
0.29,1772
0.0608,3391
0.0968,2197
-0.213,10471
-0.0321,6553
0.0314,4922
0.124,878
-0.0204,6627
0.0209,4651
0.0321,4294
0.007,5067
-0.0624,7317
0.0886,3954
0.111,3339
0.238,2247
-0.318,9449
-0.0431,6235
0.00355,5142
-0.124,7675
0.00897,4960
0.0869,3465
0.524,708
0.116,2060
-0.889,9514
0.956,1119
-0.481,9694
0.141,2098
-0.163,9213
0.0709,3588
-0.164,10873
-0.0587,7364
-0.0956,9401
-0.128,8387
0.0204,4825
-0.0133,5294
1.04,50
0.0889,3900
-0.206,9445
0.443,2140
-0.323,9535
-0.233,10155
-0.0126,5311
0.0967,3335
-0.143,8375
-0.145,9333
0.205,1255
0.338,1158
-0.373,10489
0.0238,4569
-0.263,10415
0.294,1414
0.229,922
-0.273,8518
0.165,2768
0.0216,4358
-0.122,9279
0.0442,4272
-0.115,8562
0.622,290
-0.0279,5890
-0.0586,8118
-0.102,7806
-0.0352,6382
-0.334,10902
-0.0899,6894
0.11,3478
-0.122,9276
-0.145,8995
-0.0481,6347
-0.462,10843
0.881,603
-0.139,7367
-0.121,8473
0.0637,3108
0.0587,3973
-0.169,8828
-0.158,8177
-0.132,7864
0.491,13
-0.021,5655
-0.214,10189
-0.0556,6276
-0.104,6447
-0.0435,6451
0.0523,4053
-0.0144,5783
0.0423,4349
-0.251,9925
0.0056,5146
0.13,2480
0.00117,5235
0.0232,4157
0.00388,5090
0.167,2286
-0.177,8377
-0.162,8369
-0.133,7631
0.0903,2820
0.201,2099
0.614,170
-0.0761,6914
-0.0334,5780
-0.208,9122
0.238,632
-0.365,10431
-0.18,5577
0.152,2592
0.216,2424
-0.045,6021
-0.0147,5749
-0.0741,6995
0.0214,4751
-0.0381,6300
-0.129,9112
-0.137,8645
0.592,309
-0.0447,6611
-0.087,7395
0.142,2607
-0.0591,6915
0.104,2044
-0.211,9195
0.0666,3273
-0.12,5087
0.0629,3935
-0.0296,6124
0.0435,3508
0.108,3056
-0.444,10517
-0.136,10057
0.383,116
0.0768,2787
0.0441,3917
0.0638,2276
-0.431,10780
-0.134,6532
0.309,1568
0.00289,5240
-0.0217,5632
0.0112,4902
0.425,174
-0.0167,5563
0.0799,2629
0.0307,4149
-0.225,10899
-0.0552,7091
-0.116,8189
0.232,1610
-0.39,9788
-0.267,5925
-0.238,10639
-0.159,9274
0.113,1871
-0.174,7981
-0.142,8628
-0.0893,7005
-0.214,10633
0.0955,3843
-0.0451,6879
-0.0372,5959
-0.0667,6014
-0.155,10164
-0.178,10323
0.109,2704
-0.181,8549
0.00804,4935
-0.14,7393
0.0931,1781
-0.362,10820
0.0479,4558
0.0615,3690
0.811,1692
-0.0279,5657
0.184,2538
-0.442,10704
0.432,805
0.00623,4951
0.385,922
0.321,902
-0.267,10840
-0.171,9302
-0.0661,6922
0.0511,4827
0.0408,4212
-0.552,9438
-0.245,7879
0.407,845
-0.0809,6307
-0.0197,5799
0.431,874
0.306,1195
0.209,315
0.107,2185
-0.0215,5454
0.284,677
-0.00606,5641
-0.159,6803
-0.0986,9908
-0.0811,7975
0.131,2340
0.61,21
-0.0311,6094
-0.218,9357
-0.0269,6137
0.0718,3228
-0.196,6871
-0.111,6606
-0.317,8098
-0.181,9539
0.154,1821
0.0184,4669
0.137,3358
0.000447,5189
0.133,2221
-0.057,6619
0.0537,2742
-0.00338,5334
-0.234,6837
0.106,3493
-0.0364,5892
-0.296,10116
-0.306,10903
0.0178,4661
-0.0537,7600
0.0805,3241
-0.797,10955
0.0458,3089
0.195,1721
0.0183,4606
0.00775,4985
0.407,1118
0.0218,4885
0.182,1874
0.0998,3183
-0.0261,6089
0.268,212
-0.236,9509
-0.215,9953
0.699,23
0.12,1373
-0.0566,7269
0.0257,5082
-0.0771,7181
0.253,865
-0.207,9319
-0.219,9920
-0.109,8463
0.346,129
-0.0831,6474
0.387,1119
0.116,3659
0.118,2370
-0.04,6115
0.169,1995
-0.195,9371
-0.0692,5643
0.114,3593
0.0202,4487
-0.17,10414
0.0764,3590
-0.0635,6901
-0.0243,6713
0.38,1095
-0.0351,7089
0.209,1162
-0.306,10261
0.0597,4105
-0.105,7144
-0.24,9354
-0.161,9005
-0.0923,8131
0.411,246
0.0746,1973
0.341,2294
-0.195,9708
0.166,680
-0.0504,7069
-0.145,8558
-0.12,8374
-0.19,7291
0.129,3351
-0.00128,5510
-0.00806,5693
0.0263,4513
0.279,1252
-0.382,7658
-0.0975,7928
-0.41,10155
-0.0286,6787
-0.552,10422
-0.106,8168
0.368,1037
-0.177,8256
-0.0772,9031
-0.0803,7087
-0.162,8692
-0.0278,6170
0.38,1878
0.0758,2818
-0.165,10263
-0.0802,8362
-0.138,7473
-0.271,10028
0.0797,4206
0.183,1241
0.0326,4241
0.109,1431
0.253,794
0.64,28
-0.0959,8864
0.393,327
0.0883,3186
0.43,229
0.307,2153
-0.122,8811
-0.105,5926
0.0105,4810
0.129,2938
0.113,2999
0.0705,2909
0.0483,4128
0.187,1229
-0.213,8823
-0.0291,6227
-0.0359,6007
0.236,1589
0.0228,4777
-0.325,10060
-0.367,10248
-0.391,9571
0.294,1475
-0.0873,6689
-0.0569,5997
-1.29,10630
-0.32,10972
-0.0344,6566
-0.105,8673
-0.0879,8019
-0.0564,6392
-0.117,7063
0.242,1848
0.301,816
0.146,1861
-0.372,9236
-0.0444,7054
-0.0377,6070
-0.0679,6998
0.0131,5007
0.141,2158
-0.0496,7004
-0.00127,5359
-0.0353,5904
-0.232,9924
-0.0559,7455
0.0888,2372
0.0312,4483
-0.0934,7031
0.683,120
0.522,666
-0.0253,6700
0.485,194
-0.218,9479
0.5,318
0.119,3194
-0.0616,6939
-0.262,10485
0.121,2075
0.0392,4702
-0.221,8528
-0.106,7276
0.026,4677
0.0436,3541
0.115,1264
0.0381,4672
0.205,2595
0.0237,4988
0.0738,3834
-0.125,6871
-0.105,9496
0.277,1189
-0.126,8829
-0.197,6707
-0.289,4749
0.0297,4123
-0.14,9006
-0.212,9880
-0.26,10636
0.0159,5014
0.0984,3419
0.12,1121
0.0453,3507
-0.0496,7097
0.0429,4499
-0.509,8930
-0.121,7949
-0.0699,6975
-0.16,9908
-0.0376,6403
-0.082,5913
-0.251,8814
-0.135,8675
-0.0305,6680
-0.304,10989
-0.0632,6297
-0.00127,5170
-0.00273,5432
0.00306,5306
0.231,899
-0.206,8330
0.0221,4544
-0.259,10113
0.253,1245
0.101,3314
0.0554,3889
-0.0515,7742
-0.304,9953
-0.14,8821
0.488,102
-0.193,7128
-0.0985,9262
0.0251,4498
-0.124,8596
0.168,1799
-0.321,10715
0.0638,3716
-0.0836,8062
0.271,997
0.1,3189
0.0755,3331
-0.147,8087
-0.138,10387
0.0658,3527
0.0139,4542
0.028,4665
-0.118,6931
-0.371,9884
-0.203,9952
-0.0901,8365
-0.101,8642
-0.0339,5967
0.186,2234
0.164,2516
0.00329,4973
0.0938,2756
0.131,2377
0.285,1387
-0.308,10612
-0.131,10162
0.142,2063
-0.0117,5722
-0.0929,8364
0.457,710
-0.0504,6202
-0.221,9233
-0.0819,6897
0.0698,3493
0.0321,3988
0.751,36
0.491,630
0.336,507
0.539,501
-0.109,8826
0.0754,2636
-0.129,7573
-0.165,8268
-0.22,8618
-0.231,7934
0.227,918
-0.0151,5793
-0.136,8576
-0.126,7085
0.00276,5126
-0.0261,5945
-0.0567,7573
-0.047,6706
0.22,984
0.35,862
-0.213,8750
-0.114,6932
-0.342,10924
0.043,3904
0.047,4588
-0.302,10109
0.0506,4357
0.121,2031
0.233,822
0.0468,3776
0.0228,4753
-0.0462,5648
-0.0438,6639
0.00313,5209
0.0721,3200
-0.109,9784
-0.31,10180
-0.288,9861
0.334,527
0.262,914
-0.0908,7689
-0.00869,5919
0.351,422
-0.213,10024
-0.363,10471
-0.0998,8650
0.0902,2300
-0.124,10316
-0.376,10727
-0.0963,8820
-0.264,10168
0.586,797
0.147,1259
0.313,182
0.0789,2782
0.103,3021
-0.361,9918
0.22,1160
-0.123,8937
-0.297,10713
0.415,67
-0.39,9276
0.32,2043
0.267,1319
0.0499,4042
0.0225,4953
-0.271,9844
-0.11,7340
-0.153,9421
0.512,1130
-0.213,9999
0.0245,4639
-0.274,10499
-0.288,10508
0.31,340
-0.118,7999
0.121,983
-0.198,10383
-0.0785,6603
-0.208,10168
-0.294,10478
-0.538,10798
0.0894,2694
-0.0245,5882
0.168,2683
0.0303,4802
0.195,1530
0.352,2305
-0.073,7031
0.0389,3680
-0.514,10990
0.0647,4105
0.0374,4383
-0.197,9578
-0.0322,6086
-0.115,8501
0.107,2643
-0.2,9656
-0.0987,6935
0.0235,4425
0.0428,3984
-0.0135,5109
-0.0493,6900
0.188,2017
0.272,3159
0.0609,2168
-0.176,9665
-0.0679,7646
-0.283,10321
-0.165,9986
0.117,3455
-0.126,8822
0.0759,3021
-0.0253,5598
-0.112,7597
0.336,857
0.194,2571
0.459,206
-0.0592,6822
0.211,1862
-0.0361,6600
-0.205,9131
-0.226,10101
0.15,1036
-0.184,10741
0.345,1486
0.126,3011
-0.0249,5864
-0.38,8820
0.0657,2952
0.076,2274
-0.316,9709
0.00141,5251
-0.0154,5256
-0.402,9508
0.0536,2826
-0.0979,7932
-0.0174,6005
0.136,2804
-0.321,10278
0.0794,3149
-0.0883,7833
-0.128,9141
0.108,3595
-0.0651,7902
-0.353,9103
-0.147,8170
-0.0498,6709
-0.174,9991
-0.0579,6391
0.297,691
0.17,2087
0.182,2526
-0.0669,7936
0.093,3754
-0.0285,5864
0.153,2229
-0.27,8680
-0.445,8754
-0.179,9775
0.0434,3984
0.137,3875
-0.161,7210
-0.25,8848
-0.253,9512
0.0572,3511
-0.0186,5775
-0.265,10247
0.0262,4735
0.0658,1944
0.103,3356
-0.19,10577
0.304,127
-0.39,9541
0.0891,2765
0.0261,4703
-0.25,7164
-0.206,8821
-0.0132,5473
-0.0543,6221
0.162,2387
-0.0458,7050
-0.0644,6628
0.0917,2758
0.126,1810
-0.00264,5443
0.119,2739
0.299,1130
-0.657,9654
0.114,2192
-0.0851,8513
-0.0557,6731
-0.114,8067
0.145,2717
-0.107,6723
0.188,1697
0.011,4762
-0.471,9821
0.0326,4492
-0.364,8483
0.0556,4299
-0.0678,7436
-0.0584,8598
2.64,10
0.526,567
0.0985,1954
0.0366,4481
0.041,3567
-0.146,10175
0.00521,4655
0.0954,2946
-0.102,9024
-0.2,9151
0.086,2356
-0.109,9274
0.503,232
-0.0678,6297
-0.261,10084
-0.136,9679
-0.108,8685
0.0985,2737
-0.567,10844
0.26,2662
0.171,2909
0.146,2755
0.0432,4284
0.0154,4610
-0.0576,7460
-0.24,9936
-0.0377,6302
0.611,896
2.57,541
-0.0809,7431
-0.0557,7946
0.0747,3933
0.0249,4862
-0.245,9645
-0.0691,5633
-0.138,8389
-0.159,10472
0.0469,4251
0.405,556
0.0656,3586
0.491,1340
0.18,1369
-0.159,8448
0.124,1189
0.246,1523
-0.0152,5832
-0.149,7639
-0.0304,6637
0.0251,4252
0.183,1632
0.239,1366
0.241,2572
-0.439,9341
0.124,609
-0.0296,5901
-0.0604,7192
0.13,2047
-0.0359,6097
0.341,1848
-0.212,9694
-0.481,10505
0.153,3164
0.276,1799
-0.138,7674
-0.0471,5915
-0.0865,8385
0.173,150
-0.134,7130
-0.00447,5694
0.0856,3796
-0.538,10460
-0.108,8082
0.0349,4636
-0.0808,8379
0.213,1860
-0.06,6051
0.0291,4400
-0.141,8082
-0.0837,9461
-0.418,11003
-0.133,7783
-0.237,9626
-0.119,7466
0.0515,3601
0.0295,4481
0.289,817
0.235,1844
0.0378,3450
-0.0452,6406
-0.0927,8497
0.000862,5460
0.0749,3382
-0.247,9643
-0.061,6247
0.235,2238
-0.0265,6174
0.0611,3045
0.373,684
0.00937,4772
-0.019,5035
0.031,4470
-0.17,9187
0.239,2140
-0.134,8882
0.059,4177
-0.0872,7694
0.0468,3977
0.134,1748
0.00528,5159
0.135,1108
-0.0477,5970
-0.0803,6513
0.0125,4833
-0.114,8463
-0.0265,5620
-0.183,10039
-0.136,8614
0.0573,3736
-0.191,10596
-0.0827,7701
0.0054,5474
0.112,3205
0.604,207
-0.212,9468
-0.239,9409
0.146,2902
-0.0745,6681
-0.0263,5751
-0.0959,8094
-0.279,9289
-0.154,8368
0.0918,3141
-0.309,10710
0.156,2650
-0.323,7615
0.139,2547
0.238,952
0.168,1625
-0.0683,5702
0.44,914
-0.0853,6731
0.355,2018
-0.11,5213
0.449,822
-0.00741,5573
-0.236,8682
0.458,402
-0.0115,6033
0.187,427
0.0596,3841
0.00473,5076
-0.139,6645
-0.161,9551
0.0485,2775
0.00747,5071
0.373,325
0.0402,4073
0.141,1959
0.108,3365
0.09,3228
0.0573,3580
0.267,2240
0.105,2391
-0.14,10126
0.0228,4681
-0.136,8555
0.0151,4920
0.142,3329
-0.143,7932
-0.13,7908
-0.00514,5304
0.0799,3345
-0.0816,7123
0.164,2621
-0.0749,7729
-0.198,9543
-0.217,7841
0.0815,2870
-0.106,7992
0.458,789
0.307,1386
-0.346,10420
-0.738,11033
-0.0357,6985
0.0223,4832
0.015,4870
-0.151,8061
0.254,1195
-0.0273,6191
0.152,1740
0.0239,4300
-0.0231,6069
0.313,1311
0.229,2886
0.0368,4243
-0.0462,6539
0.0344,3768
-0.171,9247
0.171,3186
-0.0769,6455
-0.077,7157
-0.243,10801
-0.0486,6593
0.104,3023
-0.195,9330
-0.163,8491
0.058,3719
-0.105,8967
0.0361,4187
-0.235,9608
0.107,2761
0.16,2816
0.0414,4609
-0.122,8915
0.217,821
-0.0166,5780
-0.167,10103
0.198,1100
-0.0486,7702
-0.177,9237
-0.152,9503
0.0701,3917
-0.0256,6504
0.0199,4949
-0.146,8784
0.0448,3795
-0.0325,6273
-0.0288,6275
0.0419,3677
-0.0482,6646
-0.0318,6061
-0.0719,7719
0.294,259
0.163,2208
0.348,886
0.157,2631
0.137,1852
-0.133,7451
-0.0842,7121
0.349,287
0.0191,5097
-0.199,9426
0.215,3194
0.0581,3590
0.111,1345
0.0325,4353
-0.02,5297
-0.139,9506
0.202,2813
0.19,314
-0.0456,7115
0.0219,4807
-0.00723,5247
-0.372,9267
-0.275,9602
0.0703,2858
-0.177,10558
-0.0568,6946
0.0834,2983
0.138,3426
-0.0734,6883
0.0349,4450
-0.0399,7026
-0.118,8857
0.094,2677
0.0848,3185
0.0827,2575
-0.315,9736
0.00067,5468
0.0788,3542
-0.03,5907
-0.236,6245
0.84,1242
-0.138,9599
0.0294,3736
-0.0996,6991
-0.408,9639
-0.0371,6634
-0.446,10289
0.107,3235
-0.0568,7445
0.0494,4503
0.023,4630
0.0316,4504
-0.0509,6122
-0.461,10624
-0.0222,5663
-0.293,10187
-0.412,10411
-0.149,9570
0.0387,4195
-0.0227,6528
0.147,885
0.0098,5151
0.293,354
-0.0118,5448
-0.321,10923
0.0192,4381
0.0334,3770
0.0421,3967
-0.099,7640
-0.0607,6158
-0.152,9470
0.0234,4529
0.0171,4749
-0.113,8996
-0.385,10990
0.0717,2083
0.0678,4652
0.0783,3150
0.106,2703
-0.00474,5227
-0.0478,5387
-0.142,8616
0.244,979
-0.0352,6674
-0.0646,8669
0.28,1489
-0.198,10372
-0.0883,7337
0.267,491
0.115,2464
0.279,572
0.309,45
-0.00104,5403
0.0836,2216
-0.0692,7145
-0.14,9643
0.103,2316
0.0555,3872
0.217,1762
-0.373,9529
-0.437,8503
0.0478,3343
-0.00756,5754
-0.303,10806
0.0648,3650
-0.16,8240
-0.00843,5556
-0.0181,5847
-0.0314,6428
-0.197,9741
0.061,3750
0.214,2234
-0.384,10688
-0.0497,7325
0.0569,3487
0.102,2747
-0.0318,6459
1.43,34
0.0321,4027
0.0445,3949
0.116,3086
0.0925,2464
0.365,1240
0.25,875
0.0456,4321
0.138,1949
0.0717,2992
0.34,481
0.0999,3843
0.0616,3668
-0.59,7840
-0.0218,6283
-0.291,10952
0.151,2935
0.241,2445
0.112,2692
-0.225,8178
0.445,159
0.0861,2792
-0.357,10359
0.257,1468
-0.0243,5636
-0.137,8217
-0.00815,5956
0.1,3148
-0.0475,5957
-0.293,9211
0.168,2960
0.21,764
-0.26,10990
-0.0306,7135
0.218,1518
-0.141,6692
-0.197,9352
0.126,2634
-0.0775,5556
0.0525,2788
-0.132,7810
0.0594,3805
-0.447,10518
-0.0996,8416
-0.0274,5466
0.0275,4490
-0.125,8677
0.0914,3689
-0.0695,4723
-0.0236,5860
-0.193,10328
-0.325,10666
-0.0339,5632
0.591,208
-0.404,10328
-0.407,9216
-0.00962,5661
0.135,1996
-0.0457,5811
-0.133,8787
0.0321,4654
-0.101,8913
0.212,455
0.177,803
0.0508,4266
-0.00596,5164
-0.278,8745
-0.0189,5676
0.0507,3727
0.0957,2437
0.215,2877
-0.0955,7878
-0.000442,5368
0.128,2186
-0.218,10757
0.337,888
-0.00502,5581
-0.0387,6201
-0.272,10327
0.244,2402
-0.14,9082
0.366,494
-0.293,9699
-0.11,10119
0.0494,4431
-0.133,9485
-0.0386,6355
0.221,249
-0.195,8426
-0.000813,5318
-0.174,9131
-0.00368,5179
-0.0515,7105
0.0495,3134
-0.174,8247
-0.0511,6417
-0.0483,6834
-0.214,9312
0.303,931
-0.196,10398
-0.558,10818
-0.251,7026
0.194,1600
-0.0989,7240
-0.0141,5845
-0.194,10587
-0.152,7476
0.271,2135
-0.109,8990
0.672,1046
0.293,730
-0.0521,7691
0.358,318
-0.31,7420
0.052,4116
-0.436,10080
-0.0856,9931
-0.0303,6436
-0.0013,5425
0.208,1801
0.158,2157
-0.147,8484
0.12,2197
0.121,2577
0.00907,5123
-0.0617,6945
-0.0485,6065
0.286,847
-0.199,10141
0.284,1214
0.408,810
0.121,2720
0.591,253
0.337,2258
0.235,854
-0.00433,5389
0.179,1847
0.315,1142
-0.128,8717
-0.131,8320
0.194,1454
1.34,119
0.188,421
-0.0156,5648
-0.0338,6893
-0.443,10995
-0.272,10740
0.0493,3324
0.148,2544
0.239,1266
-0.0445,6390
-0.0201,5318
0.154,1542
-0.0746,6668
-0.244,6253
-0.224,8745
-0.0594,6855
-0.324,9381
-0.0917,7780
0.464,844
0.363,1252
0.12,3018
0.0619,4076
0.0457,3787
-0.0718,9041
0.018,4572
-0.135,8611
0.0817,3348
0.501,1086
0.0876,2013
0.0542,3932
0.0494,2683
0.136,3012
0.0561,4202
1.45,690
-0.27,8197
-0.0134,5700
0.138,2766
0.106,3460
-0.138,9951
-0.217,7969
-0.246,8722
0.109,2809
0.181,1673
-0.335,10896
-0.0742,6871
-0.216,9822
0.00419,4968
0.0443,3653
0.196,452
-0.212,9870
0.0963,2706
-0.0777,7151
-0.0753,6909
-0.102,8521
0.0657,3970
-0.00951,5897
0.0265,4804
-0.161,7573
0.0839,3528
-0.278,10959
-0.0857,7398
-0.165,8483
0.306,626
0.16,2377
-0.571,10409
0.206,1373
0.0602,2504
-0.185,10456
-0.0696,7810
-0.00163,5357
-0.159,9284
-0.13,9035
0.061,3721
-0.53,10703
0.0887,3700
-0.0957,7181
-0.067,6055
0.269,493
-0.0467,8959
-0.234,10127
-0.0157,6024
0.0624,4069
0.137,1200
0.0397,4436
0.29,399
-0.012,5360
0.102,2530
0.125,3030
-0.0111,5778
-0.00925,5662
0.0192,4669
-0.0388,6184
0.00769,5567
-0.327,10787
-0.0118,5355
-0.339,10101
0.016,4751
-0.0915,7397
-0.101,6078
0.225,1425
-0.328,9588
0.0334,3883
-0.105,8155
0.225,599
0.166,3231
-0.0152,5926
-0.59,10094
-0.0537,7093
-0.154,8957
0.297,1232
-0.053,6568
0.0289,4672
0.254,2971
0.0127,4666
0.0263,3940
-0.248,9496
0.0723,4104
-0.0679,6614
0.409,1383
-0.0614,7205
0.428,562
0.12,2590
0.152,2009
-0.124,5786
-0.0362,5777
-0.157,9575
-0.066,7701
0.141,3113
-0.296,10523
-0.36,10983
-0.272,8465
0.0439,3932
-0.00834,5806
-0.0706,6485
-0.0964,7679
-0.0272,5853
-0.295,10220
0.0728,3270
-0.118,8569
-0.0118,5630
0.194,1274
-0.132,9404
0.0761,2994
0.0156,4964
0.0171,4913
-0.0899,6899
0.213,1628
0.152,921
-0.338,8885
-0.112,9389
0.151,1974
-0.138,7824
0.192,473
-0.309,8457
-0.0651,6721
-0.0322,6550
-0.152,9513
-0.103,6123
0.16,2534
0.0867,4159
0.136,648
0.0913,2080
-0.103,7696
0.428,54
-0.278,10494
-0.23,9417
-0.0946,7652
-0.205,8531
0.109,2723
-0.207,9299
-0.149,7397
-0.402,10920
0.00151,5265
-0.0352,6202
0.191,2751
0.213,2039
-0.225,9438
-0.368,10311
-0.156,7637
0.119,2956
-0.226,8364
0.63,1012
-0.335,7716
-0.212,9972
0.147,562
0.147,786
-0.147,8659
-0.0566,6622
0.0599,3886
-0.191,8923
0.0263,4655
-0.138,8648
0.0795,3835
-0.0613,6345
0.0477,4170
-0.181,9895
-0.449,10827
0.164,2950
-0.0707,7112
0.0413,3922
-0.218,8146
0.034,4266
-0.133,8911
-0.0224,7271
-0.347,10451
0.507,261
-0.328,10224
-0.136,8308
-0.147,9679
0.222,875
-0.295,10771
-0.0436,6842
0.0401,4417
0.268,1085
0.000307,5432
-0.0706,7322
-0.447,8088
-0.00399,5316
-0.256,9473
-0.0279,6545
0.294,547
0.125,1866
-0.282,10259
0.4,577
-0.358,9150
-0.0883,6041
-0.0588,8454
-0.208,9999
0.0704,3558
-0.366,10102
-0.216,7668
0.371,2426
-0.348,10613
0.171,2007
-0.278,10795
0.0424,4490
-0.00144,5262
-0.122,7460
-0.148,8979
-0.181,8427
0.202,925
-0.124,7540
-0.163,7961
0.0791,3535
0.212,1217
-0.158,10131
-0.2,8632
-0.233,8641
0.012,5160
-0.0575,6462
-0.0399,7248
0.0378,4332
-0.0624,7267
-0.0329,5676
0.00621,4822
-0.147,7005
0.131,2127
-0.0187,6365
0.0443,4413
-0.292,10456
-0.114,8108
0.231,2467
0.0204,4599
-0.207,9838
0.111,2469
0.0943,2762
0.0734,3246
0.0812,2609
-0.0677,7258
-0.0713,6873
0.237,2045
0.184,1901
0.0881,3240
-0.203,8324
0.0958,2937
-0.24,9729
-0.364,9559
0.103,2783
0.483,725
-0.211,7911
-0.108,8543
0.0138,4791
-0.0124,5591
0.04,4253
0.107,1990
0.00166,4955
0.0297,4354
0.0745,2615
-0.673,9874
-0.203,9567
0.0955,3303
0.237,1175
-0.272,10788
0.103,3401
0.105,3247
0.226,2568
0.0648,3767
0.052,3064
0.128,1461
-0.0371,7022
0.0344,4297
-0.274,10821
0.0109,4880
0.493,2561
0.00536,5110
0.208,798
-0.194,9973
0.0681,3621
-0.0621,5853
-0.0281,6566
-0.119,8975
0.0342,4155
-0.515,10067
-0.00016,5468
-0.123,10762
0.0478,3699
0.39,155
-0.516,7845
0.256,1283
-0.0441,8086
-0.0838,9982
-1.2,10400
-0.438,6958
-0.0594,7907
-0.167,10268
-0.0588,6831
-0.137,8378
-0.303,9759
0.157,2600
0.0382,4226
-0.0282,6115
0.108,3056
0.165,3217
0.167,1823
0.0237,4869
-0.285,10528
0.224,184
0.0788,2728
-0.0797,7002
-0.0736,6337
0.00879,5296
-0.236,9657
-0.169,9239
-0.0768,8355
-0.197,10447
0.0417,4459
-0.527,10245
-0.422,10520
0.0988,2524
-0.156,9184
-0.0565,7360
-0.184,10114
0.0126,5046
0.403,2302
-0.397,10928
-0.0439,7095
-0.129,8670
0.0151,4996
-0.0382,6620
0.42,2102
0.032,4296
0.0936,3102
-0.107,7819
-0.114,8536
0.0225,4817
0.205,882
0.0973,2414
-0.00305,5090
0.158,1777
-0.195,8927
0.0475,3974
-0.098,7876
0.0433,4254
0.124,593
-0.0373,6052
0.277,371
0.155,3244
0.0702,3178
-0.064,8279
0.0814,2625
-0.177,9567
-0.539,9280
0.0105,4914
-0.238,9067
0.0592,3039
0.233,326
0.0996,3118
0.435,289
0.117,2605
0.0809,3702
-0.0379,6007
0.0286,4316
-0.185,8337
0.0819,3209
0.455,782
0.249,2109
0.0421,4160
0.096,3463
0.112,2077
-0.0952,7483
-0.158,8642
-0.33,10103
0.319,541
-0.069,8322
-0.359,10963
-0.261,10167
0.184,1362
-0.0738,7075
-0.0446,7645
-0.077,8406
0.209,1007
-0.3,9358
-0.294,6046
0.247,1281
-0.045,6851
-0.189,9582
0.296,347
0.112,3104
0.0504,4346
-0.0333,5893
-0.0368,6266
-0.0823,7408
2.14,112
0.427,2773
-0.0134,5597
-0.0116,5157
-0.0128,5284
-0.133,6698
-0.26,10931
-0.28,9603
-0.416,10123
-0.00063,5248
-0.0158,6459
-0.162,9081
0.0105,4988
-0.467,10386
-0.136,9278
-0.0338,5580
0.0248,4487
0.238,281
0.0201,4442
-0.271,8272
0.818,87
-0.0115,5971
-0.00751,5452
0.3,154
0.228,1128
-0.0955,6505
0.0547,4448
-0.0863,7412
0.146,2062
0.191,1346
-0.109,8670
0.172,1953
-0.0997,6899
0.242,2034
0.136,2085
-0.232,10007
-0.00246,5292
0.0132,5220
-0.0114,5191
0.00116,5202
0.0588,3726
0.116,1411
-0.228,8796
-0.112,9155
0.173,1978
0.0292,4566
0.132,2839
-0.197,10672
-0.17,9505
-0.147,6719
0.232,684
0.237,239
0.165,1556
0.0461,4233
0.26,860
4.14,63
0.357,1185
-0.0147,5846
0.114,1299
-0.0484,6664
-0.237,6551
-0.18,9432
-0.00569,5641
0.000119,5416
-0.0467,7182
-0.128,9465
-0.431,9809
0.31,1899
-0.0876,7984
-0.0856,7997
0.25,777
-0.287,10597
0.206,1969
0.323,992
0.013,4540
-0.273,9122
-0.0877,7399
0.459,61
0.089,3992
0.0177,5333
0.0214,4176
-0.155,9978
0.065,3612
0.0327,4395
0.339,1012
-0.209,9256
-0.133,8140
0.0969,2729
0.0936,3318
-0.0205,5828
-0.134,7475
0.515,538
0.163,1242
0.219,887
0.173,2953
0.492,71
0.479,248
0.0442,4118
0.183,1090
0.0222,4390
0.402,463
-0.135,6720
-0.365,9957
0.0378,4784
0.0243,4566
0.152,1274
-0.193,9503
-0.142,7813
-0.303,10776
0.00389,5265
-0.0385,6944
0.0964,3320
-0.234,10063
0.375,107
-0.194,9667
0.245,833
0.157,1804
-0.281,10479
-0.154,9233
-0.0831,6822
-0.18,9159
0.0642,3884
-0.0769,8199
0.00827,5081
0.426,453
0.17,1788
-0.159,8477
0.0199,4621
-0.0391,6392
-0.0596,6637
0.087,2734
0.0918,2867
0.575,86
-0.198,10616
-0.11,10283
-0.283,9169
-0.0931,8463
-0.388,9783
0.055,4153
-0.0421,7187
-0.137,10775
-0.0306,6078
-0.0735,6973
-0.262,10489
0.306,2023
0.0456,3822
0.104,2107
-0.0742,7949
0.697,146
-0.38,7790
-0.0367,5575
-0.0547,6702
0.363,34
0.304,626
0.128,1701
0.019,4673
-0.204,8845
0.0831,2977
0.263,50
0.151,1710
0.0465,4134
0.18,1055
0.0102,4857
0.295,95
-0.0107,5562
-0.418,10828
0.29,1076
-0.12,7910
0.214,2610
0.0779,3582
-0.165,8584
-0.558,9635
-0.196,8019
-0.0167,4891
0.215,2469
0.0568,3841
0.0832,2825
0.122,2312
-0.122,8544
0.274,1652
-0.324,6397
0.285,181
-0.341,9466
-0.334,10413
-0.291,9863
-0.39,10673
0.293,919
0.136,1543
-0.169,9674
-0.0883,8222
-0.337,7349
-0.0856,7165
-0.0135,5519
-0.00418,5205
0.182,1370
0.279,1741
0.0274,4589
-0.329,8473
0.645,942
0.0801,2529
-0.0172,6319
-0.0396,6393
-0.0697,7064
-0.152,6282
0.162,1459
-0.0631,7154
0.36,310
0.182,1527
0.361,752
-0.194,8691
-0.0223,5939
-0.0537,7112
-0.256,10928
-0.0966,7643
-0.277,10119
-0.147,10449
0.0947,2966
-0.0234,6713
0.284,626
-0.407,10626
0.0805,3259
0.473,163
-0.105,7867
-0.188,10902
-0.233,10640
0.199,1417
-0.0488,6914
-0.161,6025
0.0595,4240
0.0603,3316
-0.363,10920
0.0496,3975
0.801,126
-0.0334,6326
0.223,3071
-0.0654,8809
0.0432,3039
-0.127,7320
-0.0519,5944
0.373,584
-0.14,8175
-0.187,8659
0.0453,3599
-0.0907,7743
0.0227,4724
-0.302,9676
0.0615,3832
0.0344,3671
-0.216,8807
-0.0553,6889
-0.00397,5684
0.281,1310
-0.116,7208
-0.226,10757
0.134,1725
-0.0518,6269
-0.0765,6093
-0.403,10343
-0.428,8727
-0.0167,6197
-0.0639,8611
0.0328,4557
-0.205,10073
0.0458,4674
0.133,2381
0.055,3858
-0.0618,7688
-0.371,10162
-0.0977,7376
-0.0158,5628
0.0827,2983
0.0658,2353
0.00138,5161
-0.282,9600
-0.0999,8531
-0.226,8954
-0.0929,7191
-0.00987,5661
0.0113,4885
0.515,375
-0.255,8738
-0.0529,6851
-0.261,9090
0.15,2834
-0.0309,5855
0.0813,2842
0.0339,3811
-0.095,8758
-0.131,9304
-0.0613,6926
0.128,1741
-0.185,8554
-0.118,8538
0.0796,2687
-0.323,10747
0.0856,3334
-0.111,7895
-0.284,9663
-0.00263,5779
-0.154,10254
-0.0788,7947
-0.111,7374
-0.373,10801
-0.219,10402
-0.185,9847
-0.0891,7492
-0.0454,6667
-0.0163,5389
0.228,1191
-0.0233,5762
-0.017,5792
-0.119,8061
-0.443,11022
0.0126,5184
0.296,1750
-0.0678,7909
-0.23,10062
-0.0179,5397
0.0758,3283
-0.0993,7831
-0.103,7303
0.109,3742
0.0378,4450
0.115,1052
0.0442,4287
-0.208,10402
0.0542,4329
-0.081,6570
-0.208,10553
0.174,938
-0.0103,5354
0.612,121
0.152,3050
-0.476,10641
0.164,731
0.203,739
-0.114,10291
0.225,2120
0.0897,3533
-0.0643,5655
0.0297,4623
0.0673,2878
-0.129,9526
-0.0362,6939
-0.00808,5386
-0.0462,7180
-0.0437,6756
-0.203,9536
-0.00218,5529
-0.0594,6908
0.0291,4588
-0.0397,6609
-0.0137,6179
-0.267,10548
-0.0144,5775
-0.224,9851
0.0851,3644
0.0675,3530
0.114,3355
0.0826,3252
0.19,1651
-0.0439,6678
-0.252,9007
0.0802,3580
-0.128,7999
0.496,40
-0.134,8941
0.211,2445
-0.163,7078
0.00685,4975
0.132,2663
0.125,3344
0.205,1792
-0.0978,7080
-0.0965,8662
0.0725,3794
0.00636,5188
-0.233,9048
-0.0542,6295
0.0987,3644
-0.0786,6839
0.213,1350
0.161,910
0.0762,3453
0.0284,4731
0.3,1418
0.0269,4575
-0.318,10470
-0.155,9369
0.00135,5293
0.221,956
-0.0983,7942
0.0911,3122
0.0728,3017
-0.243,10937
-0.14,6758
0.0959,3669
-0.274,10430
0.153,2182
-0.0504,8108
0.149,2050
-0.151,8957
0.0587,3982
0.00514,5292
-0.209,9519
-0.558,11003
0.00196,5194
-0.254,10707
0.188,1775
0.11,2900
0.0566,3876
0.0806,3739
-0.034,6288
0.00276,4925
-0.026,5829
0.0777,3981
-0.529,9233
-0.049,7201
0.115,905
-0.0745,7397
0.0621,3856
-0.0624,7369
1.24,1090
0.0489,3265
-0.174,10444
-0.0889,7499
-0.537,10845
0.636,495
0.135,2793
-0.0115,5685
-0.0293,6131
-0.152,8448
-0.0865,7299
0.158,1255
0.275,3170
0.194,1753
0.109,2328
0.122,2501
-0.176,8819
0.328,985
-0.206,7910
0.0957,1435
0.0725,3160
-0.00513,5504
-0.115,8614
0.174,1405
0.755,456
0.129,1322
-0.171,8242
0.000787,4665
-0.184,9845
-0.256,10382
0.134,1385
0.0247,4377
0.00117,5162
-0.133,7903
-0.0191,5920
0.116,2993
-0.0159,5727
-0.0256,6445
-0.0201,6290
0.0844,3107
-0.146,8478
-0.107,7271
-0.0367,5441
0.233,1254
-0.0362,6718
0.156,2563
0.209,2789
-0.129,8334
0.185,1910
0.137,1303
-0.036,6468
0.251,1625
-0.228,10214
-0.524,10514
0.0199,4876
0.0491,2766
-0.0518,7272
-0.168,8408
0.182,1818
-0.325,9573
0.171,2370
0.108,2031
0.0392,3624
-0.149,9530
0.321,681
0.367,674
0.0159,5120
-0.0378,7131
0.00973,4865
0.736,300
0.18,888
0.516,183
-0.0311,5354
0.263,389
0.126,2364
-0.141,8039
-0.0994,6491
-0.255,9496
0.181,2921
0.0625,3712
0.182,1219
0.204,1941
0.31,1286
-0.0244,5953
0.102,3963
0.0863,2831
0.00791,5201
-0.238,9376
0.0498,4055
-0.198,7056
-0.0253,6006
-0.122,9997
-0.0637,7215
0.183,2374
0.0656,4084
-0.0707,5658
0.183,2407
0.012,4798
0.00367,4934
-0.0751,7493
0.12,2010
0.115,1958
-0.105,6829
-0.0523,7821
-0.0574,6890
0.0407,4443
0.123,2194
-0.555,8208
-0.102,5391
-0.03,6158
0.0735,3538
-0.209,10521
0.129,3308
-0.0611,6849
-0.0298,5454
0.224,1264
0.042,3943
-0.237,10065
-0.762,9670
-0.0141,5858
0.111,3452
0.0702,2229
-0.246,9972
0.622,11
0.195,2314
0.449,73
0.159,2720
0.0633,3386
0.142,2699
-0.271,10104
-0.196,9336
0.0408,4444
0.169,2785
-0.0713,8162
0.361,276
0.0511,4162
0.0971,3231
-0.0553,6135
0.111,3429
-0.00584,5902
0.028,4455
-0.1,8222
0.0598,3557
-0.0328,5629
0.00944,5198
0.0879,2548
0.397,125
-0.094,7036
-0.178,9180
-0.0421,7491
-0.535,10481
-0.0487,7253
-0.0519,8115
-0.000653,5403
-0.161,10234
-0.351,10827
0.0693,3452
0.0234,4740
0.067,2903
-0.0387,6747
-0.0885,6670
-0.224,9075
-0.203,6981
-0.0358,4780
0.0591,2415
-0.0961,9492
-0.254,9462
0.028,4329
-0.0147,5496
-0.483,9953
-0.0396,6800
-0.0469,8525
0.115,3752
0.261,3012
-0.363,8071
-0.411,10272
-0.137,7119
-0.0758,8549
-0.316,9904
-0.0347,5996
0.0157,4997
-0.0342,7267
-0.0512,7313
-0.335,10797
-0.244,9359
0.00929,4749
-0.193,9085
-0.309,10306
-0.139,10097
-0.146,9157
-0.414,10492
0.024,4758
0.349,970
0.218,863
0.503,130
0.0783,3740
-0.0967,7169
0.183,2139
-0.178,7331
-0.0598,6507
-0.000707,5489
0.211,522
0.561,1904
0.544,601
-0.164,7435
-0.024,5856
-0.128,9687
-0.0733,8094
0.152,3691
0.0417,4497
-0.621,8870
-0.389,9187
0.0302,4736
-0.374,6750
0.749,506
-0.0758,6729
-0.061,7148
-0.204,7915
-0.0292,6297
-0.0575,6946
0.139,2512
-0.142,8404
0.0773,2874
-0.00322,5477
0.17,2713
-0.0271,5904
0.00597,5091
-0.098,6677
-0.432,10993
-0.000234,5377
-0.0273,6626
-0.145,7005
-0.0453,7002
-0.0273,6144
0.529,688
0.299,426
-0.123,9436
0.104,2684
-0.063,7197
0.163,1955
-0.135,10358
0.068,2687
0.0391,4606
0.3,1505
-0.172,7097
-0.121,8052
0.135,3005
-0.192,10939
-0.587,10034
0.363,1960
-0.0137,5521
-0.215,9378
0.0198,4776
-0.13,9148
-0.0752,7680
-0.00713,5584
-0.0264,5842
0.107,2750
0.0378,3846
0.00372,5211
-0.0687,7034
0.0423,4121
-0.0965,7109
0.0651,4057
0.121,1477
-0.0813,9128
0.105,3542
0.00901,4557
-0.255,6641
-0.141,9041
0.0942,3059
0.0855,3205
0.0717,3984
0.244,717
-0.0203,5871
-0.00896,5341
-0.064,7642
-0.145,6896
0.0269,4550
0.0112,5074
0.108,3100
0.216,392
0.0111,5155
-0.111,7373
-0.148,9230
0.469,1206
0.725,154
0.0303,4201
0.223,1414
-0.185,9466
0.0353,4299
-0.189,9622
-0.0386,6558
-0.0446,7047
-0.232,10468
0.17,2696
-0.0748,6570
-0.179,9133
-0.155,5760
0.271,111
-0.445,10857
-0.183,8203
0.106,2529
-0.0637,6409
0.242,141
-0.108,7053
-0.293,10067
0.15,2233
0.15,1576
-0.012,5377
-0.115,9412
0.131,1522
0.0822,1749
0.182,1555
-0.243,9911
-0.103,7162
0.586,2248
0.165,1345
0.109,2018
-0.26,9802
-0.044,6775
-0.0206,5133
-0.0841,5969
0.0521,3868
-0.0119,6242
0.548,415
-0.154,9402
0.109,3103
0.183,1163
-0.183,8817
0.175,1567
0.35,716
0.0878,3339
-0.132,8932
0.149,2288
-0.137,10733
0.166,529
-0.172,9414
0.0124,4854
0.535,406
-0.103,8687
0.0414,4555
-0.0648,7244
-0.192,8822
0.0688,4163
0.125,2027
-0.425,10641
0.154,1082
0.217,640
-0.0438,6392
0.223,1963
-0.00892,5625
-0.078,6542
-0.0693,7906
0.312,522
-0.193,9102
-0.064,7276
0.543,2202
-0.0935,8332
-0.161,8666
-0.105,9091
-0.078,7777
-0.182,9600
0.258,1091
0.538,1304
-0.0699,7281
-0.0851,7979
-0.133,9963
0.00366,5117
-0.0406,5957
-0.102,8323
-0.154,10356
-0.087,8933
-0.175,7795
-0.0331,5922
0.024,4653
0.263,1728
-0.0305,6441
-0.22,9580
0.174,2961
-0.416,10945
-0.206,8097
0.165,1933
0.0562,3610
0.229,607
-0.0768,6642
-0.399,10470
0.0242,4338
-0.269,9912
-0.182,8670
0.0103,5029
-0.164,8796
0.202,2339
0.691,1537
-0.166,9739
-0.358,10331
-0.0859,7266
0.184,656
0.159,2954
0.167,604
-0.0267,6206
-0.325,10958
0.197,1448
-0.317,10281
-0.133,6727
0.128,3377
0.00689,5108
0.132,2123
0.411,2447
0.0649,4036
0.269,1258
-0.0324,6361
0.0616,3518
-0.0436,7311
0.104,1550
0.0557,3142
-0.0416,6278
0.0505,3624
0.00454,5016
-0.0818,8050
-0.0138,5661
0.359,59
0.0582,3984
0.108,1686
-0.055,7142
-0.114,9529
-0.137,7765
-0.017,5929
-0.65,10982
-0.366,10125
-0.163,8411
0.0201,4816
0.000836,5414
0.0696,3599
-0.0231,5805
-0.18,8435
0.173,1851
-0.107,9886
0.0147,5198
-0.0781,6631
-0.0684,7898
-0.0965,8003
-0.151,9798
0.137,539
0.0973,2781
-0.141,8209
-0.373,10385
-0.117,6796
-0.189,9934
0.0644,2639
0.394,747
0.00783,5100
-0.0484,6014
-0.619,9621
0.000138,5408
-0.0181,5628
-0.191,6929
-0.137,8511
-0.306,10442
-0.136,9319
-0.211,9525
0.0267,4455
-0.0842,6653
-0.0551,6850
-0.0766,5585
0.327,1616
-0.0814,8174
0.031,3485
-0.00256,5464
0.187,1370
0.135,872
0.199,2076
0.103,2059
0.00253,5297
-0.13,7701
-0.199,10464
-0.0925,6145
-0.373,10823
0.126,1758
0.081,1700
-0.301,10652
0.048,3846
-0.258,9118
0.0137,4635
0.101,2093
0.198,524
0.0609,4355
0.0475,4571
-0.184,8861
0.0627,3580
0.113,4158
0.0805,2404
-0.125,8423
0.0461,4327
0.0689,4141
-0.015,5681
-0.106,8889
-0.316,10486
-0.182,6802
0.157,2452
-0.0692,7568
-0.17,8538
-0.357,10959
-0.15,8184
-0.0112,5761
-0.155,8880
-0.0737,7785
-0.626,10432
0.0911,622
0.0486,3544
-0.329,11006
-0.161,8980
0.277,1812
0.00814,5165
-0.239,10004
-0.102,8956
-0.196,10364
-0.12,8049
0.154,1682
-0.18,7619
0.232,1832
-0.0537,7058
0.301,986
-0.114,8112
-0.124,6912
0.167,2029
0.0653,3399
0.0438,4075
0.0281,4369
-0.0351,6222
0.186,2208
-0.0836,7867
0.0926,3858
-0.32,10630
-0.229,10068
-0.216,9206
0.00563,5185
-0.0442,7023
0.0105,4930
-0.035,6070
0.257,1296
-0.00483,5290
0.468,450
-0.00652,5192
0.184,373
0.0316,4466
0.12,2431
-0.212,9206
-0.441,9636
-0.427,9825
-0.0192,6470
-0.0647,6603
-0.338,10125
0.372,401
0.0592,4383
-0.22,9910
-0.253,10806
-0.0124,5997
0.422,1520
-0.256,9891
-0.237,8504
0.0573,4074
0.158,1852
-0.159,7812
0.451,32
-0.211,9114
-0.101,8353
-0.328,9203
-0.0117,6133
-0.139,10453
0.205,1466
-0.523,10968
-0.292,9933
0.0495,4477
-0.213,10044
-0.101,9212
0.173,1380
-0.0329,6314
-0.187,8310
-0.0671,6846
-0.0357,7710
0.0727,3842
-0.141,7360
0.13,1946
-0.22,9844
-0.0833,6629
-0.169,8885
0.0465,1599
-0.0936,7688
-0.155,8223
0.113,3593
0.161,1654
-0.00846,5825
-0.125,8205
-0.156,5872
-0.187,9654
0.136,3008
-0.28,10877
0.279,294
0.0955,2849
-0.236,10080
0.0954,3521
-0.339,10767
-0.0443,6508
0.108,1672
-0.0626,8850
-0.121,7159
0.248,575
-0.17,7556
-0.193,10068
-0.2,9796
0.0138,4909
0.0273,4302
-0.252,9276
0.0195,4862
0.144,3672
0.0741,1413
0.0377,3785
0.0392,4493
0.0127,4997
0.836,4
0.14,2455
-0.0579,7562
0.0693,3155
-0.104,7247
-0.129,7566
-0.225,10759
0.00441,5056
0.0497,3453
0.0862,2741
-0.184,9105
0.0118,4959
-0.301,7114
0.146,2566
0.434,233
0.0543,2792
-0.169,8339
0.0356,4348
-0.275,10418
0.428,150
-0.0387,6533
-0.202,9908
-0.128,7615
-0.487,10079
-0.237,9629
0.228,1462
-0.0672,7681
-0.138,8098
-0.393,7985
0.265,1088
0.153,3041
0.665,56
-0.00297,5722
-0.0411,6572
-0.252,9764
0.155,1648
0.345,234
0.147,2340
0.0902,1723
0.198,599
-0.09,6790
0.0843,3569
0.0813,3782
0.0431,4396
-0.00101,5463
0.00177,5330
0.325,943
0.292,1035
0.0181,4955
0.375,563
0.101,2630
0.0739,2774
0.434,1315
0.0803,3897
0.895,1728
-0.254,9000
0.122,1930
0.11,2252
0.0562,4272
0.0391,4605
-0.158,10052
-0.00586,5744
0.0349,4173
0.124,1849
-0.417,6912
-0.118,7662
-0.0396,7006
0.0759,3970
0.0688,3891
0.111,2609
-0.743,8274
0.0819,4099
-0.189,9520
-0.226,7570
0.203,2293
0.0696,2980
0.204,3148
-0.00571,5729
0.671,369
-0.0675,7578
-0.09,8231
0.0411,4413
-0.137,7792
-0.0791,6227
-0.271,8112
0.436,635
-0.0475,6051
-0.176,8668
-0.258,9625
-0.015,5670
1.41,937
-0.00523,5458
0.0439,3433
-0.0432,5816
0.0261,4781
0.216,3108
0.751,123
-0.0544,7149
-0.305,10539
-0.0561,7221
0.241,2063
0.112,2862
0.115,3792
-0.363,9623
-0.0454,7093
-0.0206,5737
0.171,2376
0.031,4235
-0.455,9672
-0.13,8060
0.0203,4362
0.181,1135
0.0634,4524
-0.307,10089
0.56,2206
-0.0341,5764
0.114,2116
0.16,380
-0.145,8173
-0.201,10223
-0.356,10140
-0.0546,7078
-0.0683,7442
-0.145,10035
-0.0459,5792
-0.0535,6472
-0.172,8623
-0.0413,5868
0.0771,3047
0.0525,3168
-0.154,8074
0.0135,4840
-0.224,7551
0.213,2391
0.00687,5297
0.0353,3310
-0.0394,6276
1.16,235
0.0815,3857
0.0113,4987
-0.0142,5587
0.0414,3265
-0.24,9986
-0.24,9704
-0.0336,6357
0.0168,4660
-0.0301,6381
-0.0228,6491
-0.44,10174
0.0989,3027
0.157,2665
-0.373,10759
-0.0576,6532
0.0886,2867
-0.181,10121
-0.0318,7032
-0.289,10282
0.384,1281
0.0821,2280
-0.339,10462
-0.131,8739
-0.0375,5870
-0.0561,6028
0.197,1645
-0.129,9609
0.0551,3889
0.301,468
0.511,811
0.00413,5253
-0.458,8520
0.0411,4241
-0.354,10353
0.294,1659
0.608,851
0.388,552
-0.0931,7537
0.291,432
0.135,1300
0.0711,3011
0.0501,3989
-0.152,7617
-0.137,8167
0.139,1611
0.138,2138
-0.188,9603
-0.077,8321
-0.0464,5526
0.24,1261
0.0232,4645
-0.304,10994
0.113,2907
-0.193,9030
0.12,2988
-0.0314,6168
-0.179,10011
-0.0271,6154
0.0677,3254
-0.11,7936
-0.302,9831
0.516,532
-0.137,9139
0.0243,4753
0.137,3026
-0.468,8530
0.206,630
-0.196,9802
0.315,320
-0.374,10720
-0.252,10068
-0.0661,8053
-0.193,9426
-0.196,10498
0.0675,3225
0.00749,4928
-0.0891,9624
0.182,817
-0.0119,5681
0.0417,4046
-0.033,6185
-0.289,9538
0.0608,3622
-0.0564,6542
-0.109,8207
-0.301,10618
-0.132,8624
0.0472,3277
-0.407,10070
-0.0617,6592
0.0639,2623
0.0931,3048
-0.142,6349
-0.059,6505
0.11,2536
-0.2,10024
0.0779,3282
1.18,927
0.173,1503
0.239,1833
0.177,1327
0.0627,3474
0.134,3995
0.213,1260
-0.385,10777
0.0586,4179
0.022,4672
-0.143,9482
-0.0628,6795
0.0227,4478
-0.121,7535
-0.111,9712
0.0693,4038
0.26,1646
-0.349,6629
-0.041,5452
-0.184,9470
-0.051,6790
-0.0537,6609
-0.0274,6046
-0.203,8483
0.0317,4812
0.0396,4501
-0.093,8012
-0.0344,6894
-0.00825,5394
-0.0822,7617
-0.259,8580
0.194,440
-0.0321,7196
0.0391,4692
-0.00683,5460
-0.0935,7876
-0.0673,7202
0.0444,3724
-0.244,9033
0.0865,3913
-0.0365,6883
-0.238,9597
-0.0438,6616
-0.0518,7202
-0.0895,7533
0.0487,4162
-0.266,9551
0.185,2974
-0.102,6126
0.164,852
0.027,4414
-0.0659,7501
0.501,595
-0.313,10220
-0.183,7786
-0.173,10149
-0.056,6246
0.181,1380
0.161,1934
0.0746,2843
0.276,450
0.177,1696
-0.0921,7473
0.00483,5162
0.121,2775
0.106,3736
-0.145,7007
-0.0607,7515
-0.0138,6046
0.138,2218
-0.134,7671
0.236,1530
-0.316,7973
-0.0715,7699
0.438,63
-0.217,9808
-0.0823,6134
-0.035,6014
-0.178,8405
-0.0353,7768
-0.0743,7467
-0.0484,6509
0.307,725
-0.267,10543
-0.0387,6737
0.139,1810
0.02,4646
0.192,2938
0.551,613
-0.32,8755
-0.314,10180
0.231,566
0.000894,5385
-0.0158,5417
-0.225,10294
0.171,2498
0.289,1564
0.164,1518
-0.298,10970
0.175,2039
0.241,1724
-1.56,10575
-0.144,8549
0.146,1518
-0.00409,5388
0.0531,4200
0.2,2482
-0.286,6671
-0.0206,5631
-0.108,9717
-0.0429,7066
-0.114,7805
0.0752,3584
-0.0347,5309
0.23,749
-0.182,10028
-0.145,8594
-0.0568,6064
0.0435,4614
-0.00432,5331
-0.0988,8093
0.097,2410
-0.0837,7935
0.0996,4048
0.0279,4565
-0.0961,7884
0.00165,4887
-0.00423,5306
0.0726,3715
0.0122,5031
-0.288,10832
0.191,1760
1.59,26
0.017,5059
-0.279,10690
-0.286,8859
-0.176,9899
-0.268,7717
-0.0141,5184
0.0317,4135
-0.143,8074
-0.105,8995
0.129,2750
-0.455,10157
1.65,85
0.0899,1774
-0.00656,5457
-0.0237,5836
-0.392,9757
-0.176,7848
-0.0899,7729
0.0641,2822
0.0798,2764
0.227,894
-0.0306,6134
-0.458,10042
0.0293,4407
0.119,2747
-0.258,10230
0.0901,2451
-0.0125,5382
0.211,1509
-0.0747,7432
0.252,618
0.195,1556
-0.127,6585
0.0414,3969
0.278,726
-0.138,8771
-0.105,7417
-0.0955,7044
-0.138,8186
-0.194,9812
0.166,1969
-0.284,9600
-0.274,10875
-0.0576,6116
0.287,753
0.147,1157
0.252,1119
-0.00524,5579
0.0149,4393
0.0517,3474
-0.103,7140
-0.277,10230
0.389,551
-0.0647,8074
0.124,2812
0.117,2821
-1.17,9812
-0.237,9409
0.0225,4937
-0.219,8319
-0.105,6613
0.158,1289
0.417,513
0.609,146
0.056,3778
-0.705,11016
-0.0166,5736
-0.00303,5538
-0.466,10308
0.0561,3840
-0.403,7093
-0.157,9517
-0.00264,5189
0.109,1920
0.156,2789
0.0972,3460
0.476,149
-0.0952,7771
-0.0195,6174
0.0596,3529
0.281,2458
0.0942,3366
-0.116,7812
-0.0575,3285
-0.0497,5925
-0.106,9057
0.826,11
0.0927,3670
0.0124,4058
-0.0214,5662
-0.00471,5192
-0.0633,7926
0.0773,2520
0.0507,3849
-0.0872,7986
0.131,1926
-0.131,9379
-0.305,10746
-0.252,10017
-0.317,8881
-0.263,8594
-0.185,9363
0.0633,3547
0.0579,3747
0.152,2547
-0.0475,6320
-0.0347,6769
0.162,2512
0.00801,5172
0.271,475
-0.0955,7414
0.0057,5046
-0.526,10889
0.132,3161
0.0106,4891
-0.041,7333
0.107,3162
-0.0434,6292
0.309,514
0.0116,4935
0.137,822
-0.00715,5620
0.0597,3513
-0.201,8204
0.124,4018
0.225,1030
-0.068,8152
0.247,248
-0.0128,5160
-0.291,9604
0.075,4063
-0.32,7300
-0.029,6830
0.0617,2945
-0.174,7457
0.0153,4920
0.293,2719
-0.303,10790
0.0898,2228
0.0127,4918
0.122,3366
-0.0499,7514
-0.69,10933
-0.0916,7673
0.0184,4768
-0.193,10714
0.159,2057
-0.535,10420
-0.188,9853
-0.497,9166
-0.317,10802
0.0725,3007
-0.0383,6104
0.145,3035
-0.107,7990
-0.554,10467
-0.0237,6152
-0.108,8305
0.413,2103
-0.203,4918
-0.2,10362
0.323,1069
-0.114,6865
-0.327,8931
0.377,623
0.0243,4344
-0.132,8954
0.112,3254
-0.265,8872
0.442,1389
-0.0753,6194
-0.116,10030
0.0389,3734
-0.226,9946
-0.0228,6296
-0.394,11029
-0.202,9993
-0.0241,6285
-0.0793,8140
0.0741,4142
-0.264,9923
-0.166,8198
0.118,2755
-0.0389,6621
0.29,51
0.59,130
-0.129,8212
-0.0184,5607
0.0832,3859
-0.0754,6992
0.141,1989
0.119,4034
0.184,2955
-0.107,8615
0.171,2384
0.0209,4611
-0.0521,7285
-0.55,9889
-0.077,7296
0.302,1711
0.058,2654
-0.0707,8740
0.0317,3841
-0.204,5080
-0.0266,4862
0.355,2625
0.226,2692
-0.0863,8127
0.029,4293
-0.404,7975
0.306,2452
1.05,1635
-0.428,9858
0.781,860
0.202,3321
0.0637,3884
-0.0714,6478
0.176,829
-0.0355,6824
-0.219,8642
-0.066,5557
0.241,2445
0.769,1084
0.0566,4386
0.00267,5127
0.0148,4959
0.13,2775
0.502,210
0.099,3442
-0.174,8933
-0.132,8765
-0.062,6678
0.04,4210
0.317,1438
-0.027,6778
0.119,1028
0.0736,3741
0.242,847
-0.177,10193
0.165,1299
0.341,685
0.0662,3284
0.0204,4511
0.502,2276
0.0928,4131
0.143,3419
-0.0369,5853
-0.0358,5853
0.408,526
-0.609,9313
-0.121,7411
0.0561,4171
-0.196,8581
-0.187,10911
-0.203,8126
-0.22,7646
0.0132,3202
0.102,3865
-0.0309,7426
0.0241,3117
0.127,2930
-0.059,6790
-0.0654,6283
0.0704,3467
-0.0518,7176
0.334,741
0.00328,5113
-0.184,9008
0.157,2311
-0.152,8152
0.0485,4234
0.0847,1864
1.16,21
0.0253,4581
0.353,1458
-0.0028,5817
0.0448,4169
0.087,3437
0.0639,3623
0.0728,3355
0.178,2770
-0.156,7482
0.0358,4789
0.126,1285
-0.037,5910
-0.154,8035
-0.0428,6391
-0.215,10792
0.00513,5349
0.102,2292
-0.373,10293
-0.384,10571
0.0272,4326
-0.441,9189
0.0638,2596
0.109,2513
0.0107,5023
0.236,1770
-0.0513,6198
0.345,496
-0.156,9638
0.249,1696
0.376,689
-0.297,10065
-0.516,10984
0.0779,1743
0.0967,2110
-0.179,10059
-0.65,10818
-0.217,10253
-0.0373,6138
0.0856,2014
0.254,543
0.114,1514
-0.0227,5965
0.0385,4460
0.131,2337
-0.255,10291
0.289,781
0.144,878
0.0599,3235
0.0764,3009
-0.0437,5556
0.207,2090
0.16,1089
0.0871,3075
-0.0491,6625
0.221,1534
0.172,2201
-0.113,8169
0.0345,4291
0.102,2711
0.243,1527
0.511,100
-0.211,9507
0.0643,3605
-0.00632,5337
-0.0237,6491
0.237,588
0.262,943
-0.324,11027
-0.0503,6851
-0.134,9390
-0.00253,5275
-0.103,7843
-0.172,10690
0.227,3015
0.0185,4781
0.0198,4748
0.0669,3612
0.343,2703
0.0424,4736
0.214,2027
-0.151,9535
0.0835,2518
0.0384,4308
-0.0799,7242
0.156,1976
0.301,455
-0.132,8935
0.0933,2554
-0.0861,6304
0.232,560
-0.353,10506
0.0445,4135
-0.162,8131
-0.0599,7848
-0.081,7592
0.0511,3996
-0.0167,5863
0.353,1743
-0.121,8703
0.479,2
-0.667,10957
-0.201,7565
0.248,2863
0.124,1920
0.284,1468
-0.272,10315
0.317,1313
-0.41,10467
0.293,1541
-0.145,8900
-0.0785,7732
-0.214,10490
0.136,2552
0.191,1015
-0.0292,6153
-0.0862,7807
-0.00276,5404
0.0519,4396
0.286,496
-0.0372,6128
-0.072,7651
-0.164,9625
-0.129,8127
0.14,1967
-0.000805,5393
-0.0589,6235
0.122,2716
-0.0816,9143
-0.0707,9425
0.183,1669
-0.187,9767
0.164,2220
-0.461,10320
0.0459,4057
0.0155,4714
-0.31,9796
-0.158,8344
0.053,3894
-0.296,9969
0.128,2181
-0.0387,6175
-0.29,10315
0.00378,5170
-0.208,5759
-0.147,7962
-0.379,10404
0.123,649
0.0284,4750
-0.282,8602
0.017,4914
-0.104,8120
-0.149,10843
-0.119,10375
-0.0976,6729
-0.0374,6900
-0.156,8968
-0.122,8853
0.107,1962
-0.142,9593
0.126,2522
-0.167,8514
-0.0373,6883
-0.0683,7221
-0.173,10241
-0.0196,6401
-0.177,9201
-0.105,8104
0.248,1711
-0.117,9497
0.0775,3701
0.172,1259
0.15,2225
0.000289,4981
-0.215,7229
-0.185,8563
0.276,322
-0.0381,6344
0.182,2104
0.0231,4635
-0.181,7691
0.0402,4479
0.343,44
-0.00923,5633
0.219,1483
0.832,427
-0.177,9516
0.00385,5338
-0.0505,8265
0.296,409
-0.268,10917
0.03,4815
0.195,1715
-0.309,10105
-0.193,10111
0.0449,4205
-0.0239,5981
-0.274,10791
0.18,3012
-0.285,6909
-0.00526,5605
0.0303,4165
0.0376,4604
-0.0394,5831
0.0691,4044
-0.0354,5904
0.0127,5024
0.0111,4973
0.132,3158
-0.0592,6856
-0.286,10210
0.0243,4555
0.131,2237
-0.172,10150
0.161,2470
0.0941,2742
-0.406,10676
-0.778,10416
0.149,1860
0.153,2475
0.375,758
-0.0913,8667
-0.035,6289
0.229,986
-0.127,9924
-0.0176,6086
0.0419,4426
0.141,2032
0.0623,4019
0.218,1545
0.0408,3915
0.159,1584
-0.0335,6351
-0.0902,8018
0.113,3473
0.0918,2842
0.244,1631
0.254,1302
-0.178,10117
0.359,2411
0.263,1229
0.0245,4385
-0.387,11028
-0.0276,6252
0.0166,4955
0.153,3619
-0.197,9386
0.079,1821
-0.0322,6742
0.0782,3611
-0.0192,6419
0.0734,2906
0.495,1079
0.041,3802
-0.0338,5989
0.214,778
-0.092,6623
0.0671,4411
-0.131,7073
-0.181,10877
-0.00594,5781
0.156,2378
0.0778,3708
-0.335,9400
-0.0402,6831
-0.0061,5515
-0.0992,8262
0.0617,4343
0.156,2019
0.151,2945
0.0217,4785
0.22,1773
0.176,1543
0.32,2075
-0.18,9617
0.112,2993
-0.363,8819
-0.153,8515
-0.494,10967
0.386,1085
0.0916,3283
-0.0289,5801
0.0253,5027
0.0172,4881
0.0913,3196
0.0277,4407
0.292,956
0.351,1114
-0.566,10931
0.121,2590
0.0138,5025
0.0274,4757
-0.298,9069
-0.417,10625
-0.0954,6954
0.298,184
0.0765,3017
0.266,415
-0.254,9644
-0.105,8992
0.164,2303
-0.316,10094
-0.146,9900
-0.203,8938
0.287,1019
0.311,533
0.549,227
-0.0773,8857
-0.0322,6789
-0.000951,5337
0.158,1542
-0.194,5887
-0.168,8242
0.578,321
-0.173,10346
0.048,3815
-0.0521,5996
-0.0716,6766
0.00447,5115
-0.215,10632
0.0344,3776
0.386,698
0.0162,4612
-0.4,10854
-0.0667,7116
0.00109,5126
0.0143,4875
-0.717,8646
-0.0787,7221
0.191,2546
0.457,997
0.0761,3441
-0.145,10414
-0.0827,6701
0.866,122
0.276,1298
0.0741,4588
0.134,459
0.137,1760
-0.578,10871
-0.324,11008
-0.756,10892
-0.227,9754
-0.0581,7497
-0.12,9152
0.14,2655
-0.303,9622
-0.361,9919
-0.0096,5206
0.0684,3634
-0.0833,7370
0.228,2606
-0.0631,7635
0.0208,4614
0.0696,3973
0.268,38
-0.0442,7635
-0.00596,5124
0.0991,3175
-0.677,10875
-0.0141,5960
-0.196,9670
0.0527,4044
-0.245,8935
-0.165,9073
0.129,2001
0.0146,4983
-0.124,9315
0.00433,5165
0.37,2647
0.139,1679
-0.106,8921
-0.0992,7059
0.438,5
0.0601,2277
-0.943,10530
-0.483,7341
0.149,1866
0.222,1820
-0.236,10083
-0.104,8882
-0.0168,5732
-0.318,10536
-0.426,10823
-0.0496,7927
-0.176,10970
-0.0397,6401
0.0112,5227
0.813,451
0.126,3040
-0.431,10179
-0.0477,6161
0.345,758
-0.0877,8565
-0.133,9232
0.0938,3298
-0.0365,6130
0.0327,3102
-0.0968,8143
-0.174,8016
-0.102,7556
-0.495,9682
-0.24,9977
-0.179,10016
-0.234,7708
-0.174,9248
-0.205,9043
-0.312,9339
-0.283,8984
0.329,438
-0.183,6219
-0.134,8894
0.223,1884
0.276,816
-0.41,9209
-0.0173,5670
0.0284,4347
-0.114,8612
-0.0698,6667
0.13,1739
-0.0121,5685
0.139,1998
0.281,501
-0.0485,6951
-0.191,9092
-0.144,8612
-0.084,6596
-0.553,9098
-0.465,10591
-0.191,9569
-0.0699,6886
-0.0583,6682
0.289,1640
0.162,1073
-0.0726,8123
-0.0211,8529
-0.0147,5553
-0.0231,5639
0.142,3083
-0.224,9711
-0.0347,6198
0.102,2760
0.21,499
-0.121,8667
-0.15,8000
-0.0846,6173
0.0103,4819
0.157,1842
0.247,630
-0.0685,7273
-0.0596,6601
-0.015,5325
-0.117,10797
0.32,43
-0.289,10605
-0.107,9377
-0.198,10246
0.00392,5151
0.201,1767
-0.0395,6172
0.0249,4582
-0.142,8132
-0.206,10379
0.0189,4844
-0.284,10622
-0.0279,6103
-0.113,7527
0.0283,4716
0.014,5021
0.264,459
0.0365,4438
0.0151,4631
-0.575,10603
-0.063,7000
0.0994,2456
0.0352,3713
2.12,17
-0.0414,6212
-0.271,9183
-0.236,9962
-0.176,10178
0.188,1383
0.0144,4813
-0.0544,7048
0.0981,3155
0.0788,3864
-0.0445,7073
0.0485,2669
-0.192,8586
0.186,2619
0.0772,4079
-0.0113,5157
0.13,2008
0.239,455
0.0864,3545
0.155,1918
0.0659,4556
0.0346,4517
-0.0879,8015
0.309,601
-0.598,8483
0.087,2902
0.431,978
0.162,2376
0.175,735
-0.0423,6587
0.101,2537
-0.217,8710
-0.166,8205
-0.0282,6132
0.0488,3425
0.102,2520
0.06,4008
-0.015,5360
-0.0587,5866
0.0202,4606
-0.143,8101
0.445,75
-0.139,9735
0.0466,3241
0.000158,5491
-0.264,10155
-0.0433,6916
-0.378,10666
0.00994,4886
-0.23,9965
0.0783,3577
-0.253,10169
-0.318,10742
0.0665,4207
0.0739,3276
-0.393,10244
-0.124,7850
0.106,2896
0.0403,3999
-0.0458,7317
0.0235,5217
0.0729,3678
0.107,3218
0.113,998
-0.206,9906
-0.165,10818
-0.161,7774
0.296,292
-0.0431,6353
-0.09,6572
-0.179,9107
0.0186,4887
0.113,2867
-0.116,7845
-0.53,10658
0.0597,3881
0.0234,4297
0.204,2147
-0.17,8374
0.0385,3914
-0.472,10965
0.00869,5127
-0.0527,6168
-0.137,9066
0.0618,3966
-0.374,9230
-0.351,8375
0.0619,3614
-0.00043,5215
0.141,2226
0.294,873
0.242,552
0.274,1926
-0.232,8002
0.106,2257
-0.0542,7836
0.0181,4810
-0.184,8577
-0.0204,5797
0.17,1723
0.0708,3363
-0.165,9003
-0.0366,6322
-0.199,9394
-0.0281,6045
-0.235,9694
-0.0997,9111
-0.109,8185
-0.277,10080
0.188,1074
-0.22,8601
0.406,779
-0.0449,6321
0.0549,3720
0.3,686
-0.0398,6196
-0.188,9043
-0.0305,6655
-0.00989,5037
-0.143,9144
-0.0609,6218
0.581,67
0.0528,4084
0.0458,4255
-0.00821,5610
-0.15,9916
-0.121,7738
0.113,3627
0.322,1971
0.131,2256
0.166,1062
-0.265,10576
0.0593,3589
0.451,552
0.0817,3118
-0.0246,5813
-0.238,9660
-0.0128,6040
0.0776,3987
0.451,849
0.0372,4117
0.146,3107
0.226,489
0.116,1620
-0.152,9249
0.134,2363
0.0986,2476
-0.139,9120
-0.0138,5860
-0.172,8737
0.0334,4374
-0.245,9561
-0.472,9918
0.0529,3367
-0.126,8335
-0.176,9850
0.0776,3236
-0.147,7952
-0.0409,5618
0.313,1554
-0.143,9011
-0.0962,8432
-0.303,9801
0.128,2951
0.0723,3068
-0.0352,6265
0.0211,4492
-0.0436,7422
-0.308,10071
0.374,2054
0.158,2917
-0.286,10389
-0.0221,6166
0.141,1203
-0.00328,5361
-0.000242,5146
-0.0873,6289
0.655,91
-0.153,8716
0.162,532
-0.199,9175
-0.0586,7076
-0.167,6011
0.0992,3375
0.0441,3424
-0.045,6627
0.158,1099
0.147,2749
-0.0414,7244
-0.0702,7043
0.0409,4312
-0.374,10929
-0.0986,8177
0.236,2023
0.165,1520
0.0771,3382
0.00307,5297
0.025,4684
-0.0902,8185
0.377,1836
-0.539,10604
0.087,3424
0.19,1752
-0.0854,7732
-0.184,8257
0.402,906
0.562,204
0.405,758
0.16,1623
-0.141,8087
0.29,1365
0.07,3275
-0.0115,5482
-0.282,9226
0.00472,5169
0.0648,2227
-0.0111,5230
-0.125,7466
0.0433,4098
0.0209,4825
-0.0422,6658
0.0591,3722
-0.0613,7071
-0.0324,6019
-0.248,7340
-0.121,6372
0.119,2541
0.285,466
0.0907,2711
0.0712,3471
0.602,28
-0.45,11028
0.0662,2901
-0.0298,6722
0.193,2717
-0.0737,7588
0.228,2166
-0.00901,5626
-0.0472,7084
0.124,2390
-0.0199,5700
-0.474,10982
-0.232,7507
-0.57,10442
-0.222,9708
-0.0201,6950
-0.0096,5457
0.0664,3406
-0.166,9148
0.117,3694
-0.122,7537
-0.0248,6108
-0.0216,5427
-0.303,9803
-0.0402,5821
-0.195,9801
-0.133,8655
0.0436,3846
0.121,2017
0.0562,4333
0.07,3845
-0.0806,6502
-0.077,7955
-0.0105,6131
-0.0969,6421
0.262,1065
0.238,2288
-0.129,8731
-0.0209,6084
-0.0124,6041
-0.187,9092
0.193,1582
0.306,764
-0.204,7516
0.0841,3799
0.0555,3391
0.0241,4606
-0.245,9177
-0.0255,6010
0.0495,2096
-0.0348,7129
0.0863,2319
-0.108,8840
0.697,203
0.0994,3187
0.195,533
-0.163,7932
-0.0889,7584
-0.0236,6007
-0.153,9406
-0.0541,5903
0.885,102
0.1,2838
0.0886,1611
-0.115,8253
-0.153,9195
-0.00961,5413
-0.238,10157
0.0358,4326
-0.124,9593
-0.0849,6640
0.405,340
0.343,2126
-0.219,8487
-0.12,8974
-0.278,10974
-0.0623,6244
-0.38,10220
0.144,1976
-0.0347,6573
0.132,2832
0.0122,4872
-0.072,6914
-0.000998,5690
0.158,1696
-0.242,8955
-0.412,10841
0.181,1408
0.0201,4990
-0.291,9965
0.213,1675
0.119,2727
-0.0972,8414
0.0431,4627
0.298,1580
0.177,2277
-0.178,9887
0.151,1492
0.105,1438
-0.0467,7184
0.279,928
-0.121,6622
-0.224,9730
0.353,518
-0.0921,9874
0.0873,2720
0.508,773
-0.238,10085
-0.311,10295
-0.0561,6669
-0.217,9131
0.132,1132
0.123,2503
0.474,963
0.0573,4236
0.23,1188
0.174,2597
-0.0672,7596
0.0691,3434
-0.0115,5473
-0.134,6879
-0.0906,7871
-0.049,6722
0.196,728
0.0371,4552
-0.0782,7245
-0.0067,5648
-0.329,10901
0.279,310
0.106,2182
0.076,3855
0.209,2213
-0.104,7315
0.654,516
-0.0824,9791
0.121,1508
-0.0864,8994
0.117,3284
-0.125,7220
-0.0541,6180
-0.0166,6062
0.0285,4632
-0.363,10701
-0.0668,7556
0.06,2855
-0.0911,8636
0.197,838
-0.0571,6462
0.0358,4370
-0.388,10415
-0.21,8356
-0.116,8795
0.0703,1939
0.181,1765
0.0244,4444
0.0785,3170
0.23,2789
0.118,1778
0.00911,4964
0.162,1502
0.366,408
-0.303,8536
-0.458,9737
0.307,1278
-0.00574,5871
-0.325,9860
-0.221,10066
-0.217,8918
0.123,3584
-0.0789,9315
0.0109,4834
-0.205,8027
0.0279,4717
0.451,182
0.0115,4875
0.0317,3746
-0.117,9317
-0.108,7547
-0.524,10629
0.217,3220
0.0594,4104
-0.0366,8719
-0.0718,8352
-0.0253,6088
-0.0778,8059
-0.489,8367
-0.0879,6112
-0.277,10344
0.0415,4103
-0.0618,7127
0.0424,4520
-0.0442,6760
-0.29,8300
-0.0343,6653
-0.00338,5657
0.349,669
0.0288,4837
-0.253,7801
0.0699,3982
-0.104,7923
1.4,276
-0.108,7578
-0.151,8982
-0.137,8276
-0.019,5815
-0.0117,5833
0.218,1088
0.134,2287
-0.268,10160
-0.0711,6637
-0.307,9577
0.0461,4330
0.00499,5195
-0.0602,7640
0.398,1520
0.188,3514
0.0181,4868
-0.0195,6158
0.0566,2635
0.207,1285
-0.111,6835
0.0359,4921
-0.226,10536
0.8,54
-0.0221,5992
0.194,1369
0.0312,4629
-0.115,10078
-0.175,10375
-0.0137,5864
0.164,572
-0.432,6999
-0.131,3867
0.034,4405
0.0563,3650
-0.284,10832
-0.0409,6209
0.707,401
-0.192,7573
-0.376,10018
0.336,1332
0.0732,2779
-0.211,9938
0.169,2377
-0.4,10667
0.0453,4424
-0.0177,5514
-0.144,8743
0.161,2544
0.0201,4472
0.021,4905
-0.0199,5974
0.251,508
0.0895,2532
-0.0729,8035
-0.0571,6117
0.754,455
0.374,997
-0.0795,6584
0.026,4495
0.274,635
0.439,291
0.244,1798
-0.214,7953
-0.446,10900
-0.00236,5628
0.0869,2971
-0.0872,6871
0.0193,4658
-0.275,7039
-0.237,10205
-0.0896,7583
0.25,1332
0.019,4951
-0.299,11015
0.159,2985
0.0264,4734
0.00623,5107
0.127,1742
-0.108,7070
0.026,4830
0.0771,3208
-0.282,8395
0.0612,2938
0.335,149
-0.201,9048
0.0398,4155
0.13,2693
0.433,2473
-0.0649,7517
0.00523,5370
-0.0247,5687
0.0219,4733
-0.173,8921
0.407,697
-0.0693,8262
-0.115,8408
0.0592,3579
-0.227,9588
0.0963,3514
1.01,71
-0.134,7860
-0.178,8902
-0.232,9065
-0.358,7551
-0.253,9416
-0.127,4666
-0.0409,6693
-0.0551,8346
0.276,2596
-0.297,9381
0.0282,3712
-0.0629,6039
0.0276,4826
-0.0264,6524
-0.0904,7377
0.204,2290
-0.295,10279
0.107,3517
-0.0267,6492
-0.156,9642
-0.0929,8508
-0.253,8904
0.00272,5163
-0.103,6954
0.433,112
0.193,828
-0.0135,5216
-0.234,8921
0.451,456
0.00704,5097
0.39,476
0.067,2784
-0.0885,7124
0.341,490
-0.0262,5342
-0.41,8145
-0.282,10586
-0.105,9933
-0.351,10982
-0.0184,5722
0.303,1693
-0.00693,5574
0.182,857
-0.0291,5854
-0.0137,5755
-0.324,9848
0.416,550
0.121,1994
-0.0855,7977
0.00244,5193
-0.196,10257
-0.0663,8285
0.0587,4237
0.28,288
-0.162,9311
0.146,1527
-0.194,8801
0.233,1477
0.356,884
-0.0472,5967
0.114,1962
-0.106,7723
-0.0699,7101
0.633,14
-0.416,10351
-0.194,9880
-0.0401,6925
-0.152,9529
0.141,2212
-0.0738,7331
-0.0967,8133
-0.441,9506
0.143,945
0.108,2999
0.0788,3302
0.291,468
-0.411,10122
-0.0523,5843
0.0515,3304
0.05,3853
0.0208,4394
-0.0208,5447
-0.36,9948
-0.176,9449
0.304,886
0.0911,2006
-0.00661,5757
-0.188,9693
-0.312,8614
0.0228,4472
-0.115,9482
0.104,1965
0.302,531
-0.286,9430
-0.264,9788
-0.146,6281
-0.00047,5412
0.203,1856
-0.16,7676
0.646,59
-0.125,9500
-0.00223,5326
0.13,2454
-0.141,9757
0.0131,4884
-0.0795,7860
0.0172,5208
0.295,904
-0.322,9978
0.112,3385
0.359,1355
-0.18,7923
-0.0209,6106
0.135,1979
0.0141,4859
-0.469,9870
0.0763,1480
0.421,269
-0.137,9237
-0.000696,5619
0.132,2649
-0.17,9491
0.568,183
-0.0142,5882
-0.0296,6935
0.0708,3659
-0.0766,7138
0.106,3811
-0.385,9861
-0.264,10633
-0.0773,7176
0.0838,2517
0.229,2763
-0.189,9566
0.139,2952
0.0289,4601
0.0454,3588
0.125,1539
-0.179,8841
0.145,1575
0.192,2131
-0.186,10922
-0.0169,6037
0.164,1656
-0.14,9253
0.191,1996
0.147,1029
0.169,1203
-0.0662,7378
0.363,446
-0.156,9588
0.119,2809
0.22,2945
-0.27,10386
0.136,563
-0.113,8424
0.042,3541
-0.048,6143
0.159,2587
-0.0322,7234
-0.091,8884
0.0354,4459
-0.353,9703
0.262,1725
0.0118,4891
-0.12,8539
-0.203,10832
0.13,2108
-0.0474,6389
0.158,2493
-0.125,8467
-0.0225,6326
-0.143,8759
0.168,2120
-0.00929,5488
-0.253,10541
0.0481,4199
-0.0507,8298
-0.0273,6286
0.227,1162
0.111,2610
0.291,707
0.415,945
0.0621,3096
-0.0349,6173
0.146,2059
0.118,2638
0.0074,5137
0.129,1654
0.0309,4629
0.00195,5327
0.618,884
0.1,2959
0.0233,4881
-0.0169,5087
0.161,2070
-0.142,9506
0.138,2310
-0.00851,5589
0.16,3419
0.0831,2840
-0.0362,6089
-0.0677,7280
0.0685,3747
0.126,2937
-0.0324,5766
-0.252,10164
0.0154,4721
-0.124,8195
0.218,1604
-0.25,9330
0.435,68
-0.275,10864
0.025,4538
-0.168,7524
-0.209,9484
-0.406,10233
0.522,239
-0.0547,6468
-0.172,8719
0.035,4676
0.131,2229
0.228,1421
-0.601,10780
0.152,356
0.269,1297
-0.0938,7003
-0.089,6449
0.178,2530
0.0861,3359
0.0722,2905
-0.205,10513
0.422,583
0.05,4360
-0.0095,5398
-0.0669,7549
0.246,1715
-0.0912,7425
0.37,775
-0.452,10919
-0.0799,7514
-0.27,10086
-0.212,9539
0.0291,4524
-0.0959,7883
-0.242,9217
0.101,3325
0.148,2793
0.0458,3591
-0.178,9397
0.253,488
-0.087,7588
-0.0471,7306
-0.0673,7575
-0.0967,9108
0.0718,2912
0.102,2262
-0.186,9440
-0.0283,7167
0.0901,3598
0.0323,3906
-0.118,10228
0.225,1089
-0.0873,6618
-0.351,8940
0.157,2538
-0.257,10405
-0.0366,8052
0.00383,5242
-0.201,9574
0.283,526
0.229,2175
-0.191,9205
-0.0437,6948
-0.00288,5457
-0.0474,6633
-0.0657,6121
-0.0777,7454
-0.0761,8480
0.0898,3375
-0.251,10298
0.182,2753
0.0979,1910
-0.224,8112
0.0938,1435
-0.153,10571
-0.179,7713
-0.208,7751
0.219,2052
0.62,1095
-0.123,8209
0.0728,3587
-0.362,9931
-0.0673,6760
-0.0971,7032
-0.0535,5989
-0.0257,6502
0.202,937
-0.18,9721
-0.092,7876
0.244,2240
0.178,3507
0.0392,4288
0.0574,3405
-0.00937,5673
-0.0168,5701
-0.212,10015
-0.115,9121
-0.146,9183
-0.214,9471
-0.174,8676
0.437,48
0.0799,3390
-0.417,8135
-0.238,10670
-0.0272,6486
-0.414,9741
0.16,3589
-0.208,9334
-0.0817,6887
-0.0106,5818
0.0128,4985
-0.0702,7016
-0.0739,6408
0.202,934
-0.102,7902
-0.0333,6329
-0.106,10280
0.0993,3436
0.364,862
-0.169,8756
-0.0472,6353
-0.0228,6424
-0.094,8149
0.219,2879
0.0972,3680
0.384,353
0.0119,4927
-0.0978,8397
0.0677,4036
-0.258,10049
-0.249,10246
0.0566,4245
0.00289,5048
-0.0782,5924
0.08,2333
-0.00966,5645
-0.0629,6651
-0.0392,6498
0.0308,4744
0.119,2124
0.426,683
0.192,1848
-0.28,10208
0.334,854
0.0121,5080
0.0981,2809
0.0859,3066
0.028,4647
0.0203,5077
0.0636,3180
0.0214,4751
-0.0105,5587
0.164,1901
0.0694,2867
0.0661,3440
0.0616,2885
0.0259,4205
0.0403,4099
-0.14,9955
0.0747,2465
0.00996,4852
0.0969,1449
-0.131,7662
0.2,1232
0.195,2010
0.136,2004
0.152,2188
0.113,2112
-0.153,9243
-0.222,10717
-0.0049,5724
-0.253,10388
-0.188,9749
0.252,2154
-0.46,10110
-0.0955,9392
0.0596,2151
-0.0363,6233
-0.0103,5401
-0.0798,7552
0.605,306
-0.137,9766
-0.0441,6430
-0.101,6770
0.0682,4111
-0.0384,6089
-0.201,8730
0.0872,3664
-0.0335,6351
0.698,1152
0.242,2793
0.195,1621
-0.535,8851
0.197,2051
-0.274,9293
-0.206,9076
-0.00783,5054
0.0572,3194
-0.014,5321
0.118,2827
-0.292,10545
0.114,3562
-0.00513,5341
-0.305,11017
-0.323,10802
0.132,1793
0.0314,4337
-0.109,6989
-0.0973,7958
-0.0649,9125
-0.0514,6863
0.175,1983
-0.231,7778
0.122,1545
-0.00406,5487
0.112,3199
0.0845,3928
0.116,2845
-0.0616,5395
0.43,1591
0.0191,3816
0.0333,3480
0.135,2764
0.156,2815
-0.132,8801
0.246,1598
0.231,1499
-0.181,10125
0.345,115
-0.0446,5975
-0.0981,8556
-0.161,8303
0.0512,3731
-0.0558,7682
-0.14,9888
0.0614,3744
0.417,412
0.0317,4538
-0.487,10414
-0.0795,6660
0.0607,3056
0.249,620
0.374,1809
-0.0973,7867
0.0327,4531
-0.19,9779
0.177,825
-0.0561,7672
-0.386,10657
0.25,344
0.161,2333
0.202,673
0.0159,4764
-0.211,10434
-0.0657,7459
0.127,3463
-0.301,9138
-0.266,10938
-0.0505,6464
0.0291,4731
-0.00144,5360
-0.0135,5565
-0.005,5695
0.0266,4677
-0.295,10668
-0.0149,5530
-0.201,9958
-0.186,7763
-0.0473,6432
0.0471,3520
0.0525,3177
0.212,2447
0.104,2826
-0.308,10609
0.0805,2462
0.196,1182
-0.068,7989
-0.104,8747
0.0693,3884
-0.0841,7563
-0.143,6800
-0.0528,6566
-0.206,10394
-0.0337,5957
-0.0124,5712
0.763,588
-0.318,8690
-0.14,9214
-0.0844,8415
0.33,364
-0.125,9218
0.463,111
0.172,1717
-0.223,8667
-0.107,9035
-0.0379,6702
-0.0133,5483
-0.124,8237
0.087,3763
-0.176,8724
0.0867,3355
0.0743,3448
0.0208,4816
-0.101,7891
-0.216,8909
-0.112,10582
0.269,2366
0.26,733
-0.0346,6307
0.115,2629
-0.568,9076
-0.142,10387
0.132,924
0.428,907
0.772,115
0.0186,4717
-0.047,5308
0.0762,3394
0.0558,3161
-0.0987,7956
0.214,414
0.204,2300
0.00973,5118
0.13,2906
0.0388,4630
0.132,2421
0.199,2861
0.0801,3576
-0.0197,6060
0.0479,4238
-0.0982,6928
-0.144,9043
-0.0573,6043
0.0179,4935
0.235,846
0.576,208
0.0604,2377
0.157,1408
-0.305,11013
0.422,999
-0.152,7504
-0.021,6158
0.092,2136
0.033,4341
-0.0206,6072
0.00192,5043
-0.385,10738
-0.0695,6877
0.0134,4155
-0.00276,5484
0.0868,3734
0.151,3232
-0.298,9985
0.353,65
-0.00598,5896
0.0219,4563
0.299,419
-0.251,9948
-0.115,8306
0.123,2568
-0.312,10837
-0.385,9223
0.322,660
0.101,3509
0.194,1561
-0.0805,6655
-0.0579,7768
-0.242,10352
-0.125,7306
0.0556,3802
0.066,4017
-0.0179,5670
-0.0724,7931
-0.171,9187
0.0702,3467
-0.104,6180
-0.217,9247
-0.155,10696
-0.0363,7438
0.287,1168
-0.309,10638
0.0615,3364
0.0162,4788
0.0311,4464
-0.00806,5339
-0.0431,6036
-0.29,10767
0.205,1991
-0.017,5445
-0.299,9593
-0.103,9181
0.158,1900
-0.0203,5883
-0.128,6198
0.596,133
0.0353,4649
-0.219,10917
0.0967,2602
-0.0189,5967
-0.0425,5980
-0.174,9335
-0.123,9068
0.0749,3121
0.0109,4861
-0.14,8507
-0.0931,7417
-0.0286,5728
0.0429,3870
0.155,1041
0.0294,4478
0.231,2011
0.337,1373
-0.103,7674
0.157,1042
0.225,401
-0.118,6304
-0.431,10510
0.117,3204
-0.326,6343
0.0233,4203
-0.115,8785
-0.199,5909
0.205,1535
0.274,1645
-0.0104,5285
-0.1,7516
0.0207,4625
0.201,666
-0.238,10408
0.205,1502
0.0287,4141
-0.17,9680
-0.203,8949
-0.228,9300
0.321,388
-0.493,10453
0.0899,3635
-0.0981,8725
-0.0739,7500
-0.187,9173
-0.239,10594
0.302,1654
0.129,3486
-0.264,10599
0.219,2104
0.0161,4833
0.0513,4655
0.308,835
0.0574,2750
-0.0625,8590
-0.214,10751
0.144,2282
0.063,3797
0.229,554
0.147,3295
0.0669,3562
0.147,2358
0.246,286
0.0311,4524
0.055,3863
0.0836,3244
0.392,1083
-0.287,10404
-0.0259,5905
0.333,2801
0.189,1808
0.0472,4208
0.234,612
-0.0566,7799
-0.658,11031
-0.0316,6061
0.0799,3727
-0.529,6590
-0.0968,9580
0.216,3275
-0.0281,6151
0.022,4803
-1.13,10306
-0.0756,5946
0.0463,3753
-0.0146,5656
0.194,2021
-0.214,10238
0.136,2110
0.335,1016
0.0564,4014
-0.0863,9196
0.33,703
0.487,1030
-0.355,7695
-0.0228,5453
-0.0209,6243
-0.139,10557
0.121,3852
-0.0538,5800
0.118,2588
-0.04,6237
0.264,324
0.0353,4154
-0.0306,6469
0.179,1792
0.472,1515
-0.0638,6795
-0.0534,7480
0.104,2377
0.192,1789
-0.0535,6138
0.062,4161
-0.207,9265
0.0261,4508
-0.0518,6816
-0.145,8309
0.0732,2836
-0.182,10498
0.0725,3507
0.143,1468
-0.0784,7321
-0.18,8199
-0.155,9778
-0.0754,7965
-0.0102,5594
0.453,124
0.292,1467
-0.131,8456
-0.199,10464
-0.0767,8133
0.148,2882
0.0192,4629
-0.445,10988
0.0728,3920
0.133,2031
-0.169,9587
-0.169,8443
0.155,1503
-0.0553,6281
-0.0633,6478
0.109,2372
-0.221,10209
0.232,2294
0.216,1311
0.0525,3883
0.399,375
-0.00359,5669
-0.0417,6516
0.455,2068
-0.0862,7586
-0.0787,6706
-0.241,10401
0.149,430
-0.163,10313
-0.147,6855
0.428,626
0.266,193
0.0726,3859
-0.119,7878
0.316,758
-0.22,8526
-0.262,9769
0.159,1271
-0.113,8647
0.223,1225
-0.0601,8723
-0.0996,8314
-0.00733,5308
0.196,1679
-0.0622,7825
0.00741,5125
-0.0199,6379
-0.203,7454
-0.138,6148
0.178,2687
-0.0673,6646
0.0313,4699
-0.109,9714
0.141,1924
-0.0491,7499
-0.0943,7976
0.115,3675
0.147,1462
0.00255,5120
0.0171,4916
0.08,3727
0.17,3198
-0.0663,5863
-0.0887,7182
0.0674,4520
-0.395,10862
-0.282,10450
0.312,838
-0.0143,6100
-0.1,8640
-0.0744,7891
-0.000416,5536
0.363,358
-0.105,7347
0.0816,4231
0.011,5360
-0.108,8427
0.208,849
0.00102,5188
0.521,166
-0.0845,7033
-0.00598,5498
0.0694,3126
-0.167,7940
0.258,710
0.3,1296
0.038,4288
0.0831,1189
0.0118,4972
0.0313,4653
-0.0146,5798
-0.0406,6439
-0.257,9704
0.198,214
0.0827,3131
-0.32,9813
0.212,2516
0.26,1615
0.165,3678
0.0164,4624
-0.301,9560
0.00415,5344
0.00308,4860
0.0684,3857
-0.173,8832
0.103,1598
-0.113,7569
0.301,767
-0.0809,6508
0.286,2499
0.124,3176
-0.187,9717
0.32,1064
-0.0769,6157
0.253,1047
0.119,3120
-0.175,8635
-0.00469,5432
-0.0175,5803
-0.0861,8526
0.342,257
-0.137,8495
-0.37,10164
-0.0214,6026
-0.116,8939
-0.229,9516
-0.28,9114
-0.236,6899
0.256,2782
0.0507,3732
-0.0121,5652
-0.0704,6886
0.331,410
0.0723,3709
-0.00632,5580
-0.0647,7717
0.0515,4043
0.837,13
0.151,1439
-0.0521,6502
0.29,90
0.0583,4060
-0.0495,6718
0.0101,4953
-0.0612,6767
-0.388,10427
0.667,528
-0.0922,8639
-0.125,8688
0.0759,3648
-0.486,10713
0.466,311
-0.247,7205
-0.116,8945
-0.083,9157
0.104,3355
0.16,2926
-0.107,7336
-0.286,10847
0.305,246
-0.153,9730
0.0303,4736
0.433,317
-0.0821,7589
-0.0696,6875
0.11,3538
0.00655,5206
-0.09,8450
0.133,1282
-0.155,8753
0.303,1927
0.0467,3574
0.0175,4796
0.0468,4202
0.112,2906
0.0393,3661
-0.508,8556
-0.131,9044
0.209,782
0.221,1089
-0.191,9940
0.157,2993
0.00374,5144
0.244,390
-0.0744,7865
-0.48,6641
0.155,2913
0.104,3350
0.297,1678
0.0354,4515
0.0738,3352
0.142,2854
-0.838,10186
-0.33,10954
0.013,4845
0.00984,4966
-0.0238,5892
-0.0741,8389
-0.0174,5705
0.2,2017
-0.0939,7281
0.103,2572
0.423,693
-0.625,8792
0.32,1132
-0.113,6560
0.126,1611
-0.141,10593
-0.229,10048
-0.34,10598
-0.126,6803
-0.144,8129
0.437,33
0.109,1177
-0.113,7035
-0.129,8137
0.00981,5039
-0.364,10248
-0.138,7909
-0.0731,8460
0.0679,3833
0.0151,5108
-0.264,9799
1.54,1174
-0.0537,6958
0.0543,3073
0.4,94
-0.123,7720
-0.0526,6301
-0.137,10028
0.0111,5100
-0.151,10315
-0.205,9993
-0.146,8072
0.024,4931
0.014,4947
-0.0731,6949
-0.12,10365
0.169,1224
0.594,161
0.191,1577
-0.114,7097
-0.123,9605
0.0339,4548
-0.0321,6566
0.389,271
0.15,2749
0.0137,4824
0.0512,3580
0.058,3386
0.0216,4423
-0.161,9401
-0.129,8982
0.403,1585
-0.093,7670
0.00385,5163
0.00132,5191
0.168,1706
0.247,1885
0.198,2307
0.0266,4754
0.133,1813
0.203,1350
0.22,1539
0.229,798
-0.189,8519
0.0721,3811
-0.0967,8932
-0.199,9042
-0.635,10497
0.1,1747
-0.336,10199
-0.0108,5559
-0.28,8569
-0.0514,6328
-0.0306,6147
0.0366,3883
-0.172,9051
-0.257,9973
0.153,2099
-0.286,9076
-0.323,7267
-0.117,7307
-0.149,10284
0.0997,2148
0.0891,3094
-0.0406,5568
0.25,2890
-0.0282,6491
-0.0272,6464
0.376,645
-0.359,10708
-0.0494,5446
0.19,2665
-0.00563,5218
0.261,489
0.344,284
-0.185,9321
0.175,1305
0.0411,4656
-0.227,9647
-0.257,9002
-0.0176,6037
-0.212,10311
0.0747,4109
-0.061,6269
-0.0197,5928
-0.0501,6382
-0.175,8707
0.0139,4830
0.0363,3726
-0.158,9003
-0.0498,7720
0.0841,3196
-0.019,6041
0.246,1565
0.166,3436
0.147,2245
0.0182,4735
-0.206,10039
0.0603,3893
-0.161,8666
-0.116,7473
0.361,1884
-0.0706,7611
-0.0775,7283
-0.0633,6252
-0.0371,6640
-0.263,10662
0.109,3288
0.177,83
-0.0144,5878
0.176,2938
-0.117,6328
0.0663,2575
-0.0598,6883
0.0811,3251
-0.0185,6073
-0.0796,8157
-0.113,8808
-0.175,9171
-0.064,6245
-0.211,10241
0.000518,5208
0.569,374
-0.0408,5983
0.171,2025
0.0429,4242
-0.00966,5378
0.0617,3756
-0.14,7908
0.104,2765
-0.265,9438
0.626,337
-0.207,10010
0.0264,4655
0.0207,4888
0.3,2142
0.351,2711
0.106,3617
-0.13,9201
-0.148,8076
-0.195,4711
-0.464,9779
-0.0114,5232
0.0937,3437
0.133,2565
-0.0829,9076
-0.111,8988
0.151,3422
0.0904,3139
0.000341,5172
-0.0399,6971
-0.085,8092
-0.0895,8483
0.0981,2224
-0.203,10007
-0.152,8136
0.0489,2847
-0.00708,5820
0.149,1593
0.0979,4143
-0.0933,7732
-0.0389,6038
0.132,1891
0.0645,3176
-0.0976,7569
0.181,381
0.0454,3660
-0.0406,5945
-0.0297,6393
-0.0821,7946
-0.184,10041
-0.0368,6156
-0.0466,5868
-0.143,8772
0.0626,3211
0.173,808
-0.141,8295
-0.0841,7769
0.379,1225
-0.294,10035
0.103,2485
-0.38,10683
-0.0329,6793
-0.3,9385
-0.42,10783
-0.0471,7400
-0.309,9734
-0.295,10505
0.000985,5070
0.25,403
0.114,3171
-0.0215,5809
0.256,201
-0.00786,5646
-0.0599,7066
-0.138,7529
-0.14,8114
-0.0212,5325
-0.212,10702
0.167,305
-0.228,8730
0.159,3453
0.0439,4464
-0.358,10091
0.102,2774
-0.289,10560
0.112,2523
-0.135,7798
0.00801,4958
0.458,468
-0.206,8516
-0.108,8094
-0.191,9830
-0.145,8613
0.135,2838
0.0406,4165
-0.124,8753
0.29,1245
0.0282,4405
0.393,823
0.299,1929
-0.0684,7099
-0.214,8992
-0.157,10141
-0.0633,5502
-0.137,7856
0.023,4846
0.15,1980
-0.0705,8681
0.155,1312
-0.0546,7023
-0.0744,8032
0.227,2333
-0.00967,5404
-0.0693,6999
-0.272,10823
0.167,2561
0.226,1834
-0.0709,6706
-0.359,10626
-0.0735,7393
-0.112,7024
0.153,1452
-0.0963,9120
0.326,118
-0.0057,5774
-0.0152,6132
-0.0888,9458
-0.0139,5966
0.652,127
0.25,1708
0.0628,4020
0.119,455
-0.0839,7887
0.0975,1462
0.17,2004
-0.213,8552
0.349,715
0.0205,4698
0.0149,4834
0.141,3168
0.123,2014
-0.0778,8551
-0.0767,6262
-0.109,8016
-0.113,8325
-0.0399,6266
-0.455,10989
-0.45,10204
-0.0127,5653
-0.036,7198
-0.0346,6742
0.115,1283
0.162,1471
-0.168,7144
-0.0682,6267
-0.0502,7333
-0.276,10875
-0.137,6476
-0.00887,5310
-0.0769,7068
0.0337,4377
-0.0581,7221
0.193,2106
0.0404,4171
0.0105,5255
-0.121,9165
0.146,1412
-0.021,5899
0.0173,5026
-0.164,9032
0.173,1753
-0.127,9132
0.229,1215
0.241,989
0.102,3470
0.553,1457
0.507,1339
0.0674,3847
-0.385,10880
0.338,715
-0.142,9564
-0.44,9904
0.0428,4284
-0.21,8987
0.244,2058
0.289,521
0.114,1884
0.261,1318
0.537,229
0.163,2263
0.131,2936
-0.00986,5743
0.343,372
0.0385,4524
0.261,477
0.0882,2253
-0.181,8052
0.211,952
-0.0691,8372
0.0678,4141
0.0503,4218
-0.177,9553
-0.102,6783
0.0951,2635
-0.98,11008
-0.258,9388
0.189,1267
0.0644,3182
-0.0261,6280
-0.249,9973
-0.0588,6960
-0.207,8558
0.283,999
0.335,611
-0.119,8403
0.0501,3990
0.0421,3827
-0.351,10720
0.261,860
0.165,1932
0.253,849
-0.0717,9041
0.0745,3488
-0.0426,7163
0.246,1432
-0.242,9153
-0.118,6972
-0.0558,7066
0.497,478
-0.218,8889
0.246,1739
-0.273,9616
-0.0792,8801
0.192,533
-0.38,10319
-0.356,10663
0.366,52
0.0359,4674
-0.07,9613
-0.0114,6596
0.0982,2440
0.488,399
0.275,376
0.0265,4533
0.00267,5299
-0.2,10384
-0.203,9067
0.207,898
0.238,2385
0.206,3238
0.129,1436
0.0893,3857
0.0272,4856
-0.246,10037
0.00276,5347
-0.0234,5975
0.0418,4392
-0.252,10788
-0.22,5793
-0.073,6368
0.0917,3847
-0.156,7623
-0.044,7817
0.00115,5293
0.0936,3169
0.124,2360
-0.167,10260
-0.0561,5830
0.0152,4941
0.176,736
-0.167,10453
-0.432,10240
0.327,675
-0.649,10766
0.134,927
-0.0909,7896
-0.0241,5302
-0.0432,6466
-0.00951,4901
0.556,312
0.507,6
0.0886,2637
-0.00343,5484
0.0788,2648
0.109,3421
-0.00249,5392
0.0225,4532
-0.0774,10356
-0.107,7189
-0.429,9885
0.14,2858
-0.143,9423
-0.0069,5820
-0.0355,6327
-0.0846,7678
0.0637,3257
0.567,203
-0.212,9471
-0.05,7014
-0.0588,6923
0.0413,4393
0.0148,4698
-0.531,10342
0.101,2256
-0.262,10084
-0.0151,6134
0.196,2907
-0.0515,6948
-0.114,5639
-0.081,8586
0.437,310
0.11,2273
-0.189,10519
-0.14,9468
-0.324,9728
-0.0108,5606
-0.00564,5582
-0.0693,7515
-0.299,10732
0.264,2209
0.278,1362
-0.131,6836
0.288,1077
-0.32,10994
-0.089,8715
0.107,2893
0.165,1976
0.199,2226
0.0612,3107
-0.0287,6436
-0.00272,5291
-0.2,9223
-0.0979,6656
-0.0012,5369
0.071,3145
0.348,644
-0.155,8740
-0.0182,5829
-0.255,8914
0.151,3301
0.251,1058
0.213,251
-0.0291,5481
-0.253,10173
-0.221,8642
-0.169,8685
0.0706,3611
-0.112,9239
0.101,3166
-0.193,9094
-0.163,8944
0.0553,4244
0.0991,2884
0.000844,4967
-0.389,9828
0.239,983
-0.39,9855
-0.0336,6062
-0.0101,5548
-0.066,7271
0.13,3353
-0.0541,6560
0.0467,3919
0.141,2373
-0.0825,7171
-0.0514,6446
0.343,219
0.36,718
-0.0389,6651
-0.134,8153
-0.0386,7072
-0.22,10882
-0.0952,6487
-0.153,8072
0.366,1214
-0.191,8021
0.146,1532
-0.151,9488
-0.145,7536
-0.303,10803
-0.0565,6562
0.356,964
0.173,1058
0.246,886
-0.112,8251
0.611,181
-0.0432,7756
1.17,44
-0.243,9835
-0.0789,6822
0.0229,4862
-0.209,9985
0.0137,4792
-0.302,7096
-0.262,10790
0.00268,5285
0.0271,4614
0.0157,4811
0.152,2362
0.0379,4445
0.102,1116
0.0845,2111
0.0255,4582
0.0274,4528
-0.0677,5702
0.407,2641
0.0787,2859
-0.0317,6552
-0.278,8858
0.328,1691
-0.071,5950
-0.0679,6444
-0.0518,5618
0.0947,2899
-0.191,9059
0.402,745
-0.183,8539
0.132,1880
-0.0171,5991
0.136,2098
0.00292,5173
-0.106,7233
0.123,3418
-0.0753,8163
-0.0832,7313
0.658,8
-0.115,8744
0.0716,2713
-0.0139,5509
0.0691,2147
0.0299,4265
-0.101,7623
0.231,1297
0.262,472
0.185,2291
0.258,311
0.0243,4513
0.522,1261
-0.101,6390
0.336,738
0.0299,4069
-0.244,7324
-0.0985,7760
0.129,1619
-0.0236,5790
0.288,1681
-0.0356,5813
-0.107,8790
-0.287,10656
-0.166,9401
0.0445,4064
0.644,15
0.00392,5223
0.045,3555
0.227,1122
-0.0205,5214
0.201,2934
-0.206,10347
0.138,1806
0.0408,4026
0.214,991
-0.202,9902
0.00713,4987
-0.345,9397
0.275,1331
0.111,2668
-0.176,9165
0.00109,4936
0.154,2419
-0.48,10714
-0.211,7345
-0.245,10245
-0.131,8382
0.15,498
-0.0374,5924
-0.206,9702
0.211,2374
0.0463,3360
-0.0825,7393
-0.207,9646
0.272,2128
0.143,3178
0.276,1726
-0.0576,6399
0.158,1466
0.0752,3720
0.0582,3923
0.000717,5336
0.0749,3678
0.0125,4878
0.183,1946
0.179,1145
0.214,933
0.0514,4376
-0.042,6477
0.16,1859
0.00967,4880
-0.116,7078
-0.0503,6973
0.0853,3881
-0.0661,7387
0.0106,5088
-0.0433,6424
0.192,2494
-0.287,10153
0.219,1597
0.0756,4323
0.144,2629
-0.0804,8721
0.305,340
-0.375,10897
-0.287,10854
-0.213,7472
0.162,2414
-0.0505,6450
0.524,627
-0.373,10906
0.247,2021
0.0139,5067
-0.311,10954
-0.0312,6073
-0.142,9302
-0.395,10495
-0.00945,5347
-0.12,7571
-0.0786,7552
-0.0277,6348
0.345,437
-0.117,7719
0.057,3562
-0.179,9039
0.138,786
0.0341,3882
-0.173,10180
0.58,49
-0.0192,6126
-0.0575,5293
-0.0954,8354
0.123,1373
0.131,1935
-0.143,7986
-0.213,9087
-0.223,8947
0.219,1641
-0.0688,7803
0.0119,4806
-0.241,9854
0.318,1513
0.0626,4083
0.0583,2202
-0.433,9352
0.0133,4755
-0.0295,5697
0.0541,3970
-0.157,9694
0.0563,3042
0.277,764
0.0194,5034
-0.438,10055
-0.278,9802
-0.022,5823
-0.162,10122
-0.0948,7714
-0.199,8303
0.106,3365
-0.0212,5458
-0.293,9897
0.135,1347
-0.0427,7372
-0.241,9092
0.429,93
0.169,2726
-0.312,10243
0.00357,5126
0.0361,3631
0.000801,5545
-0.399,7957
-0.0383,7135
0.0185,4820
-0.0799,8519
-0.0307,6792
0.195,2009
0.185,1657
-0.146,8739
-0.0287,5797
0.098,1923
0.0257,4532
0.214,2537
-0.116,8906
0.0248,4846
-0.388,10591
0.255,357
-0.068,6935
-0.0295,5495
-0.063,7307
0.354,2194
0.153,2057
-0.165,8658
0.021,4744
-0.262,9123
0.274,1743
0.0592,3878
-0.379,10674
0.0802,2897
0.0336,4050
0.27,711
-0.0355,6988
-0.395,9840
-0.0241,5919
0.596,973
0.121,2256
0.386,946
0.129,2587
-0.114,6241
0.0907,3572
0.0748,3185
-0.281,10044
-0.224,9333
0.0286,4619
0.0614,3699
0.101,3610
-0.291,10855
0.211,198
0.258,2552
-0.261,10311
-0.118,8037
0.00145,5078
0.301,256
-0.125,8178
-0.174,8929
0.321,932
0.124,3357
-0.0914,7320
0.0885,2398
0.0698,2066
0.111,2811
-0.0468,6209
-0.117,6939
0.14,2309
0.0148,4688
0.0634,3432
-0.0954,8220
-0.207,10786
-0.343,10634
0.54,909
-0.0698,8180
-0.0276,6179
-0.158,9681
-0.0031,5408
0.271,2211
0.0902,3863
0.118,1145
0.359,270
0.0694,3934
0.0549,4264
-0.414,10135
0.11,3080
0.149,1767
0.0543,3862
0.0182,5051
0.197,2485
0.0178,4797
0.12,3526
-0.0488,7798
0.285,300
-0.0427,6510
0.042,4270
-0.00363,5366
0.296,1301
-0.442,10990
-0.00224,5187
-0.0617,6919
-0.00967,5383
-0.00168,5203
0.0583,3514
0.04,4637
-0.095,8175
-0.0562,6463
-0.0105,5269
-0.408,8878
-0.0323,6170
-0.0841,8777
-0.0637,7426
0.135,2840
-0.236,9101
0.714,753
-0.0431,6152
0.0315,4584
-0.133,9218
-0.125,7484
0.141,2079
-0.0546,6955
-0.0237,5899
0.0186,4422
0.0771,2782
-0.0271,6200
0.181,1839
-0.17,7219
-0.613,10741
-0.0606,7352
0.0435,3789
0.186,2262
-0.116,7923
0.204,1592
0.0768,3444
0.293,919
-0.0373,6370
0.0476,3452
0.0174,4796
-0.295,9774
-0.0347,5851
-0.12,8822
0.126,1446
-0.0421,6167
0.0815,3364
0.0719,3470
-0.0138,6162
-0.0799,7823
-0.0448,6824
0.0798,3865
0.0666,4071
-0.138,6694
-0.197,8846
0.0718,3445
0.139,968
0.23,2486
-0.458,11004
-0.0667,7003
0.375,1690
0.193,865
0.253,883
0.173,1922
-0.00878,5571
-0.105,7640
0.212,3258
-0.0804,9845
-0.0416,5785
0.42,744
0.194,2221
-0.0371,6046
0.0706,3378
-0.0682,6954
-0.128,9506
0.0791,3132
-0.184,8954
-0.321,8217
0.218,1294
-0.132,9658
-0.314,9399
0.593,45
-0.0995,7830
0.0502,4133
-0.0597,8657
0.0101,4743
0.0828,3497
0.234,873
-0.0724,6401
0.308,1319
0.598,369
-0.00552,5585
-0.158,9421
-0.58,10836
0.508,894
-0.144,8188
0.432,1939
-0.0838,6989
0.182,1745
-0.0505,6762
0.0153,4742
0.145,2721
0.00983,4977
0.257,360
-0.247,10176
0.146,3671
0.19,2083
-0.672,10898
0.116,2166
-0.051,7454
-0.118,9965
-0.0518,6864
-0.171,9239
-0.0243,5552
-0.154,10482
-0.0904,8924
-0.0135,5813
0.245,2934
0.29,378
0.0233,4612
0.0168,5033
-0.121,8120
-0.16,10067
-0.269,10394
-0.053,6562
-0.1,7431
0.478,1043
-0.0728,7619
-0.0883,7119
0.0693,3744
0.0383,4208
0.00243,5066
-0.213,9142
0.0261,4489
0.109,2935
-0.0727,6994
-0.106,8355
0.105,1725
-0.0219,5972
-0.122,8042
-0.318,10639
-0.201,10052
-0.0362,6869
0.174,1293
0.116,3732
0.0851,3267
0.00191,5214
-0.232,9462
0.164,1972
-0.00875,5711
0.0295,4312
-0.0902,8419
0.0287,4516
-0.0905,7495
0.249,1851
0.425,696
0.217,1341
-0.184,8918
-0.00865,5562
-0.0514,6064
-0.101,7582
0.11,2861
0.454,885
0.0795,2760
-0.181,10299
0.12,1862
-0.316,10757
0.438,266
0.192,34
-0.0269,6460
0.0758,3057
0.0865,3793
0.291,1673
0.0121,4991
0.428,886
-0.125,10840
-0.101,8656
-0.157,9475
-0.182,8730
0.203,3249
0.101,3790
-0.165,10214
0.0359,4152
0.0588,3551
0.153,2174
0.0277,4436
-0.242,10335
-0.169,9852
-0.196,10144
-0.00212,5659
0.0452,4344
0.0492,4068
-0.0754,6682
-0.151,7751
-0.318,10275
-0.0772,6801
-0.229,9502
0.154,2697
-0.144,9163
0.0736,2677
-0.423,11020
0.0236,4840
-0.172,9168
0.194,190
-0.204,8796
-0.103,7562
0.0376,3764
0.121,1393
-0.306,10467
0.848,60
-0.0404,7185
0.145,1206
0.000908,5255
0.0157,4695
-0.0861,8690
0.824,208
0.151,1184
0.0317,4619
0.319,910
0.239,1291
0.353,1452
0.242,833
1.8,67
0.0406,4488
0.253,80
0.333,905
0.333,736
-0.0233,5622
0.0185,4617
0.224,1159
-0.173,10014
0.325,1287
0.241,1427
-0.383,10993
0.302,1293
-0.164,9959
-0.217,10150
0.269,241
-0.0211,5844
0.306,1122
-0.053,6656
-0.119,10266
-0.0583,7901
0.0839,3460
0.0922,3591
-0.0413,6033
-0.086,7226
0.113,2559
0.0534,3251
-0.344,9110
-0.00482,5445
0.00207,5387
0.116,3268
0.0229,4576
0.111,1931
-0.365,10731
-0.226,8041
0.111,1925
-0.23,7667
-0.112,9215
-0.156,9122
-0.0625,7051
0.424,362
0.312,1659
0.056,3797
-0.0581,7283
-0.0763,8004
-0.42,10660
0.388,701
0.32,1719
-0.0774,7287
-0.103,6450
-0.0406,6920
0.117,3213
0.055,3895
-0.336,10242
-0.0347,6336
0.169,829
0.0606,4027
0.135,2357
0.152,2899
-0.0331,5963
-0.0862,8061
-0.303,10748
0.0762,3593
0.178,2805
-0.0788,7355
-0.349,10342
-0.0441,6313
0.133,1250
0.0824,3255
-0.0903,8890
-0.0172,5868
-0.0446,6859
-0.197,9463
0.0903,2524
-0.0509,6807
-0.372,10158
-0.0426,7081
0.21,1978
-0.0276,6075
0.0653,1638
0.0163,4805
-0.313,10242
0.0732,3711
0.204,1494
0.102,3234
0.00498,5126
-0.0636,7140
0.117,3250
-0.115,8356
0.0516,3185
0.0206,4693
-0.352,10606
0.163,1471
-0.356,10924
-0.109,6882
-0.0782,6632
0.129,3045
-0.211,10775
0.198,547
0.0609,3591
-0.168,8359
-0.113,7921
0.199,2498
-0.0496,6743
-0.12,8945
-0.129,8162
0.0369,4607
-0.403,10659
-0.118,7353
-0.1,7827
0.338,87
0.08,3337
0.0425,4601
0.18,1450
0.128,1708
-0.0921,8221
-0.133,9315
-0.112,7661
-0.511,10104
0.137,2761
0.0387,4279
-0.046,6211
0.00943,4949
-0.0593,6745
-0.0377,6374
0.391,1757
0.038,4360
0.099,1749
0.00326,5221
0.0979,3438
-0.27,10169
-0.0147,5890
0.148,2405
0.128,2043
0.0796,2854
0.235,523
0.244,1422
-0.163,10200
-0.0454,5427
-0.0277,6087
-0.0468,8001
0.0343,4406
0.267,393
-0.145,6821
-0.3,10631
-0.0477,8072
0.0379,3662
-0.0691,7457
0.109,2723
-0.123,7537
0.202,867
-0.222,10028
-0.074,8481
0.0997,2421
-0.0841,6795
-0.905,10730
-0.135,8198
0.00688,4933
-0.108,9343
-0.278,10846
-0.403,10828
-0.0908,7995
0.119,2771
-0.104,9841
0.137,1333
0.127,2281
-0.335,8429
-0.00515,5593
0.439,1218
0.041,4659
-0.00492,5234
0.0473,4485
0.0902,2313
-0.0868,8587
-0.393,10590
-0.144,9044
-0.0436,6615
-0.0052,5505
-0.0636,7285
0.138,2212
-0.025,5863
-0.167,9396
-0.0658,6865
-0.105,6683
0.464,1066
0.244,1458
-0.047,5616
0.00792,5150
-0.0419,6527
0.478,520
0.309,288
0.335,789
0.095,3454
0.166,1753
0.694,14
-0.184,9283
0.0238,4507
0.281,916
-0.26,9254
0.0786,3592
0.0114,5107
-0.301,9946
-0.311,9159
0.00622,5245
-0.283,9643
0.0323,4459
-0.162,9650
0.125,2600
-0.552,10989
0.883,42
0.00538,4978
-0.177,10369
-0.331,10656
0.0908,2314
0.12,1688
-0.276,10019
0.0439,4581
0.054,4207
0.165,1183
0.271,1513
0.231,1502
0.255,3016
-0.526,8509
-0.035,5990
-0.246,9851
-0.0634,7070
-0.00521,5116
0.0162,4560
0.163,1575
-0.0972,8582
0.0414,3712
-0.106,8089
0.0681,3702
-0.0429,6585
0.0801,4289
-0.000536,5600
0.103,1652
-0.0363,5659
-0.0534,6716
-0.142,7747
0.138,2742
-0.0438,6890
-0.234,9826
-0.36,10537
0.395,636
-0.22,8482
0.293,901
0.171,1180
0.157,1590
-0.00235,5393
-0.155,9777
-0.0944,8264
0.0822,4087
-0.0468,7117
-0.166,9553
0.0515,3954
0.125,2098
0.1,2873
-0.0208,5178
-0.0547,7295
-0.104,9233
-0.0266,5762
-0.0517,6373
0.216,2230
-0.289,10224
-0.0503,7307
-0.205,8912
0.871,196
0.116,2897
0.0245,4534
0.288,1567
-0.183,9748
0.0666,3200
-0.154,8855
-0.289,10327
0.161,2046
0.106,2825
0.108,1902
0.132,1478
0.491,756
-0.184,9618
0.0909,2877
0.0883,3077
-0.269,10432
-0.148,9323
-0.153,8620
-0.05,7167
0.214,1118
0.0706,3104
0.0193,4905
-0.0081,5379
-0.00903,5427
0.0585,3704
-0.344,8923
0.0238,4683
-0.0478,7334
-0.179,10690
-0.189,10519
0.402,271
0.0032,5400
-0.123,9516
-0.0382,7553
0.207,1593
-0.106,8389
0.00742,5065
0.413,878
-0.0608,7164
0.0391,4516
0.282,766
0.299,923
0.2,1518
0.292,1177
0.137,1452
0.33,541
0.0708,3380
-0.0302,6223
-0.28,7967
0.783,32
0.0475,4157
-0.194,10093
0.0459,4121
0.0112,4927
-0.0958,7606
0.114,3051
-0.0825,7134
-0.13,9150
-0.0368,6195
0.0247,4721
0.385,1035
-0.0213,5589
-0.0484,6661
0.244,834
-0.0931,7772
-0.0681,6541
-0.256,10026
0.15,2013
-0.0368,6868
-0.0627,7496
-0.249,10578
0.00239,5377
0.725,150
-0.151,8998
-0.105,8249
0.217,654
0.279,1031
0.022,4700
0.233,391
-0.073,7268
-0.0267,6230
-0.179,10630
-0.37,8966
0.248,1349
1.37,580
0.104,2283
0.114,2443
-0.264,8252
0.802,497
0.144,2128
-0.386,10949
0.038,4245
-0.0042,5853
0.0398,4484
-0.322,10358
-0.171,7975
0.207,1946
-0.233,10417
0.178,2614
-0.0604,5975
0.0933,3162
-0.105,7714
0.0103,5073
0.0307,4492
-0.136,10439
-0.139,6930
0.311,816
-0.101,7108
0.0936,3292
-0.109,8774
-0.126,7911
-0.231,9844
-0.053,7868
-0.367,7201
-0.122,9247
0.0201,4440
0.00973,5074
-0.113,8838
-0.172,8072
0.239,1287
-0.439,9417
0.0694,2147
-0.0165,5985
0.458,386
0.0842,3382
-0.0569,6187
-0.124,8031
-0.251,10844
-0.382,10812
0.329,1243
-0.165,8790
-0.137,6228
-0.162,7787
-0.0153,5934
0.394,407
-0.112,7508
0.0224,4714
0.127,1197
0.2,1795
-0.0118,5545
-0.00709,5285
0.272,1182
-0.108,7698
0.181,2604
0.186,2283
-0.0675,8070
0.132,1361
0.0308,4029
-0.192,8906
0.318,932
-0.0672,7087
0.0736,2309
-0.0103,5919
0.0513,4250
-0.153,8156
-0.127,8090
0.254,98
0.28,896
-0.0746,7986
-0.182,9324
-0.00463,5557
-0.159,8251
0.00236,5261
-0.0793,10436
0.0248,4504
-0.0664,7348
0.359,1706
0.0602,3270
0.824,82
0.0065,5154
0.091,1809
0.355,629
0.0367,4537
0.859,34
0.16,2153
-0.168,10151
0.377,177
-0.000942,5618
-0.192,10200
0.074,3667
-0.358,10872
0.127,2969
0.00207,5234
-0.0405,6176
0.191,1119
-0.196,7970
-0.0251,5506
-0.145,10120
-0.0687,7571
0.0795,3736
0.228,1499
-0.137,7885
-0.0239,5950
0.0866,3078
-0.297,10011
-0.103,9942
-0.0072,5708
0.0866,4196
0.128,2546
-0.0967,8070
0.0305,4609
0.086,2765
0.0452,4138
0.063,3565
0.0177,4801
0.0399,4121
0.203,468
0.241,1361
0.0254,4675
0.206,1199
-0.00477,5479
-0.153,10401
0.139,1371
-0.00791,5801
-0.208,8460
0.228,2948
-0.224,10020
-0.0407,7268
0.0194,4496
0.0854,3652
-0.168,8511
-0.0141,5423
-0.239,10112
-0.184,10117
-0.336,10387
-0.0448,6627
-0.0836,7195
-0.039,6026
0.0869,2881
0.0109,4737
-0.0843,8390
0.106,2767
0.0996,3026
-0.0234,5884
0.2,359
-0.213,10046
-0.18,10544
-0.0256,6344
0.094,3339
0.0211,4655
0.0905,2259
-0.0469,7780
-0.151,7923
-0.0671,7410
0.0218,4474
-0.143,7581
-0.167,8934
-0.157,10237
0.0603,3520
0.0801,3646
0.216,505
0.0719,3951
0.0258,4808
0.0533,3064
0.0314,4420
-0.287,9124
0.0508,4327
0.0383,4616
0.0404,4363
-0.0216,5649
0.137,712
0.367,174
-0.17,8471
0.0727,2978
-0.11,7342
-0.24,9964
-0.277,10689
0.736,113
-0.0748,7232
-0.117,7679
-0.0224,5702
0.095,1753
-0.0698,6623
0.156,2094
0.13,1425
-0.101,7882
-0.00757,5408
-0.204,10819
-0.102,9511
-0.0154,5453
-0.167,8987
-0.025,5371
-0.0687,5890
-0.00403,5518
-0.029,7046
0.33,711
-0.0719,6349
-0.0151,6170
-0.283,10159
-0.0509,6805
-0.0431,7332
0.211,714
-0.0742,7762
-0.13,7920
-0.199,8109
0.0536,3140
0.00593,5165
-0.356,10819
-0.0969,7608
0.197,1601
0.0118,4818
-0.0774,7318
-0.0163,5846
0.00984,4763
0.353,373
0.0131,4695
-0.00451,5552
-0.0994,8579
-0.106,8886
-0.208,9548
-0.167,8208
-0.0336,6164
-0.031,6026
0.291,984
0.065,3753
-0.111,6813
0.165,1793
-0.198,10513
0.00871,5191
0.0399,4303
-0.17,8279
-0.0473,7564
0.195,1886
0.0552,3546
-0.0517,7055
-0.294,9283
0.318,662
0.125,2181
-0.00864,5491
0.0294,4327
-0.00536,5622
0.0815,2718
-0.281,10342
-0.0433,5959
-0.16,10289
-0.106,8695
0.264,1286
0.0425,4233
0.0955,2952
0.0385,3975
0.0666,2728
-0.189,9966
-0.0021,5439
-0.117,8370
-0.0955,7493
0.0569,2882
-0.0933,9115
-0.0238,6194
-0.125,9029
0.0663,3207
-0.752,10243
-0.03,6492
0.028,4329
-0.0915,9292
0.177,2068
0.0604,3461
-0.0353,6064
-0.0891,7770
0.0123,5274
0.334,365
-0.429,8811
0.0147,4590
0.0645,3566
0.0114,5043
-0.244,8937
0.429,317
0.0777,3438
-0.0212,6348
0.0075,4862
0.0194,4869
0.0256,4075
-0.00988,5730
0.0993,3127
-0.00452,5347
0.00328,5124
-0.114,6786
-0.223,10366
0.0876,2670
0.201,1199
0.11,2331
-0.044,6664
0.0535,4296
0.00343,5074
0.0795,3760
0.217,937
0.00946,4906
-0.263,10339
0.0397,4209
0.0995,1764
0.121,1495
0.39,93
0.0937,2919
0.206,1670
0.588,349
0.0324,4702
-0.0118,6024
-0.146,7844
-0.29,9696
-0.0715,6316
-0.171,8155
0.0381,4313
0.0646,3616
0.0323,4617
0.11,2537
-0.114,8718
0.137,1768
0.0329,4230
-0.0326,6223
-0.147,6845
0.183,3031
0.203,1836
0.357,436
-0.338,10648
-0.0864,8357
-0.0333,6194
-0.0333,6075
-0.0637,7026
-0.24,9904
0.015,5014
0.259,1070
0.0503,4387
-0.218,10154
0.109,1893
-0.285,10434
-0.015,5534
0.0474,4306
0.178,2394
0.0188,4592
-0.222,10766
-0.326,10629
-0.0401,6242
0.236,2493
0.21,451
0.0604,3342
0.046,4025
-0.38,10746
0.0784,3649
0.0274,4695
-0.00478,5579
0.148,1786
0.00866,5154
-0.151,10440
-0.134,8785
-0.0186,5504
0.212,2273
0.0855,3011
-0.286,9647
0.17,2073
-0.00492,5308
0.276,2697
0.642,803
-0.253,10694
0.316,1160
-0.149,7350
0.193,2096
0.154,3132
-0.0568,7079
0.00787,5078
-0.0496,6654
0.0824,3334
-0.442,10156
0.0299,5115
-0.117,7714
-0.0462,7117
-0.114,10451
0.0988,3428
-0.0446,6823
0.0886,2598
-0.17,9873
0.0921,2828
0.293,107
-0.361,10592
0.386,1154
-0.0618,6856
-0.211,9276
-0.0212,6380
0.0744,3150
-0.375,9862
0.298,1626
-0.0154,5932
0.349,1296
0.37,398
-0.339,10847
0.0994,2433
0.107,2224
-0.0447,7443
-0.0481,6776
0.0417,4167
0.178,1604
0.315,578
-0.114,8579
0.00845,4966
-0.589,10001
0.249,501
-0.0854,8135
0.0717,3580
0.591,65
0.106,2729
-0.102,8336
-0.046,7065
0.0907,2358
0.0253,4329
-0.118,7014
0.617,532
-0.155,7906
-0.0721,8231
0.0915,2924
-0.0918,8488
0.213,1532
-0.00144,5369
0.158,2957
-0.143,10176
0.301,614
0.2,1755
0.26,861
0.182,897
-0.271,8488
-0.0919,7701
0.129,2730
-0.035,6875
0.383,1288
0.165,2013
0.0848,3253
0.237,736
0.179,1438
-0.281,10024
0.0993,2642
0.1,3172
-0.133,9193
-0.0464,7157
0.0561,3444
-0.0435,6812
-0.45,9354
0.0439,4601
0.0548,4534
0.0805,2761
0.0272,4477
-0.0874,8121
-0.241,8481
-0.0479,6811
-0.131,7103
0.00467,5461
-0.247,10522
-0.301,8790
-0.0187,5887
0.153,3575
-0.0275,5512
0.0671,2458
-0.0809,7154
-0.0177,5512
0.0538,4308
-0.611,10793
0.212,708
-0.098,9284
0.0267,4553
0.218,1468
-0.0386,6061
-0.521,9898
0.13,3133
0.0142,4690
0.362,12
0.0586,4124
-0.0145,5231
-0.193,9532
0.000572,5104
-0.104,8560
0.0899,3242
0.396,343
-0.336,10547
-0.0632,5634
-0.0339,6377
0.233,1298
-0.134,7614
-0.0541,6886
-0.0498,6824
-0.716,10052
0.00107,5246
0.023,4527
0.0102,4881
-0.0503,6680
-0.0106,5493
-0.341,7627
0.132,2936
-0.00214,5279
0.0948,1547
-0.21,7891
0.612,687
0.384,1375
-0.236,10186
-0.243,10696
0.106,2364
-0.0558,7710
-0.13,9400
0.152,2478
0.049,4380
0.0702,3381
-0.352,10580
0.115,2872
0.162,2080
-0.221,10520
-0.331,9231
-0.136,9238
0.155,2103
0.00297,5076
-0.132,9550
-0.0376,6608
-0.347,10789
-0.0541,7098
-0.101,7581
0.269,1882
0.175,1153
-0.276,10092
-0.124,7773
-0.0262,6246
0.0651,3422
0.00902,5214
-0.00807,5755
-0.0467,6013
-0.933,10716
-0.0466,6566
0.229,320
0.343,1916
0.249,1038
-0.0434,6447
-0.344,10752
-0.282,10569
0.176,685
-0.268,10356
0.313,1404
-0.358,11024
-0.032,6057
-0.242,10608
0.0588,2988
-0.0142,5755
-0.541,10021
0.359,545
0.0128,5079
-0.13,9206
-0.197,8322
0.0998,2341
0.239,1486
0.00259,5311
0.904,70
-0.144,9049
-0.0403,7014
-0.0333,6058
-0.0285,6205
0.163,2247
-0.347,7903
0.00332,5451
0.0178,4707
-0.0933,6988
0.119,1871
-0.859,10155
-0.16,9943
-0.088,8671
-0.215,10704
0.1,2464
0.522,857
0.253,744
-0.259,8718
-0.165,9985
0.223,1385
0.11,3758
0.244,744
-0.192,6797
-0.151,8923
-0.232,10526
0.0318,4600
-0.103,7433
0.00763,5115
0.168,1714
0.317,2341
0.0315,4469
-0.0587,6943
0.214,793
0.00287,5440
-0.07,6709
0.021,4498
-0.312,10479
-0.0323,6782
0.229,1230
-0.263,10702
-0.395,8687
-0.239,10023
0.0993,2726
-0.211,10189
0.219,1245
0.264,175
-0.386,7978
-0.0246,6339
-0.183,9639
-0.232,9058
-0.163,7544
0.141,2296
0.326,2516
-0.37,10981
-0.168,7603
0.0411,4292
-0.343,10212
0.0764,2947
0.233,987
0.0136,4377
0.0693,2837
-0.0989,8229
-0.248,10570
-0.0284,6378
-0.0293,5807
-0.23,10050
0.267,422
0.121,1963
-0.382,10090
0.00687,4944
0.208,1962
0.71,13
-0.226,8192
-0.267,10744
-0.134,8396
0.104,1879
-0.0417,6277
0.73,177
-0.0123,5934
-0.0126,5524
-0.0988,7530
-0.145,8675
0.005,5083
0.172,1580
-0.0405,7337
-0.0813,8485
0.00707,5130
-0.134,7559
0.201,2812
0.0788,3818
-0.164,10660
-0.0163,6090
-0.622,10602
-0.0552,6977
0.0842,3271
-0.123,9270
-0.0919,7562
-0.0103,5870
-0.0211,5378
-0.148,6464
0.214,3181
0.0899,2497
-0.0963,8099
0.00206,5410
0.52,906
-0.13,9652
-0.189,4549
-0.161,8105
0.106,2811
0.598,268
-0.182,9088
-0.0541,6477
0.0578,4136
0.552,123
-0.0616,7126
-0.0822,7997
0.22,738
0.116,3225
-0.165,8819
-0.0717,7507
-0.0388,7379
0.0491,4200
-0.131,8892
-0.0924,6433
0.107,3854
0.0825,2543
0.0399,3908
0.148,1164
-0.0496,6799
0.048,4180
0.325,458
0.0294,4706
0.157,1279
0.0352,4361
0.319,459
-0.00708,5717
0.0274,4635
0.319,2753
-0.271,10709
-0.134,7530
0.159,2305
-0.168,8032
-0.166,9281
-0.0223,5684
-0.0556,7144
0.326,565
-0.369,10498
-0.192,9791
0.724,302
0.128,2629
0.000422,5246
-0.12,9160
0.0504,4205
0.234,292
0.293,1483
0.159,2533
0.0398,3677
-0.123,9279
-0.162,8047
-0.196,9495
0.0243,4692
-0.387,10712
0.0422,4578
-0.0659,7313
-0.0367,6445
-0.185,8750
-0.0719,6120
-0.186,7667
-0.0997,6994
0.0803,1547
0.0595,4393
-0.0426,6783
-0.0396,5814
-0.102,8899
-0.0333,6615
-0.106,8185
-0.184,7725
0.104,3467
-0.0608,4135
-0.00634,5139
-0.13,8946
-0.0239,6087
-0.306,10281
0.171,2887
-0.191,8531
0.488,566
-0.00696,5593
0.154,1101
0.0274,4708
0.0641,4122
0.0565,4139
-0.0754,7872
0.153,1562
-0.00175,5477
-0.241,5410
0.515,454
-0.0525,7633
-0.0184,6308
-0.0256,6085
0.0722,3281
-0.294,10287
-0.517,11007
0.134,2393
-0.0756,6677
-0.0769,7853
-0.0723,7685
-0.203,9686
0.0423,4547
0.062,4199
-0.118,8003
0.0614,3467
-0.057,7205
0.00966,5305
-0.015,5929
-0.177,7822
-0.528,10810
0.0746,3424
0.0916,2936
0.0871,4074
0.0618,4044
0.207,1720
-0.00356,5443
0.0279,4741
0.000963,5531
0.529,1794
0.0782,3218
-0.0313,6219
-0.14,7383
0.258,1271
0.106,3287
0.0517,4381
-0.273,9407
-0.0188,6127
0.068,3050
-0.0367,6682
-0.173,10413
-0.281,10777
-0.00795,5110
0.259,1435
0.439,1057
0.0784,2755
-0.124,8612
0.242,691
0.0415,4508
0.121,1856
0.0968,3480
-0.00765,5608
0.324,1699
-0.0142,5729
-0.283,8766
-0.107,6502
0.255,1792
-0.182,10327
0.108,1506
-0.00525,5550
0.416,916
-0.0366,5580
-0.000449,5322
-0.192,9121
-0.0377,6041
0.0419,4376
0.145,1665
-0.245,8885
-0.441,10667
0.0555,2498
-0.303,11003
0.29,780
-0.0202,6050
1.46,143
0.182,2244
-0.0876,8930
-0.236,9543
-0.248,9703
-0.208,8929
0.0137,5061
0.347,1066
-0.215,9393
-0.0904,6633
0.06,3958
0.175,2136
-0.0685,8258
-0.0934,8209
-0.282,10151
0.157,1682
-0.0627,6733
0.12,2468
0.128,3748
0.0724,2656
0.162,2001
0.397,203
-0.171,9675
0.295,960
-0.173,10003
0.16,3092
0.151,1289
0.219,762
-0.131,8378
0.131,1845
0.113,2236
-0.196,7722
0.108,2173
-0.362,10921
-0.233,10105
0.178,1633
-0.474,9677
-0.0123,5329
-0.0314,6527
0.0689,3629
-0.1,6191
0.137,2391
-0.0415,6329
0.0447,3944
0.0291,4484
-0.168,10262
0.118,2559
-0.234,7130
-0.0395,5660
-0.0595,7231
-0.167,10698
-0.0107,5570
-0.102,8414
-0.182,9898
0.109,2117
0.152,2646
-0.0878,7747
-0.0267,6322
-0.138,6969
0.141,2597
0.292,376
0.0938,3674
-0.0784,8932
-0.0218,5870
-0.349,10934
0.238,2921
-0.255,10143
-0.0718,7131
0.136,3563
-0.0242,6144
-0.0598,7326
0.151,3017
-0.0138,5558
-0.0368,5728
-0.0763,7660
0.293,79
0.0905,4157
-0.052,6427
0.0218,4808
-0.258,10841
0.208,380
-0.0397,7066
0.238,2266
0.0929,3048
-0.138,5610
0.0346,4041
0.0669,3603
0.185,1560
-0.0947,6306
-0.0516,6512
-0.128,8474
-0.248,10154
-0.143,10159
-0.111,8574
-0.0318,5771
0.238,1997
0.283,1621
-0.0668,7111
0.164,810
-0.0719,7600
0.166,2062
-0.137,8480
-0.277,9894
-0.0901,6884
-0.145,9121
0.0868,2223
-0.016,5569
-0.152,6934
0.102,2190
0.0692,2700
-0.0603,7122
0.503,994
-0.0958,8695
0.128,992
-0.0553,6621
0.151,258
0.0654,3503
-0.237,10975
0.143,890
-0.191,10150
0.0637,3729
0.0808,3097
-0.215,9732
-0.04,5972
-0.0426,6780
0.014,5047
0.0917,2721
-0.498,10793
-0.0907,5860
-0.164,6856
0.177,2927
0.202,825
-0.0477,5804
0.0944,3253
-0.00788,5701
-0.026,5991
0.112,2941
-0.0461,6894
-0.118,8220
0.195,3157
0.0398,3711
-0.0241,5907
0.0181,5028
-0.0352,6055
0.027,4737
-0.0858,6860
-0.196,10676
-0.265,10276
0.317,137
-0.0427,6800
-0.184,9843
0.0174,4956
-0.0129,6173
-0.0541,7649
0.108,3457
-0.127,7699
-0.00337,5172
-0.0071,5423
-0.031,6628
0.285,411
-0.199,9412
-0.0257,6075
0.43,1727
-0.307,10617
0.00329,5272
0.201,1564
0.0291,4490
-0.0164,5679
0.0424,4420
-0.0777,6403
-0.153,8946
-0.128,9610
-0.174,8788
-0.0152,5043
0.000781,4862
-0.143,9106
-0.144,8534
0.241,1356
-0.384,10546
-0.453,11010
-0.0575,6904
-0.151,6323
-0.34,10403
-0.042,7052
-0.147,9129
-0.134,8880
-0.129,8623
-0.0701,6881
-0.146,9401
-0.313,10298
-0.00458,5493
0.36,1692
-0.128,9654
-0.0328,7042
-0.037,6424
0.128,1815
-0.218,10184
-0.166,8875
-0.211,9510
-0.0806,7634
-0.0631,7318
-0.254,8805
-0.564,9273
-0.0207,5424
-0.179,10817
0.181,1714
0.0531,3274
-0.146,7376
0.0472,4131
-0.0825,7628
0.213,85
-0.661,9325
-0.439,10465
0.541,208
0.374,582
0.12,1718
0.0105,4863
-0.307,10525
0.157,2713
-0.698,10543
0.193,902
0.069,2696
0.0268,4067
0.198,1080
0.505,217
0.00614,4908
-0.0103,5316
0.0176,4846
-0.196,10828
-0.236,8607
0.0245,4577
0.193,3370
0.286,466
-0.239,10061
-0.242,9602
0.0285,4533
0.0252,4544
-0.0553,6895
-0.283,8648
0.25,1100
0.836,140
-0.0877,6965
0.138,2188
-0.121,6881
-0.346,10989
0.273,822
-0.0611,7652
0.068,3255
-0.159,7904
-0.297,9418
0.223,1196
0.138,1630
0.108,1962
-0.225,7376
0.579,184
0.36,405
-0.156,8388
0.0198,4960
-0.1,8353
-0.000352,5256
-0.00123,5206
0.168,2765
0.303,644
-0.0678,9407
0.0967,2787
-0.132,9049
0.235,1707
-0.459,10965
-0.198,8474
0.0139,4783
-0.12,7964
-0.103,7497
-0.146,7786
-0.0512,6356
-0.277,6846
0.0671,3103
0.0631,3869
-0.0516,6493
0.00856,5193
0.39,269
0.101,2605
-0.071,8283
-0.226,10830
-0.117,8899
0.0464,4278
-0.337,10366
0.719,812
-0.0209,6294
-0.0611,7148
0.261,1875
0.358,655
0.082,3891
-0.103,7487
0.073,1707
0.0555,4521
-0.342,10969
-0.0197,6196
-0.123,7865
0.115,3173
-0.225,10551
-0.0353,6631
0.0733,4401
0.0634,3832
-0.04,6072
-0.232,9819
-0.178,9856
-0.105,7890
-0.213,10943
0.0779,2455
-0.0629,7958
-0.204,10556
0.084,2507
-0.0844,8264
-0.265,9354
0.197,2971
0.108,3273
0.0904,3655
-0.0918,8296
-0.102,8527
-0.0959,8535
0.152,2453
-0.345,10539
-0.116,8559
-0.0381,6925
-0.0894,8163
0.407,284
0.0398,4584
-0.145,7942
-0.34,9732
0.438,227
0.185,1105
-0.624,10984
0.00936,5060
-0.116,6620
-0.0526,7063
0.00531,5350
-0.131,9991
0.27,1006
-0.0683,6841
0.356,220
0.0354,3925
0.0355,4008
0.124,1591
-0.0258,5504
-0.0772,7117
0.0299,4590
0.0724,3015
0.0836,1764
0.0542,3986
0.0521,3176
0.0809,2642
-0.0369,6010
-0.324,9990
0.0896,3647
0.254,759
0.0104,4942
-0.0962,7679
0.105,3235
0.0872,3386
0.22,2501
-0.171,10708
0.504,285
-0.0845,6885
-0.166,9659
-0.0975,7215
0.194,3072
-0.0261,6451
0.0293,3923
0.225,1183
-0.0989,7615
0.228,935
-0.084,8164
-0.172,10332
0.25,504
-0.235,9069
0.211,1892
-0.142,6522
-0.139,9139
-0.202,10171
-0.272,10824
-0.174,9981
-0.0091,5407
-0.0284,6296
-0.293,9073
0.322,1481
0.00679,5040
-0.02,5576
-0.0389,6353
-0.386,10520
-0.458,10288
0.172,1426
0.014,4732
0.326,129
-0.0516,6533
-0.112,7889
0.117,2901
-0.161,7550
0.48,0
0.0363,4286
-0.011,5662
0.161,2239
-0.227,10011
-0.057,8634
0.206,1628
-0.000954,5327
-0.0586,6778
0.0409,3905
0.249,1130
0.138,3694
0.144,982
0.257,512
0.225,410
0.235,2039
-0.0278,5554
0.554,421
-0.151,8545
-0.0409,6861
-0.177,8787
-0.438,11004
-0.126,8335
-0.0938,6973
0.106,2844
0.224,527
0.0412,4309
0.151,2545
0.139,2139
-0.832,10992
0.0208,4615
-0.0756,8243
-0.366,10178
-0.356,10702
-0.523,10155
0.0914,4083
0.228,357
-0.0325,5991
-0.0343,6037
-0.108,7386
-0.178,8596
0.204,2812
-0.122,9673
0.342,319
-0.106,8803
0.206,2205
0.27,348
0.0873,3981
-0.034,7153
-0.155,9852
-0.42,10633
0.141,2425
-0.157,9544
0.195,2607
0.0144,4525
-0.0236,6898
0.288,1105
0.227,363
-0.239,9825
-0.262,9791
0.355,1085
-0.0563,5999
0.488,381
-0.201,8751
-0.57,10670
-0.0946,7635
-0.126,9082
0.123,1499
-0.276,6477
-0.0523,6161
0.293,1436
0.134,1029
0.0787,1749
0.129,1543
-0.0781,7723
-0.000494,5406
-0.647,10911
0.146,2540
-0.136,9047
0.113,2914
0.278,1986
-0.0477,6147
0.376,1251
0.0517,4187
0.0519,4097
0.0551,1996
-0.418,10751
-0.296,7152
0.344,303
0.146,2003
-0.106,9087
-0.167,8877
-0.147,5840
-0.193,9924
0.15,2607
-0.2,8734
0.317,761
-0.107,9149
-0.0738,6947
-0.237,10337
0.0727,3580
0.125,2485
-0.0589,7958
0.482,70
0.0969,3339
0.00552,4956
0.119,3023
0.09,4089
1.01,788
-0.0895,9406
0.0366,4473
-0.127,8180
0.159,1863
-0.52,10929
-0.14,8373
0.205,1905
0.805,133
0.219,911
-0.0852,7066
-0.0124,5811
0.281,367
-0.0452,7091
-0.319,9867
-0.21,9591
-0.225,9720
0.241,1631
0.316,532
-0.0229,5948
0.0181,4778
0.189,2286
0.256,3013
-0.0881,6341
0.16,2188
0.172,2711
0.374,146
0.107,2307
0.0602,4157
-0.0126,5444
-0.244,10809
-0.0345,6500
0.258,874
0.108,2996
-0.256,9913
-0.0825,6780
0.0533,3449
0.261,981
-0.00309,5345
0.129,1913
-0.194,9904
0.127,3152
-0.00139,5481
-0.258,10311
0.114,3191
0.0672,3814
0.0952,3522
-0.335,8940
-0.00325,5371
-0.0515,7618
0.159,1787
-0.0122,5763
-0.282,9830
0.0592,3725
-0.115,7981
0.0947,3056
-0.161,8774
-0.221,10656
0.788,161
0.352,817
-0.194,8159
-0.0456,6622
-0.217,9483
0.0496,4422
-0.00714,5618
-0.0194,5732
0.0203,4653
0.0882,2566
-0.273,9695
0.148,2953
0.0737,3624
0.0434,4378
-0.121,8479
0.0405,3359
-0.0424,6457
0.138,1895
-0.021,5151
0.00839,5068
-0.171,9866
-0.224,9911
0.0996,3253
0.102,3074
-0.321,10004
-0.0315,6172
0.155,1207
-0.0396,7622
-0.146,8313
-0.164,8768
-0.232,9427
0.383,1235
-0.0576,6716
-0.164,9329
-0.0352,6504
-0.681,10756
-0.182,8064
-0.348,10306
-0.0397,6900
0.283,1025
-0.128,7901
0.244,578
0.00624,5070
-0.148,8786
0.184,945
-0.093,9455
-0.0221,5528
0.0131,4769
0.134,3211
-0.386,10181
0.0269,4381
0.057,3800
-0.112,8435
0.0532,4109
-0.104,9251
-0.179,8387
-0.216,9817
-0.212,9092
0.263,647
-0.0973,8470
-0.0461,6600
0.15,3518
-0.0255,6139
0.309,1594
0.181,1637
0.0826,2892
-0.258,10162
-0.102,7241
0.153,1806
-0.124,10594
-0.221,10662
0.098,3539
0.0353,4636
0.00343,5433
0.0972,1145
-0.0433,6299
-0.244,9955
-0.216,10232
-0.313,9553
-0.126,7444
-0.124,9545
0.0691,3178
0.0818,3860
-0.0582,7120
0.0183,4980
-0.0905,8186
0.026,3988
-0.115,10131
-0.354,7841
0.0316,4323
0.118,1298
0.148,2057
-0.0944,8405
0.0812,3271
-0.154,6361
-0.22,8237
0.0731,3809
-0.0871,7138
0.0558,3292
-0.174,9673
-0.119,8097
-0.33,9481
0.416,1464
-0.0783,7529
-0.116,7940
-0.0277,6151
-0.0995,9578
0.0641,4040
0.0265,4669
0.0544,4048
-0.0107,6015
-0.00921,5343
0.242,761
0.171,2856
0.237,2670
0.00458,5483
0.446,115
0.0501,3893
-0.222,10347
-0.0471,6303
-0.104,8119
0.181,1043
-0.035,5776
0.241,972
0.0383,4191
0.000604,5057
-0.271,9575
0.0386,4137
0.107,2353
-0.0396,6013
-0.377,10733
-0.0284,6201
-0.00353,5548
0.0609,3575
-0.0653,7935
-0.109,6872
0.0429,4437
0.0963,3801
-0.161,9305
-0.000983,5560
-0.0616,6963
0.0439,4200
0.238,153
0.0651,3230
0.0979,3335
-0.0556,6967
0.247,1122
-0.055,6821
-0.274,10178
-0.163,8774
-0.0978,8098
0.199,2561
-0.191,9560
0.174,646
0.176,1502
-0.0899,7517
-0.371,10076
0.144,1410
-0.458,10182
-0.025,6296
-0.303,10208
-0.343,10586
0.135,2682
-0.0957,7982
-0.0371,6839
-0.214,10504
0.0792,4153
0.224,2814
0.151,3214
-0.0137,5559
-0.0795,7647
-0.371,10719
-0.0622,7122
0.0286,4549
0.0762,3907
-0.0128,6155
-0.078,7179
-0.173,8466
-0.0893,8881
-0.19,9250
0.0168,4892
0.157,1938
-0.215,10295
-0.1,7408
-0.0656,6937
-0.453,10102
0.0349,4554
-0.231,10896
0.224,1272
-0.194,9775
0.0622,4093
-0.329,7875
-0.0825,5901
-0.187,10863
0.0459,4567
-0.0697,6840
-0.073,7009
0.431,604
-0.685,9544
0.0678,3235
-0.0264,5359
-0.00315,5378
-0.133,8858
0.164,2831
-0.0861,7126
-0.144,9839
0.337,684
-0.266,10833
-0.177,8606
0.258,678
0.0925,2853
0.12,894
0.168,1280
-0.4,10541
0.0957,3088
-0.138,7794
0.258,1765
0.076,3215
0.0943,3098
-0.146,9157
-0.135,8159
-0.149,8729
-0.272,10344
0.163,703
-0.00867,5736
-0.179,9772
0.182,684
-0.064,6099
0.0452,4471
-0.166,9731
0.254,391
-0.286,10657
0.282,531
-0.0043,5163
-0.222,7809
-0.0356,6768
0.291,41
0.146,1717
0.0863,3796
-0.0885,7030
-0.0323,5676
0.146,1811
0.209,596
0.043,4432
-0.244,8973
0.28,605
-0.305,9810
-0.0824,7576
-0.0947,9170
-0.236,9507
0.42,464
0.259,2377
-0.171,8092
0.101,1980
0.00206,5127
-0.242,8650
-0.000896,5481
-0.0431,6199
0.0646,3442
0.0214,4630
-0.243,10886
0.124,2505
-0.139,8294
-0.206,8176
-0.0473,6315
0.297,452
0.144,1079
0.0749,2496
-0.0313,6182
0.411,723
-0.00398,5540
0.013,4883
0.244,664
0.0414,3765
0.039,4734
-0.0231,6255
0.055,3842
0.0459,4027
0.0791,3043
-0.00707,5306
0.176,1154
-0.136,6865
0.165,2543
-0.0394,7121
0.275,111
-0.0676,7498
-0.114,8267
0.00729,4996
-0.162,7743
0.367,118
0.138,1700
0.0986,3224
-0.0409,5964
-0.0741,7258
-0.122,8173
-0.097,7667
-0.169,10578
0.00621,5024
0.0363,4401
-0.111,6511
0.0923,2734
-0.102,9096
-0.26,10233
0.0911,3374
-0.426,11032
-0.142,7834
0.229,1138
-0.187,10093
-0.0621,8675
-0.095,8298
-0.078,8313
0.0431,4260
0.0958,3322
0.154,1493
-0.116,10492
-0.217,8975
0.436,292
0.283,1586
-0.331,7664
0.158,1787
0.278,454
0.0169,4960
-0.0316,6937
-0.0699,7490
0.0872,3098
0.143,2487
-0.00242,5328
0.134,2968
-0.131,8804
0.271,1217
-0.946,10096
-0.528,10723
-0.0909,7988
0.0591,4056
-0.24,10170
0.434,1218
-0.342,10147
0.134,2083
0.143,905
0.175,2369
-0.0181,5211
-0.271,10385
0.126,2904
0.0262,4565
0.222,657
-0.0824,7915
-0.223,8526
-0.221,9546
0.238,2707
-0.0613,8033
-0.103,8696
-0.514,10585
0.241,1339
-0.207,7932
-0.127,6886
0.0477,4024
0.204,512
0.0907,2640
0.0692,2811
0.174,2091
0.194,2841
-0.155,9037
-0.342,10089
-0.225,8695
0.286,929
-0.309,10101
-0.14,8877
0.209,1570
0.0359,3814
-0.0288,6035
-0.215,10007
-0.109,8150
0.0208,4757
-0.0901,8390
0.0391,3525
0.0336,4375
-0.29,9172
-0.0582,6403
-0.397,10765
0.118,391
0.00558,5240
0.172,2044
0.0625,3837
-0.221,9625
0.172,2481
0.0829,2817
0.096,2651
-0.0431,6182
0.014,4710
0.136,2516
0.0168,4858
-0.0066,5509
0.0706,3402
0.0138,5011
0.779,153
-0.216,9323
-0.094,9048
0.0523,3532
0.0268,4582
-0.415,9691
-0.018,5525
-0.106,6699
0.209,2498
0.0411,4358
0.0627,3430
-0.0699,6885
-0.31,10681
0.445,2030
-0.411,10967
-0.1,7029
-0.0531,6908
0.0541,3682
0.252,710
0.00915,4963
-0.0713,8529
0.0999,2148
0.122,1769
-0.0428,6786
-0.0084,5297
0.202,2440
0.285,1826
-0.0402,6771
-0.149,9156
-0.521,10885
-0.0534,6313
0.0039,5002
0.106,2789
-0.0423,5809
-0.0207,6401
-0.124,8689
0.265,810
-0.0803,6788
0.375,473
0.173,314
-0.124,9907
0.199,2113
0.0397,4625
0.157,405
-0.27,9377
-0.101,8492
-0.057,7633
0.0016,5190
0.0173,4904
0.309,1605
0.119,1616
0.0606,3464
-0.124,9684
-0.0143,6191
0.165,1740
-0.0908,7851
0.952,253
0.085,3174
-0.0501,6867
-0.0389,6261
0.0617,3155
-0.184,9863
0.127,1067
-0.0311,7684
-0.116,9111
0.219,1277
0.225,1047
-0.108,7041
0.672,170
0.151,2164
-0.0998,8458
-0.176,8363
0.364,886
0.186,529
0.336,2274
0.0912,3765
-0.0574,7582
-0.179,10233
-0.08,7276
0.182,1891
0.0448,4290
0.246,39
-0.157,9217
-0.0611,7428
-0.282,9596
0.00753,4955
-0.0772,6064
0.418,397
0.0136,5007
3.89e-16,272
