coef,rank
-0.0707,6292
0.0294,4633
0.144,1366
0.205,2429
2.11,390
-0.247,6895
0.151,3536
-0.113,8320
-0.149,9758
0.158,1972
-0.264,10109
-0.114,7365
-0.206,10106
-0.152,10214
-0.0502,7034
-0.0455,6502
-0.135,6554
-0.248,7603
-0.0328,6994
-0.143,10766
-0.0742,7407
0.192,828
0.386,1160
1.14,13
0.488,24
0.0922,3218
0.17,2545
0.203,1675
-0.0288,6753
-0.362,7946
0.199,1657
-0.00168,5394
0.083,3712
0.0496,4377
0.0449,4166
-0.0725,6634
0.152,1799
0.142,859
-0.0318,6185
0.602,282
0.128,2821
-0.161,8480
0.237,400
-0.0229,6781
-0.261,10163
-0.0571,6772
0.168,2416
-0.279,9265
-0.0701,8685
0.0745,1901
0.81,14
-0.113,8675
0.0266,4689
0.285,1088
0.264,1035
0.00533,4987
0.0635,3332
0.484,487
0.0307,4733
0.0125,4859
0.141,761
0.0284,4649
-0.103,7202
-0.22,9379
0.00893,5061
0.11,1214
-0.0845,7546
0.00277,5410
0.00613,5283
0.0708,3021
-0.189,9549
0.41,1815
0.243,452
-0.0609,7127
0.147,2250
0.13,2979
-0.123,6702
0.136,1671
0.278,374
-0.0658,7594
0.128,2307
-0.0197,5814
0.495,1053
0.00338,5066
0.0141,4973
0.0413,3980
-0.159,9342
-0.0132,5559
0.347,362
-0.209,8397
0.0247,4454
0.0231,4268
0.0669,3865
0.153,2313
0.179,2527
-0.235,9145
-0.212,9161
-0.111,8964
-0.17,7621
-0.0403,7410
-0.19,9505
0.266,998
0.00273,5358
0.001,5225
-0.228,10439
0.00301,5231
-0.173,7666
-0.151,7988
0.0593,4043
0.502,76
0.0216,4698
0.218,1039
-0.368,8394
0.359,942
-0.141,9853
0.155,678
-0.323,10227
-0.2,10160
0.0271,4309
0.268,1165
-0.0056,5516
0.0985,1859
0.0642,3112
0.0813,2613
0.241,1973
0.217,2878
0.0246,4395
-0.172,8926
0.212,1957
-0.194,9400
0.138,2854
0.234,1637
-0.0385,6727
-0.0609,7341
0.164,2676
-0.148,9760
-0.614,8310
0.707,409
0.006,4961
-0.0814,7904
-0.224,8953
0.04,3995
0.287,1397
0.217,1435
-0.0385,6274
0.0841,3221
-0.0136,5253
-0.0499,6498
-0.0903,8607
0.46,500
-0.0487,6916
-0.0352,6776
0.0843,4045
0.418,235
-0.153,6971
-0.0421,6199
-0.164,10024
-0.0283,6193
-0.25,9167
0.215,1233
-0.227,10285
-0.205,10324
-0.0825,7404
0.0487,2955
0.163,1791
0.0714,3918
0.059,3362
-0.156,10222
-0.213,9695
-0.0415,6896
0.134,2576
-0.294,9176
-0.0842,8167
0.0395,3704
0.0195,4162
-0.0183,5700
-0.18,10290
-0.0589,6605
0.26,2842
-0.0219,6350
0.106,2553
0.0473,4367
-0.201,9851
0.0214,4790
0.0168,4437
-0.0195,6393
0.213,600
-0.091,8078
-0.224,9302
0.0746,3141
0.342,2165
-0.0199,6010
0.0584,3542
0.0135,4852
-0.0357,6448
-0.0453,6218
-0.0109,5008
0.0846,2921
-0.302,10325
0.224,1450
-0.0351,6777
-0.0183,5506
0.0835,2811
-0.0883,6592
-0.031,6523
-0.271,10747
0.0195,4957
0.902,187
-0.0456,6505
0.112,3114
-0.236,10696
-0.0757,8404
-0.147,9207
-0.33,10467
-0.278,9951
-0.203,9143
0.0762,1841
0.0137,5027
0.0671,3646
0.139,2619
0.183,2401
0.847,56
0.00106,5353
-0.0797,8336
-0.0889,9118
0.233,1723
-0.0818,6434
0.0175,5117
0.287,142
0.129,1229
0.0336,4116
0.000487,5283
0.234,1262
-0.0427,6379
-0.0378,5871
-0.101,10015
-0.131,8287
-0.0139,5535
0.15,3223
-0.153,8393
0.164,2365
-0.546,8409
0.0268,4848
-0.125,8911
0.0499,3836
0.0535,4326
-0.107,8897
0.102,3106
0.0845,3626
0.0184,4820
-0.721,9295
-0.00333,5275
-0.0674,7898
-0.167,10558
-0.125,7108
-0.375,9904
-0.00796,5169
-0.391,8898
0.151,1756
0.00411,5106
0.0761,3229
-0.0881,7951
0.155,2388
0.115,2962
0.362,125
-0.0827,7258
0.321,1313
-0.105,8303
-0.0306,6324
0.23,1827
0.146,2269
-0.0252,6710
-0.237,10401
-0.318,10681
-0.248,9777
-0.116,8307
-0.0887,7482
0.0592,3958
0.0141,5104
-0.163,8763
-0.138,8122
-0.127,8894
0.0885,2872
0.495,226
0.331,539
0.692,62
-0.0886,6811
-0.348,10886
-0.0124,6076
-0.248,10481
-0.384,10831
-0.219,9014
0.286,1159
-0.186,8835
-0.0381,7216
0.0212,4625
-0.437,10473
0.34,256
0.358,1068
0.192,2380
-0.0346,6238
0.23,520
-0.00896,5559
-0.0551,6290
0.211,1355
-0.0759,6044
-0.131,10059
-0.101,7205
0.101,2584
-0.326,9656
-0.375,10293
-0.114,8703
-0.0177,6001
-0.3,10902
0.19,1432
-0.164,7274
-0.217,8904
-0.0631,6758
-0.117,7209
-0.465,10803
-0.0824,6735
-0.00948,5669
-0.325,10132
0.0331,4802
-0.028,6380
0.236,860
0.00614,5092
-0.0993,7686
-0.166,10531
0.326,1705
0.0167,4511
-0.0316,6468
-0.212,8890
0.475,427
0.032,4393
-0.211,7792
0.216,506
-0.163,10267
-0.179,10255
-0.102,8576
-0.231,10384
-0.264,9701
-0.0478,7160
0.378,1262
0.835,61
0.0817,1973
0.0534,3069
-0.114,7560
-0.0732,7632
0.0296,4529
-0.697,9213
-0.165,6432
-0.0856,4008
-0.495,8465
-0.496,10496
0.00351,4692
0.0997,3572
-0.0567,6590
-0.14,8845
0.141,2106
-0.0307,6957
0.0597,2294
-0.36,7239
0.163,2463
0.0231,4699
-0.288,10091
-0.359,10899
-0.139,10206
-0.271,8134
-0.191,9201
0.101,3026
-0.207,9571
-0.0866,6772
-0.0847,8178
0.0222,4863
-0.142,7492
-0.238,9068
0.0806,4261
-0.251,10113
-0.0913,8467
0.408,794
0.0285,3969
-0.0784,6858
-0.363,9220
0.0126,4978
-0.0614,7179
-0.0679,7196
-0.161,8762
-0.664,10709
0.279,1037
0.03,4191
0.0823,2992
0.102,3078
-0.307,9367
0.000201,5337
-0.154,7039
0.0253,4707
-0.15,9823
0.17,3137
0.000873,5323
0.0958,3328
0.214,1140
-0.124,8572
-0.0638,7252
-0.248,10183
-0.213,9145
-0.0916,7165
-0.226,7446
0.0901,235
-0.135,9213
-0.00381,5341
0.167,2982
0.405,421
-0.221,9355
0.123,1615
-0.0249,6992
0.0245,2662
-0.239,10105
0.352,1789
-0.00709,5296
0.333,1637
-0.0648,8126
0.458,303
0.0852,3503
-0.26,9808
0.516,1127
-0.00218,5492
-0.0366,6858
-0.294,10555
-0.267,9618
-0.056,6313
-0.292,10632
-0.00222,5137
-0.0528,7299
-0.179,9258
0.0989,3032
-0.216,9225
-0.172,9902
0.271,1531
0.0379,4251
-0.135,10219
-0.386,6930
0.604,563
-0.019,5567
-0.241,8325
-0.103,8836
0.141,2804
-0.334,10350
-0.472,10251
-0.213,8905
0.0908,3918
-0.103,8536
0.0376,4548
0.274,1834
-0.0948,7852
0.129,3466
-0.0193,5868
0.0396,3637
0.185,263
-0.145,8414
-0.0573,6529
0.0592,3987
0.0708,3257
0.102,1978
-0.307,9822
-0.0246,5772
-0.168,8164
-0.0206,6175
-0.0746,6568
0.145,1981
-0.0321,6464
-0.253,9671
0.0327,4361
0.176,924
-0.0723,7207
0.141,1895
-0.221,10101
0.188,1019
-0.139,7528
-0.171,9587
0.372,222
-0.225,10784
0.333,1243
0.0196,4714
0.1,3323
-0.0982,6842
-0.0631,7135
-0.101,8562
0.208,576
0.12,2008
0.00148,5319
-0.021,5965
0.176,1505
0.00176,5450
0.112,2729
0.0402,3931
-0.372,9753
-0.282,8489
-0.0828,8201
-0.0904,8159
-0.007,5678
-0.217,9817
-0.19,9084
-0.0985,5972
0.0702,3405
-0.0666,8403
-0.00763,5522
-0.496,10508
-0.164,9088
-0.211,7310
0.301,1024
-0.369,10274
0.0508,3508
-0.513,10161
-0.243,7867
-0.434,10205
-0.208,8003
-0.214,10850
-0.269,10951
0.0135,4981
-0.108,8708
-0.0179,5435
0.0689,3609
-0.102,8757
-0.0756,7247
-0.208,6934
-0.259,9218
0.00687,5348
-0.143,5923
-0.116,9161
0.0704,3580
0.335,457
-0.319,10762
-0.144,8875
0.277,1710
0.114,1898
0.118,986
1.23,852
0.77,1078
-0.132,6062
-0.343,7793
-0.05,6933
-0.0821,6743
0.281,293
-0.0114,5353
-0.101,7371
0.252,849
-0.224,10374
-0.128,8208
0.0802,3492
0.0465,4168
-0.196,7306
-0.243,7421
-0.0906,7926
-0.454,10947
0.0201,4575
-0.119,8019
0.0874,3333
0.172,1927
0.488,30
-0.111,7456
-0.238,10298
-0.051,6853
-0.385,10803
-0.0256,6050
-0.0732,7877
-0.0401,6752
0.0752,3502
-0.108,8413
-0.0535,6177
-0.11,9164
-0.247,10707
-0.153,8046
-0.0577,6735
0.548,61
0.129,2534
-0.0428,6465
-0.0679,7287
-0.0719,8330
0.178,3081
-0.0985,7840
-0.115,7253
-0.558,9524
-0.166,9840
0.061,3643
0.323,1391
-0.0847,8301
0.00698,5155
0.0973,3253
-0.189,10265
0.0478,3806
-0.202,10138
-0.125,9178
0.0253,4709
0.692,262
-0.0284,6949
-0.0643,6856
0.459,409
0.174,1582
0.0796,3613
0.0256,4699
0.0397,4363
-0.0625,7235
0.22,1883
0.0732,3941
0.282,639
0.0873,3926
-0.269,10735
0.119,1693
-0.334,9577
-0.0357,6994
-0.228,8139
-0.442,9179
-0.0177,5986
0.137,1872
0.25,1196
0.164,1548
-0.0442,5629
-0.163,8682
-0.279,10771
0.0939,2365
0.0295,3961
0.0763,3298
0.329,368
-0.153,9015
-0.0746,7526
-0.404,10619
-0.184,10464
0.106,3662
-0.35,7818
0.232,615
-0.0807,8553
-0.0275,6746
0.223,583
-0.109,7493
-0.347,10663
0.076,2598
-0.0403,7640
-0.197,10275
-0.2,8647
0.0954,3724
0.0618,3972
0.456,197
-0.0143,5520
-0.285,9791
0.191,1485
0.525,400
0.0466,3918
0.0328,4141
0.0641,3199
-0.329,5772
0.036,4309
-0.139,7109
-0.105,7092
-0.174,10711
-0.407,9952
0.342,2852
-0.371,6026
-0.358,9341
0.396,1996
-0.0359,5667
-0.0942,7305
-0.0573,7408
-0.0614,7333
0.109,2396
-0.00335,5655
0.206,2137
-0.0176,5282
-0.327,8905
0.0884,2736
-0.0843,7695
0.0938,2396
-0.215,9236
0.00645,5039
0.333,1137
-0.0566,7169
0.0951,3135
-0.205,9599
0.0565,3950
0.0271,4754
0.178,1980
0.466,357
-0.272,10938
-0.182,10331
-0.286,9384
0.0395,4165
0.26,1509
-0.122,7589
-0.0577,7328
0.0612,4040
-0.202,9483
0.303,2286
-0.306,10651
0.0927,3705
0.212,903
-0.133,8832
0.174,2301
-0.265,10004
-0.308,10142
-0.107,7008
-0.0568,6298
-0.334,10918
-0.0933,7610
-0.573,10325
0.0651,4082
-0.14,8132
-0.137,8732
0.227,883
0.113,1889
-0.129,8509
-0.382,8952
3.63,167
0.0393,4247
0.0167,4621
0.0843,2770
-0.193,9213
0.231,61
0.251,2259
-0.242,10325
0.128,1702
0.0163,4770
0.0916,3505
-0.262,9938
-0.291,10353
-0.112,7757
0.00908,5186
-0.301,9854
-0.49,10798
-0.103,5918
-0.25,9035
-0.0657,7752
0.127,2996
-0.201,9192
0.0706,3454
-0.158,9421
1.26,26
-0.0549,6520
-0.0701,7210
0.0973,3051
0.0933,2563
0.324,2180
1.47,362
-0.0282,6430
-0.105,9045
0.129,1959
-0.16,9279
-0.00474,5417
0.792,45
0.109,2029
0.00157,5241
-0.00751,5263
-0.221,8423
0.0254,4728
0.0685,3171
0.271,300
0.176,386
0.146,1775
-0.354,10353
0.0327,4049
-0.128,8329
-0.037,6009
0.0114,4840
0.0152,4937
-0.191,9046
-0.252,9977
-0.398,10036
0.265,859
0.0958,3482
0.251,858
0.184,3060
-0.102,6914
-0.186,9405
0.0214,4542
0.00716,5279
0.0222,4711
-0.0475,6334
-0.0249,5646
0.35,720
0.0426,4090
-0.191,9249
0.188,2467
0.0732,2719
-0.133,6273
0.348,1840
0.14,2549
0.0275,4484
0.0301,4823
0.0179,4976
0.139,1948
-0.124,6930
0.106,2270
0.0995,2586
0.0177,3884
-0.0191,8435
-0.00788,6364
-0.00349,5951
0.00806,3956
-1.06,9457
-0.196,9435
-0.468,9036
-0.596,8871
0.355,2743
-0.011,5427
0.105,3412
0.525,1369
0.256,1434
-0.423,9630
0.0152,4935
0.423,471
0.0359,3933
-0.107,8137
0.149,2731
0.132,575
-0.00234,5032
0.0535,3984
-0.329,9895
-0.0704,6513
0.153,3481
-0.279,9686
0.0722,3412
0.181,2208
0.0754,3894
-0.161,7614
0.309,1034
2.26,455
-0.109,7920
0.125,2356
-0.078,6761
-0.144,9031
-0.0969,9092
0.0821,2404
0.102,3523
0.657,188
0.182,1442
0.562,705
-0.0152,5785
-0.0359,6802
-0.0715,9343
-0.154,8837
-0.247,10550
-0.0576,6776
-0.305,9687
0.272,842
0.0761,3183
-0.312,10207
-0.0165,5937
0.0114,5168
-0.224,10742
-0.0565,7623
0.255,678
-0.278,10694
-0.0679,7862
-0.0448,5803
-0.327,9225
0.0694,3677
-0.058,6825
-0.436,7703
0.192,952
-0.242,9208
-0.151,8290
0.115,2359
0.0597,3794
0.147,2836
0.229,379
0.037,4397
0.0105,4845
0.14,1234
-0.173,9975
-0.206,10374
0.119,2586
0.21,1525
-0.17,7632
0.185,567
0.0612,3079
-0.0721,6050
-0.0362,5862
0.0257,4657
-0.296,10428
-0.0609,7077
-0.00478,5788
0.191,3347
-0.36,6270
0.04,4044
0.562,1678
-0.125,8248
0.0306,4171
-0.0838,6557
-0.0783,7619
0.0661,4242
0.0277,4256
0.121,2157
0.27,237
0.164,3634
-0.278,6838
-0.087,4830
-0.338,10212
-0.0102,5531
-0.115,7876
0.194,3018
-0.0394,6517
0.158,1099
-0.106,8340
0.0696,3319
0.0237,4817
0.0263,4636
-0.027,6074
-0.103,8136
-0.138,9082
-0.235,10269
-0.0969,6975
-0.166,9655
0.512,266
-0.333,10617
0.0396,4225
0.197,1641
0.67,574
0.0645,4140
-0.239,10088
-0.283,9794
-0.117,8420
0.00737,5188
0.139,2787
-0.203,10002
-0.258,10012
-0.0603,7776
-0.0327,6442
0.0444,2687
-0.186,9318
-0.166,9388
-0.175,8801
0.124,840
-0.0329,6219
-0.129,9920
-0.227,6992
-0.259,9395
0.237,2188
-0.0516,5955
0.158,669
-0.223,9767
0.441,1731
0.259,747
-0.03,6147
0.178,3003
-0.103,8774
0.0912,3374
-0.142,7135
-0.237,9976
0.188,1722
0.276,1644
-0.059,8261
0.244,423
-0.0573,6094
-0.103,8557
-0.0835,6562
-0.253,8181
0.22,1939
-0.198,8740
-0.0809,7124
0.109,3057
-0.123,9698
0.158,2595
-0.338,9141
-0.164,7927
-0.042,5834
0.128,1569
-0.0353,6137
-0.145,9547
-0.245,8430
-0.307,8505
-0.0103,4380
0.0605,2988
-0.0603,7219
0.253,2608
-0.142,8758
-0.51,10725
-0.115,8701
0.195,605
0.191,335
0.00537,5263
0.0169,4954
0.119,1616
-0.184,10339
0.152,1078
-0.133,9178
-0.272,10224
0.168,1219
-0.256,9108
-0.0289,5466
0.0518,4182
-0.145,9172
-0.105,8043
-0.221,9641
-0.12,7900
-0.0491,6403
-0.204,9311
-0.19,10133
-0.0286,5731
-0.104,6945
0.0985,3833
0.483,77
-0.168,9657
-0.247,9029
0.0421,4299
-0.00568,5633
-0.224,9583
-0.076,7428
-0.0216,7331
-0.0735,6509
0.658,1235
-0.37,9001
-0.312,10838
0.00212,5260
0.133,2058
-0.0644,6318
0.0134,5185
-0.683,10659
-0.0485,7116
-0.337,10681
0.0596,2780
-0.0881,7088
-0.0538,6393
-0.496,9547
-0.0342,5785
-0.00858,5245
0.114,2526
0.303,1183
0.23,1294
-0.224,9187
0.0499,4364
-0.0528,7071
-0.216,10292
0.26,2452
0.188,1837
0.256,1269
0.0879,4185
-0.099,8184
0.0501,4006
0.368,719
0.173,1818
-0.0364,5877
-0.27,8918
-0.12,8087
-0.0232,5986
-0.0962,7730
0.0208,4682
-0.0177,5976
-0.206,6363
0.0309,3815
0.159,1602
0.069,4143
-0.0103,5458
0.0735,3937
0.383,225
-0.0424,6339
0.0187,4911
0.00156,5112
0.112,2591
-0.00882,5965
0.312,457
0.0192,4749
0.32,166
-0.0222,6050
0.0958,2646
-0.0869,7089
0.42,234
-0.0806,8527
-0.0701,7365
0.317,193
-0.0052,5416
0.182,1183
-0.299,9819
-0.147,9267
-0.117,9468
-0.482,9501
0.00162,5133
-0.00834,5285
0.564,319
0.0643,3764
-0.0591,7226
-0.334,10425
-0.0716,7587
0.104,3699
-0.0251,5694
0.266,804
-0.0765,7387
-0.0445,7102
-0.128,7652
-0.236,10551
-0.0401,6019
-0.0118,5803
-0.0673,6325
-0.133,7526
-0.0644,7004
-0.0581,7203
-0.0577,7843
-0.0986,8229
-0.197,9518
0.237,1939
-0.226,10126
0.0173,4765
-0.0972,8774
-0.142,9797
0.185,1060
-0.46,10862
-0.105,5994
-0.0262,6562
-0.0482,7121
-0.207,9407
-0.216,10360
0.0473,4477
0.0646,3946
-0.108,7073
0.277,540
0.301,970
-0.112,7739
-0.154,6733
0.207,2244
-0.104,8870
-0.1,8889
0.0352,4579
0.012,5114
-0.137,8642
0.572,372
0.0982,2168
-0.0697,8055
0.304,948
-0.018,5768
0.222,1807
-0.588,10535
-0.00791,5342
-0.184,9802
-0.267,10799
0.116,3091
-0.0878,8407
-0.277,8959
-0.0353,7286
-0.0553,6359
0.0105,4997
-0.275,8099
-0.272,6869
-0.167,9011
0.208,1273
-0.0152,5640
-0.248,10575
0.0967,2607
0.315,2426
-0.173,7968
0.00663,5065
0.29,160
-0.202,8790
-0.223,8833
0.0693,3554
0.113,2357
0.0976,2091
0.0959,2526
-0.083,6757
-0.0658,6982
0.0112,5020
-0.102,5216
-0.0726,6697
-0.0297,5461
-0.175,9579
0.0616,3622
0.139,614
-0.312,10277
-0.11,9849
-0.0777,6705
-0.159,8793
-0.0734,7523
-0.521,7589
0.66,96
-0.0312,6810
-0.0582,7386
0.17,1149
0.118,2860
0.0629,4109
0.157,3186
-0.0151,5952
-0.172,10105
0.0103,5030
-0.0249,5783
-0.408,10875
0.471,235
0.00201,5111
-0.0261,6329
0.104,3179
-0.0144,5358
0.313,458
0.0668,2943
0.444,321
0.113,3121
0.137,2802
0.00208,5072
-0.218,10128
0.0183,4591
0.0648,3685
0.0723,3775
0.0386,4121
0.196,2596
0.0259,4547
-0.0563,7225
-0.0473,7303
-0.071,7828
-0.434,9967
0.136,2489
-0.166,9682
0.0443,3826
0.53,120
-0.102,6289
-0.0202,5878
0.106,2804
0.818,584
0.16,1527
-0.0789,7279
0.189,1203
-0.0719,7149
0.0389,4372
-0.172,8828
0.0955,3564
0.0635,3047
-0.215,10505
-0.102,7765
0.098,3768
0.323,1773
-0.293,10595
-0.0267,6691
-0.0981,8113
0.201,969
0.0401,4017
0.104,2778
-0.0479,6905
0.177,730
-0.207,10305
-0.201,8122
-0.638,9829
-0.268,7887
-0.274,10211
0.0495,3961
0.166,2343
0.24,136
0.164,2773
0.0433,4436
-0.171,8423
-0.114,8085
-0.145,9055
-0.482,10640
0.267,173
0.164,3067
-0.0716,7848
-0.164,10607
0.0436,4070
0.259,1495
-0.219,10095
-0.383,10184
-0.0918,9609
-0.141,9100
0.309,557
-0.142,8838
-0.177,9816
0.246,1865
-0.0604,6863
-0.013,5056
0.151,2634
-0.156,7858
0.0414,4457
-0.12,5304
0.204,1472
-0.469,10672
-0.0472,6578
-0.192,9994
0.438,387
-0.229,7778
-0.0879,8059
0.0588,4119
-0.144,8463
-0.464,9949
0.183,859
0.0198,4862
0.0335,3750
0.0395,4102
0.184,2306
-0.00705,5526
-0.0796,6246
-0.136,8876
-0.0702,9057
-0.00824,5277
0.0185,4789
0.356,1088
-0.0222,6040
0.0234,4506
0.0565,3921
0.0559,4058
-0.0304,6202
-0.169,9926
0.0621,3371
0.115,1450
-0.0718,7834
-0.168,9625
-0.0688,5902
0.229,1953
-0.039,6747
-0.276,10638
0.16,2179
-0.134,8430
-0.065,6173
0.521,646
-0.0921,7029
-0.00844,5508
0.174,1256
-0.17,9744
-0.00167,5408
-0.171,6905
-0.0494,7268
-0.0649,7571
0.00168,5421
-0.235,9207
-0.132,9564
-0.154,6987
0.178,1826
-0.00677,5648
-0.208,10804
0.066,3937
0.143,2069
-0.0901,7194
-0.248,9126
-0.054,6678
-0.0442,7309
0.268,1257
0.251,494
-0.0986,7200
0.334,889
-0.188,9735
0.0932,1754
-0.147,9556
0.0941,2897
0.0236,4795
0.0941,3198
-0.0914,8415
-0.167,10165
0.304,898
0.0504,4025
0.255,1099
-0.206,9234
-0.0102,5717
0.037,4362
0.223,1485
-0.0673,7436
0.07,3344
0.201,2089
0.0186,5184
-0.0328,6399
0.127,2261
-0.212,7419
-0.159,9850
-0.246,10152
0.0302,4296
0.687,2077
0.0478,4526
1.8,84
-0.651,9107
0.195,1048
-0.183,8876
0.215,2796
-0.261,10394
0.282,634
-0.184,8628
-0.00927,5300
0.0119,5005
-0.0014,5297
-0.333,9892
-0.258,10225
-0.205,8253
-0.087,8163
-0.0351,6545
-0.229,9533
-0.302,10769
0.148,2999
-0.041,7243
-0.095,6498
-0.0752,7624
0.152,3420
-0.156,10077
0.37,514
-0.057,6805
0.00648,5120
0.126,2060
-0.0297,6006
-0.159,9372
0.111,4112
0.132,3695
-0.00955,5647
-0.101,9795
-0.168,8284
0.157,1759
-0.228,7876
-0.311,7223
0.00227,5194
-0.17,9452
-0.249,9968
-0.202,10646
-0.0232,5923
0.095,3021
0.00106,5369
0.169,538
-0.146,10361
0.106,2617
-0.0613,7274
0.0699,3436
-0.0308,7641
-0.0616,7347
0.737,61
-0.11,9470
0.188,2583
0.163,1396
0.0662,3016
0.227,394
-0.247,9969
0.043,4758
0.206,591
-0.25,9038
0.0215,4619
-0.137,8764
0.0235,2957
0.373,1171
0.00655,4163
0.288,1469
-0.0207,6035
-0.288,8382
-0.104,7235
-0.26,10795
-0.15,8273
-0.0845,5410
0.0434,4235
0.603,417
-0.292,9588
0.14,1137
-0.151,7538
0.385,925
-0.286,10217
0.183,1514
-0.103,7415
-0.163,10259
0.162,1289
0.0385,4078
0.0137,4300
-0.0291,5503
0.0309,4552
-0.209,10386
-0.0691,7529
0.268,442
-0.0907,6988
0.0425,4568
-0.00213,5205
-0.0966,9906
-0.0584,6408
0.219,745
-0.166,9320
0.266,664
-0.331,9623
-0.0833,8732
-0.136,10404
-0.247,10502
-0.259,10255
0.123,2133
-0.112,6947
-0.0707,6389
0.0426,4008
0.167,1999
-0.233,9952
0.00344,5140
-0.31,9379
-0.00432,5647
-0.0526,7218
-0.3,9930
-0.0977,6939
-0.338,10024
0.49,1495
0.0588,3610
0.699,114
-0.00954,5697
0.00378,5225
-0.152,7072
-0.257,10311
0.13,1580
-0.0393,6620
-0.104,7210
-0.0793,7617
-0.0177,5773
-0.393,10029
0.0563,3802
0.000124,5213
0.101,3613
0.267,1072
0.175,2486
0.311,2141
-0.14,9617
0.0267,4462
0.116,2508
0.107,2817
-0.109,7290
-0.0615,6980
0.017,4462
0.0959,873
0.00127,5370
0.0292,4460
-0.0382,5255
0.135,1914
0.0393,3761
0.18,2088
-0.318,10289
-0.175,7638
0.218,2714
0.108,2853
-0.0513,6327
-0.233,10679
-0.0798,7296
0.0228,4686
0.277,1317
-0.119,8257
-0.02,5702
-0.142,9704
-0.255,9593
0.252,1065
-0.0147,5517
-0.116,8292
0.11,917
-0.142,10177
0.175,2899
-0.121,6295
0.453,1214
-0.11,7300
0.185,2616
-0.198,10440
-0.146,9656
-0.0321,6548
-0.164,8767
0.0407,4272
-0.0331,6192
0.156,2431
0.317,1841
-0.169,7079
-0.245,7318
-0.232,9457
-0.145,9602
0.0819,3754
-0.041,5708
0.0562,2508
-0.302,8726
-0.0079,4947
-0.0579,7803
0.0872,3035
0.0834,3203
-0.411,9490
-0.0637,5050
-0.205,8749
0.108,2612
-0.0806,7963
-0.39,10212
-0.446,9751
-0.109,9270
0.0881,2280
-0.035,6154
0.0953,2675
-0.00634,5708
0.0439,4061
0.274,728
0.406,198
-0.131,8696
-0.0851,7698
-0.000869,5007
-0.224,10459
-0.2,8160
-0.00798,4902
-0.243,9936
-0.0943,7211
-0.148,8325
0.0336,4442
0.0536,4565
-0.0362,6378
0.0803,2134
0.0642,2591
-0.0078,4952
0.318,2516
-0.296,8745
0.268,2120
-0.18,10473
-0.0819,8396
0.228,894
-0.295,9865
-0.0923,7339
0.0175,5154
-0.0253,6227
0.162,1907
-0.209,8806
-0.102,7745
0.0729,3296
-0.193,8354
0.354,376
-0.166,9625
-0.0657,7175
-0.324,9898
-0.197,10010
0.0526,4230
-0.12,8570
0.0429,3579
0.134,2043
0.199,2335
-0.164,6930
-0.577,10140
0.0209,4645
-0.0727,7621
-0.0149,5608
0.296,1802
-0.0206,6224
-0.115,8938
-0.174,10356
-0.111,9254
0.0539,3160
-0.211,9375
-0.0464,6056
-0.0753,6991
0.111,2101
0.0218,4578
-0.0772,7196
0.0772,3736
-0.195,10913
0.308,1891
-0.00552,5450
0.112,2339
-0.287,9763
-0.201,8512
0.184,1248
-0.0126,5294
-0.108,9370
-0.252,8544
0.245,778
-0.293,10471
-0.0244,5644
-0.174,8125
-0.0245,6231
0.153,1239
0.235,329
-0.062,7048
-0.279,9634
-0.0422,6765
-0.0434,7656
-0.24,9238
-0.486,10212
-0.0185,6080
-0.193,9319
0.041,3987
-0.219,9274
-0.00703,5738
0.298,826
-0.0435,6059
-0.199,9964
-0.127,8866
-0.0219,5695
0.366,281
0.168,2091
-0.255,9093
0.188,3001
0.0523,3759
-0.101,7467
0.0212,5177
0.162,1622
-0.232,9822
0.47,683
-0.182,10656
-0.136,9428
0.182,2970
-0.00751,5603
-0.205,8041
-0.118,6599
-0.0933,7776
-0.0149,5567
-0.0209,6521
-0.0723,7259
0.0901,2528
-0.232,10323
-0.0421,6937
0.0514,3722
-0.0792,6872
0.0113,5074
0.021,4772
0.0541,4356
0.0921,3354
-0.0974,8883
0.0279,4705
-0.155,8724
-0.276,10238
-0.0718,6681
-0.0938,7360
0.0669,3133
-0.325,8554
-0.0157,5949
-0.191,9724
-0.332,10530
-0.0715,7524
-0.105,8666
-0.0325,6668
0.0669,4181
-0.0162,5589
0.262,1044
0.0302,4270
0.188,1528
0.0362,3669
-0.0479,5713
-0.0326,5852
0.00792,4873
0.485,49
0.0822,2671
0.067,4258
0.816,70
0.612,261
-0.114,4486
0.112,2709
0.132,3611
0.212,1349
0.13,3170
0.0913,2879
0.268,494
-0.0909,8518
0.15,1243
-0.302,8849
0.0417,4417
0.111,2863
-0.0224,6299
-0.00597,5653
0.0557,3589
-0.0443,5834
0.104,3554
0.218,2284
0.8,0
-0.0215,6702
-0.0272,6114
0.0643,3665
0.14,3634
-0.196,9336
0.322,1456
0.138,2038
0.0783,2531
-0.0413,6131
-0.168,8814
0.0412,4504
-0.0802,7727
0.114,1801
-0.324,9921
-0.658,8601
0.0631,3702
0.227,612
0.108,2492
0.477,219
0.212,1554
-0.191,8042
-0.0684,7069
-0.396,10113
0.106,1982
0.175,286
-0.0411,6232
0.0733,3778
0.21,1811
0.262,1360
0.0678,3496
-0.0256,6228
-0.687,10848
-0.0943,7178
-0.355,10273
0.672,1067
0.0156,4667
0.0622,4238
-0.0857,7348
0.0617,3848
-0.13,7776
0.12,3938
0.144,1481
0.219,1154
-0.746,9568
2.63,63
0.032,4531
0.13,3634
0.129,958
-0.0467,7058
-0.325,7792
0.22,2725
-0.18,8600
0.217,2127
-0.219,9388
0.145,1238
0.346,155
-0.249,9682
-0.0137,5161
0.00673,5234
0.0533,3490
-0.205,9689
-0.174,8123
0.0892,2937
0.136,2513
-0.0582,7696
-0.148,9007
-0.0306,5879
0.101,3754
-0.141,8809
0.0518,4038
-0.0906,8695
-0.167,8088
0.0671,3952
0.0751,3441
0.225,2294
0.143,3105
0.041,4157
0.0208,4511
0.0615,3185
0.175,2511
-0.0851,7552
-0.0307,6002
-0.0249,7400
0.0756,1593
0.335,1558
0.0214,4690
0.0536,3263
-0.0383,6211
-0.0971,8814
-0.124,9398
-0.346,8140
-0.139,7343
-0.0895,5245
-0.00889,5475
0.0688,3774
-0.0112,5484
0.204,1539
-0.0235,6165
0.0987,3312
0.515,62
0.156,1582
0.153,2318
0.0733,3751
0.271,2159
-0.066,6793
0.0774,3884
-0.0916,8414
0.09,3425
-0.112,9791
0.177,1665
0.235,1566
-0.0581,6461
0.119,2178
-0.198,10221
-0.0161,5634
-0.00415,5003
0.339,1925
0.224,184
-0.279,10676
0.0908,2813
0.245,1244
-0.234,8473
0.068,3442
0.108,3569
0.276,415
-0.251,10047
0.209,1030
-0.23,10453
-0.0222,6317
-0.16,8929
0.0931,2779
-0.236,10445
-0.29,10413
-0.158,9652
-0.165,9476
0.21,1126
-0.225,10994
0.104,1927
0.265,1211
-0.16,8074
-0.0795,8709
-0.112,8836
0.0894,3148
-0.194,9712
0.273,738
0.0861,3111
0.257,1383
1.16,20
-0.00719,5324
-0.0872,8636
0.101,3172
-0.185,7266
0.52,375
-0.0465,6340
-0.116,7669
0.00976,5174
0.305,750
-0.172,6365
-0.0563,7836
-0.171,8128
0.0335,4587
-0.02,6094
-0.154,6774
-0.168,9319
-0.263,10510
-0.384,9702
-0.216,10692
0.407,796
-0.0606,6836
0.552,51
0.386,66
-0.072,6412
0.031,4245
-0.0785,7910
-0.289,9737
0.672,167
0.179,2102
-0.186,10345
-0.163,10664
0.00969,4914
0.137,1600
-0.295,10184
-0.047,7005
-0.307,10552
-0.136,9499
-0.0138,5401
-0.108,8648
0.36,682
-0.0325,5887
0.108,2041
-0.0411,6401
-0.168,8720
0.00628,4899
-0.0953,8505
-0.0367,6047
0.355,489
-0.0593,8440
-0.299,9909
-0.0909,7458
-0.0331,6510
-0.172,9948
-0.264,9985
0.0504,3424
0.281,1113
-0.0595,6351
0.325,1408
0.264,1844
0.953,256
0.297,297
0.041,3676
0.0294,4064
0.308,1160
0.112,2961
0.323,1034
-0.0886,7619
0.0115,4961
-0.256,9217
0.12,2653
-0.0777,6654
-0.335,9689
0.0555,3654
0.00248,5245
-0.0885,7250
0.116,2385
0.329,1370
0.143,3390
-0.0328,6939
-0.398,10698
0.111,3362
0.186,851
0.0108,4906
-0.158,6734
-0.136,8189
-0.381,10638
-0.101,8181
-0.246,9879
-0.109,7355
-0.0409,6610
0.0268,4552
0.455,566
0.119,3148
-0.142,9542
0.561,675
-0.097,6949
0.0214,4324
-0.0821,8328
0.0221,4390
-0.0808,8049
0.0014,5402
-0.157,9771
-0.0989,7359
-0.0238,6382
0.104,2780
-0.271,9830
-0.426,10762
-0.0627,7252
0.00882,4987
-0.115,7881
-0.413,9959
-0.0172,5882
-0.0254,6091
0.242,2469
0.0365,4229
-0.148,9954
-0.0392,6761
-0.0811,8227
0.0748,3405
-0.0623,6819
-0.291,9672
0.206,2259
-0.132,8972
0.163,2544
-0.177,7918
-0.238,9873
-0.192,8396
0.0664,1268
-0.0396,6003
0.0463,4140
0.791,5
0.309,1230
0.0176,4671
0.37,610
0.407,301
-0.0149,5604
0.176,1270
-0.159,9749
-0.0838,7894
-0.182,10400
0.078,3633
0.0643,3463
0.0773,4069
0.144,2609
0.0123,4822
0.18,520
-0.141,7577
0.0621,3159
-0.129,7938
-0.0702,8905
-0.0753,6720
-0.143,10137
0.00757,5232
0.0399,4171
0.233,2518
-0.0587,6440
0.48,616
0.201,2020
-0.0293,6132
0.0238,4914
0.295,3196
0.0945,3565
-0.0877,7067
-0.0285,6296
-0.0519,6226
-0.0484,7314
-0.0736,7949
-0.181,7690
-0.0534,8123
0.0534,2441
-0.15,7460
-0.194,8529
-0.0993,9793
-0.554,9476
-0.193,10742
-0.0728,8177
-0.0519,6338
0.0533,3779
0.33,1669
-0.0773,6415
-0.168,9771
-0.0911,8038
-0.29,10756
0.0471,4110
0.288,2292
-0.498,11005
-0.0502,6694
0.0956,2145
-0.106,7924
0.0181,4909
0.12,3709
-0.101,7515
0.0884,1924
0.0999,2924
-0.122,9585
0.321,1358
0.238,2247
0.207,1327
-0.00862,5825
-0.0611,8541
0.102,3407
-0.643,10859
0.187,2181
-0.21,8256
0.0347,4580
0.343,562
-0.192,9066
0.0535,3985
0.286,1734
-0.00838,5244
-0.0343,6490
0.0324,4627
0.199,1968
0.0637,3099
0.291,2096
-0.166,7364
-0.0462,7391
0.0699,3614
-0.138,7797
-0.178,8756
0.0811,3298
-0.0254,5534
-0.178,9516
-0.0475,6546
-0.0608,7037
-0.235,8343
-0.977,9790
-0.342,10062
0.0189,4837
-0.105,7163
0.00732,5102
0.159,1996
-0.0104,5349
0.0267,4463
0.0255,4552
-0.114,8769
0.022,4594
0.94,660
-0.114,7229
0.169,2280
-0.15,8785
0.0531,2875
-0.0489,6022
0.0305,4680
0.0671,3285
0.321,1047
-0.0004,5569
-0.0814,9085
-0.358,9346
-0.0713,7484
-0.205,9419
-0.372,10492
-0.0218,5918
-0.141,8611
-0.0782,6924
0.00272,5162
-0.342,9767
0.471,825
-0.347,10909
-0.0212,6070
0.108,3510
0.147,2386
-0.185,8453
-0.496,9137
0.00943,5226
0.139,1386
-0.34,10194
-0.0685,7613
-0.0507,6261
0.391,635
0.0353,4410
-0.144,9724
0.296,748
-0.0859,7862
-0.314,9066
0.312,331
-0.127,8673
-0.0151,5694
0.311,986
-0.0909,6812
0.266,1894
-0.231,10339
-0.0938,8466
0.142,726
0.00492,5228
-0.0824,6574
-0.469,8861
2.09,58
-0.0655,6594
0.0888,2311
0.0656,4192
-0.103,8160
0.0654,3568
0.836,253
-0.167,9912
-0.0362,6650
-0.122,8243
0.242,1595
0.211,1410
-0.126,6953
-0.0429,7230
-0.109,7979
-0.321,8608
-0.23,9786
-0.288,10429
-0.161,7853
-0.106,8629
0.233,473
0.114,2504
0.498,156
-0.343,9423
-0.133,8259
-0.125,10122
-0.105,6061
-0.0578,7584
0.511,160
-0.431,10478
-0.289,9024
0.0113,5197
-0.00746,5768
-0.0847,7237
-0.163,8943
-0.146,8207
0.794,1336
-0.166,8188
-0.116,7712
-0.178,7444
-0.103,7519
-0.232,8761
0.142,1968
-0.0275,6328
-0.0981,7295
-0.244,10862
0.144,2070
-0.219,9891
-0.398,10228
0.229,801
-0.137,6964
-0.0786,7109
-0.023,5905
-0.12,8443
-0.079,6896
-0.0789,7964
-0.223,8888
0.421,266
0.432,1085
-0.0435,8103
-0.0926,7603
0.0149,5038
0.108,3120
-0.176,8797
-0.152,8095
0.278,914
-0.0681,7191
0.222,2037
-0.0128,5486
0.0847,3688
0.372,310
-0.00538,5692
-0.00167,5379
0.0197,4522
0.251,1537
0.0961,2961
-0.0924,7660
0.249,495
0.0588,3305
-0.0365,6831
0.184,2233
0.139,2546
0.126,3533
-0.0769,7610
0.055,3759
0.00471,5334
0.152,2255
0.112,2741
0.103,3557
-0.0727,5804
0.0215,4457
-0.182,10601
-0.109,8845
0.131,2403
1.06,319
-0.231,7920
-0.104,9629
-0.0188,6478
-0.201,9269
0.259,1006
-0.318,8165
0.0654,3411
0.0331,4289
0.112,1636
-0.0371,6054
0.0263,4891
0.0376,4049
0.089,1974
-0.0226,6410
-0.021,6190
-0.0575,7113
-0.152,9673
-0.146,9002
-0.145,9283
-0.163,8961
-0.172,9777
0.57,325
-0.195,9598
0.186,2539
0.268,1716
-0.171,9050
-0.0437,6115
0.0239,4961
-0.2,7345
-0.455,8748
-0.106,7743
-0.178,9883
0.412,859
-0.174,6973
0.0837,1578
0.0466,4000
0.147,1947
-0.109,9063
0.166,1005
0.217,1304
0.309,309
-0.148,8147
-0.266,10502
-0.0723,7253
0.336,574
0.0667,3578
-0.167,8858
-0.223,8631
0.0137,4854
0.306,1301
0.0832,3398
-0.0998,8134
0.985,313
0.407,1291
0.112,3661
-0.0242,6083
0.0972,2618
0.0885,3699
0.235,224
0.168,2992
0.119,1230
0.0326,4361
0.0158,4637
0.38,1194
0.225,2018
-0.132,10411
-0.391,10663
0.0916,2562
-0.248,10246
-0.336,10359
-0.162,9087
-0.112,6697
-0.0682,5949
-0.0249,6101
-0.0281,6401
-0.0999,8266
0.0551,2924
-0.0324,6609
0.133,1673
-0.28,8974
-0.0247,5979
0.219,902
-0.0525,6501
0.187,1904
0.0133,4838
0.544,160
-0.0499,6363
0.224,2084
0.526,2203
-0.0605,7801
-0.0391,6275
-0.0452,6224
-0.198,10308
-0.0586,7725
-0.0584,6872
-0.0723,7225
0.224,1176
-0.283,10263
0.189,2350
0.127,2149
-0.04,6069
-0.297,10645
0.309,1262
0.0325,4346
0.00596,5014
-0.136,9345
-0.172,9417
-0.0151,5570
-0.25,9250
-0.074,6787
0.141,2622
-0.0544,7363
-0.0788,7947
-0.282,7761
-0.121,7748
-0.307,10433
-0.00211,5429
0.162,1549
-0.299,10200
-0.0676,6830
0.0121,4983
-0.312,9816
-0.232,10762
-0.108,8561
0.118,1360
-0.142,9607
-0.113,7779
-0.243,9716
-0.121,7484
0.242,1549
0.0686,2637
-0.0646,6175
-0.131,9174
-0.161,9821
-0.222,8813
0.113,1218
-0.0139,6218
-0.421,10415
0.517,643
0.261,1260
-0.0724,8334
-0.122,10491
0.264,124
0.313,796
-0.168,8103
0.0485,3964
0.381,543
0.0785,3811
0.214,1234
-0.463,8532
-0.0299,5252
0.441,1885
0.0475,4406
0.33,2567
-0.0372,6407
0.422,477
0.191,1707
-0.213,4862
0.267,2091
-0.18,9994
-0.03,7576
0.0595,3895
0.0905,2991
-0.113,8595
-0.127,7694
-0.0825,7932
0.059,3573
-0.0504,5882
-0.0819,6694
0.0994,3968
-0.0454,6990
-0.073,7475
-0.127,8893
0.154,2637
0.322,2046
0.156,2815
-0.0227,6448
0.0571,4280
0.0282,4222
-0.479,7944
-0.126,7888
-0.203,9120
0.0997,2844
0.031,4334
0.0723,3644
-0.0701,6851
-0.0775,7182
-0.0499,5824
0.723,915
-0.0946,7814
0.0294,3595
0.127,2107
-0.403,10595
0.449,699
0.286,1758
0.0576,3402
0.0527,3226
0.178,2255
-0.34,9031
-0.28,10672
0.458,601
-0.107,7633
0.0995,2183
0.0673,3732
-0.203,9074
-0.00256,5470
-0.171,6775
-0.0993,8631
-0.0224,5942
-0.285,9898
0.23,1011
-0.0596,6599
0.344,406
0.182,2138
-0.166,8326
0.0762,3399
-0.126,7568
-0.244,9509
0.761,589
-0.00397,5218
-0.0752,7772
-0.135,8439
0.204,1424
-0.156,8877
-0.157,8121
0.0148,4827
-0.0029,4968
-0.0999,7321
0.0228,5092
-0.542,10015
0.132,2939
0.267,402
-0.103,9381
0.068,3645
-0.233,8357
0.145,2867
-0.0491,6082
0.0232,4828
-0.00967,5254
0.0215,4657
0.733,20
-0.605,10112
0.129,1469
-0.107,9440
0.106,2498
0.263,877
-0.277,10647
-0.211,9665
-0.0915,8146
-0.193,9336
-0.0247,6328
-0.0797,6600
0.171,2217
-0.206,8976
-0.117,7597
0.0948,1843
0.236,246
0.125,3263
0.417,346
-0.24,7414
0.531,350
0.254,566
-0.0485,6965
0.144,2890
0.213,1470
0.151,3012
0.0157,4923
0.103,1068
-0.0163,5814
-0.243,9589
-0.109,7966
0.0367,4494
0.0671,3722
-0.201,9663
0.01,5069
0.0357,4072
-0.00418,5165
-0.172,7287
-0.0784,6913
-0.0867,8193
0.25,613
-0.162,9802
-0.0634,6489
-0.169,9291
0.193,1714
-0.0362,6437
0.0185,4592
0.319,456
-0.277,10543
-0.00428,5302
0.0117,4776
0.0724,2023
0.0938,3247
-0.0548,6130
-0.201,8834
-0.203,8567
-0.368,9058
-0.0566,6977
-0.0766,7162
-0.0806,7327
0.077,3709
-0.113,7498
-0.075,7074
-0.00315,5516
-0.0362,6963
0.22,1014
-0.00933,5229
0.159,2667
0.0465,3951
-0.0365,7345
-0.122,8626
-0.0291,6396
0.226,1011
-0.07,7308
-0.348,10713
0.168,2486
0.0149,4765
0.276,399
0.244,1480
0.178,1332
-0.0356,5663
-0.0239,6269
-0.165,10336
-0.156,8952
-0.125,8075
0.0269,4593
0.154,3163
-0.0505,6822
-0.0354,6765
-0.0544,7538
-0.104,8370
0.308,686
0.253,1179
0.166,722
-0.0758,8495
-0.192,9761
0.258,1755
0.109,3252
-0.0554,6255
0.343,302
0.0754,3656
-0.228,9771
-0.125,6609
0.0333,4453
-0.0413,5137
0.554,121
-0.25,10381
-0.185,9094
-0.17,9069
0.3,1534
-0.025,5847
0.248,708
-0.126,10244
-0.191,9484
-0.0218,5742
-0.0626,6539
-0.165,5725
-0.114,7664
-0.0313,5929
-0.37,9616
0.152,3033
-0.191,9262
0.179,1184
-0.257,9756
0.121,2627
-0.11,8266
-0.115,8352
-0.173,8894
-0.0702,6212
0.333,175
-0.0377,6642
-0.235,9453
-0.171,10216
0.0198,4567
-0.0842,6191
-0.185,9923
-0.0175,6455
0.417,1053
-0.0736,6899
-0.0392,6963
0.0738,2685
-0.0597,7827
0.0812,3207
0.122,2634
-0.197,9465
-0.385,10207
-0.0789,9921
-0.0323,6968
-0.234,10470
0.209,2265
0.0553,4429
0.00833,4880
0.224,2520
-0.0479,7857
-0.113,8662
-0.0801,7760
0.00428,5166
-0.242,9608
0.0691,3461
-0.00477,5685
0.0673,3255
0.29,1365
-0.0864,7661
0.0847,3923
-0.253,9644
-0.0436,6002
0.0525,3320
-0.486,10644
-0.0584,6742
-0.291,7873
-0.114,9117
0.0904,1954
0.0306,4075
-0.0877,7306
-0.162,8062
-0.21,9509
0.0584,3706
-0.108,10168
-0.0618,7667
-0.0887,6610
-0.917,10560
-0.3,8911
-0.369,10647
0.182,1320
-0.137,9516
0.282,843
-0.166,7806
0.29,470
-0.0699,6177
-0.0692,8411
0.139,2254
0.0512,4119
-0.0102,5592
0.0886,3816
0.122,2096
-0.399,8646
0.0526,3892
-0.145,7208
0.216,974
-0.385,10557
-0.205,8526
0.0522,2749
0.0394,4339
0.0861,4015
1.05,229
-0.29,9793
0.117,3699
0.0975,2332
0.0214,4570
0.172,3915
1.98,544
-0.399,8849
0.111,3936
-0.0319,4485
0.0253,4699
-0.304,10272
0.326,769
0.147,3187
0.158,2742
-0.127,9123
-0.235,10012
-0.63,8623
0.238,2604
-0.429,8702
0.415,1038
0.00108,5485
0.114,2116
0.302,3221
-0.748,10320
0.484,776
-0.0174,5487
0.342,888
0.145,1929
-0.076,6274
0.259,2098
0.16,902
0.0178,5086
-0.127,8316
0.201,1510
-0.349,7037
-0.194,6908
-0.176,8601
-0.14,7425
-0.181,9667
0.201,1227
-0.183,6983
0.207,2262
-0.135,8388
-0.648,10131
-0.0877,7270
0.0173,4954
0.129,3780
0.201,1810
-0.287,8965
-0.327,8208
0.183,761
0.0432,3856
-0.152,8485
-0.0793,8153
-0.0283,5552
-0.275,10078
-0.0808,7965
-0.061,7536
0.0626,4160
0.0534,3981
-0.0338,6690
0.274,1049
0.157,2001
0.0442,4595
-0.0999,8388
0.139,1256
0.154,385
0.302,1111
0.113,2769
-0.0784,7053
0.149,1606
-0.0994,9210
0.038,4084
-0.0493,5326
-0.468,9144
0.0587,4308
-0.275,8378
-0.247,8719
0.0931,2837
-0.0196,5865
-0.214,8206
0.163,1715
-0.0283,6142
-0.0665,8198
-0.0622,6746
0.311,710
-0.0812,8366
0.281,1840
0.18,931
-0.132,8745
-0.0682,6020
0.103,2857
0.0794,3723
0.106,3321
0.0901,2368
-0.033,7206
-0.112,8456
0.273,987
-0.11,8885
0.442,81
-0.0791,7712
-0.133,8373
0.00607,5062
-0.347,10634
-0.0736,7667
-0.211,8892
-0.0533,8476
0.0303,4705
-0.125,8608
-0.243,10637
0.591,334
-0.0686,6985
0.0701,2349
-0.0753,10690
-0.294,10772
0.594,91
0.0378,3976
-0.0496,6938
0.0595,4329
-0.0936,7954
0.0277,4827
-0.0608,6189
0.00735,5088
-0.296,10426
-0.0951,8162
-0.2,8169
0.18,959
-0.387,9859
0.583,231
-0.124,7689
0.0725,2336
0.0366,4447
-0.0168,5589
-0.134,8315
0.241,1460
0.83,32
0.055,4098
0.173,1326
-0.0497,7562
-0.0165,5815
-0.137,8492
-0.0094,5702
-0.356,10638
0.0572,4175
0.123,2738
-0.00549,5461
-0.254,9316
-0.114,5918
-0.0497,7430
-0.188,10540
-0.127,9645
-0.183,9767
1.08,135
0.152,936
-0.0336,7282
-0.117,8107
-0.115,7489
-0.0305,5805
-0.116,8073
0.122,2611
0.248,1194
0.0826,2505
-0.105,8196
0.0364,4523
0.258,2266
-0.33,8615
-0.068,7428
-0.0526,7763
-0.424,10151
0.213,2753
-0.411,8916
-0.297,8201
-0.107,7453
-0.274,9298
-0.101,7230
-0.167,9427
-0.179,7812
0.17,556
-0.0265,6157
-0.0659,7573
-0.0161,5777
0.0998,2487
-0.304,7640
0.0679,4465
0.0891,1143
0.0395,4341
0.0293,4430
0.00128,5401
0.0949,3770
-0.022,5686
-0.11,9614
-0.327,10908
-0.256,10451
-0.113,7132
0.154,1901
-0.0407,6623
-0.176,10035
0.16,585
-0.168,8588
0.0763,3895
0.294,2099
-0.0861,7078
-0.166,10429
-0.326,9918
0.319,364
-0.079,8456
-0.227,8715
0.026,4521
-0.108,9093
0.024,4247
0.459,478
-0.0375,6205
-0.017,6250
-0.133,8431
-0.000653,5318
0.0286,4697
0.0679,4310
-0.124,7757
-0.0161,5732
-0.156,8803
0.287,1217
0.0934,1110
0.29,424
-0.198,10110
0.101,2948
-0.283,9579
-0.144,8734
-0.142,9764
0.0647,3891
0.0797,2563
-0.0603,6528
-0.018,5379
-0.0619,7633
0.0101,5223
-0.00761,5746
-0.107,7034
-0.122,7350
-0.113,8646
0.132,1861
-0.422,10842
-0.213,9047
0.0442,3535
-0.147,8340
-0.567,10936
-0.13,7029
0.0433,4307
-0.0191,5439
-0.276,10702
-0.221,8516
0.247,982
0.0229,4658
-0.148,8400
0.00448,5327
-0.115,7155
-0.331,8981
0.0395,4699
-0.0353,6767
0.0383,4236
0.144,2755
0.154,2940
-0.33,5204
-0.0907,8925
-0.0677,7394
-0.0694,7363
0.163,2139
1.44,1
0.579,12
-0.23,9164
-0.165,10033
0.215,1529
0.313,1745
-0.185,9249
-0.116,9571
-0.0213,5923
0.351,605
0.00226,5544
0.133,1529
-0.0433,6743
-0.455,10950
0.375,452
0.152,973
-0.151,7816
0.187,2367
-0.359,10463
-0.0866,6945
-0.148,7022
-0.207,9017
-0.101,9939
-0.0788,6817
0.0485,3839
-0.307,10696
0.151,2001
0.101,3164
0.000738,5355
0.842,1322
0.703,298
-0.298,7030
0.2,2017
-0.385,10519
-0.266,5217
-0.0607,6826
0.187,2133
0.0186,4850
-0.0046,5409
-0.217,9849
0.133,2876
-0.046,6584
-0.239,9794
-0.0932,7337
0.121,1048
0.175,1751
0.00265,5075
-0.426,10309
-0.146,8294
-0.0315,6442
-0.176,8646
0.0367,4152
-0.0999,8920
-0.12,8753
0.143,3051
0.0255,4244
0.00544,5185
-0.042,6626
-0.114,9701
0.0207,4632
-0.000737,4770
-0.0857,8178
0.0991,2765
-0.0723,6671
0.0692,3685
-0.234,8985
-0.38,10080
0.323,793
-0.00589,5774
0.0186,5118
0.448,765
-0.316,10812
-0.109,8124
-0.0372,6101
0.167,2907
-0.245,10016
0.821,68
-0.066,7331
0.0637,2618
0.0641,3069
0.371,988
-0.105,6676
0.0978,3688
-0.207,8285
0.0912,2685
-0.0704,6546
-0.232,10504
-0.00628,5754
-0.123,7110
0.169,1269
0.0259,4633
-0.447,10828
-0.0602,6907
-0.0139,5549
0.0984,3255
-0.0663,7465
0.15,965
-0.0343,6544
-0.0167,5869
0.13,3794
-0.208,8811
-0.364,10719
-0.0427,7551
-0.25,9586
-0.0459,7815
0.16,2590
-0.011,5544
0.0759,2771
-0.151,8116
-0.081,7519
0.252,1152
-0.0402,6544
0.145,2661
0.151,1490
-0.055,7127
0.0041,4878
0.058,3744
0.396,1098
0.0237,4389
-0.0241,6599
0.124,1390
-0.189,9198
-0.134,7367
-0.0996,7342
-0.177,10100
-0.24,10791
0.0806,2319
0.307,1262
0.0466,4372
0.122,3341
-0.309,9345
-0.119,9463
-0.194,10128
-0.419,10752
-0.124,7593
-0.245,10601
0.00219,4971
0.106,2887
-0.031,5953
-0.22,10112
0.284,742
-0.0226,5757
-0.0292,7021
-0.24,10150
-0.259,10493
0.183,3195
0.157,3243
-0.227,8608
0.0299,4311
0.281,103
-0.249,9333
0.127,3119
0.044,4629
-0.0282,5342
-0.0592,7201
-0.157,9752
0.201,1104
-0.0382,5784
-0.227,9317
0.476,781
-0.0685,8048
0.0955,1857
-0.265,6858
-0.211,8420
-0.0127,5511
0.0671,3906
-0.188,10834
0.0487,4200
0.0813,3693
-0.00849,5570
-0.0317,6394
0.121,3586
-0.0415,7255
-0.0529,6920
0.0245,4562
0.0612,3761
0.106,2716
-0.379,10529
0.0831,2085
0.0952,1816
0.209,610
-0.202,8808
0.405,310
-0.46,10622
0.0234,4676
-0.173,8513
0.0427,4314
-0.115,8683
0.634,49
-0.14,7366
-0.134,8625
0.0184,4541
-0.0769,8453
0.0326,4189
-0.0855,6779
-0.38,10785
1.24,2
0.0355,4301
-0.066,7618
-0.143,8726
0.0329,4467
0.486,179
-0.301,10780
-0.135,9903
0.15,3264
0.241,2832
-0.368,9642
0.998,220
-0.0584,6411
-0.0495,7269
-0.0531,6714
-0.192,8696
0.263,2342
-0.351,9759
-0.187,10268
-0.0189,6091
-0.137,10234
-0.0357,5824
0.0594,3986
0.424,328
-0.0157,6129
0.0446,3632
-0.07,6661
0.0424,4149
0.195,3202
-0.271,8983
-0.132,9255
0.0547,4332
-0.356,10454
-0.108,6351
0.0556,4128
0.111,2131
0.0527,3456
-0.231,8009
-0.0573,7158
0.0348,4277
0.135,3251
0.139,2292
-0.106,8064
-0.0291,6200
0.0161,4788
-0.377,8882
-0.264,9200
0.246,582
0.0797,3518
-0.00521,5635
-0.25,9056
-0.108,8614
-0.0812,7135
-0.0757,8248
0.283,534
-0.0486,7029
0.00314,5251
-0.0951,8951
-0.432,10732
-0.239,10171
-0.207,10304
0.0617,1496
0.221,2308
0.497,21
0.11,2938
0.265,1399
-0.0787,7065
-0.0719,7296
-0.0829,8594
-0.139,7566
0.106,2730
-0.169,9136
0.046,3852
0.128,1963
-0.0543,6636
0.131,3237
-0.0432,6799
-0.285,10283
-0.384,10567
0.0978,2284
-0.138,6747
-0.151,8945
-0.0538,6277
-0.052,5728
0.0115,4818
-0.00996,6154
-0.09,9244
-0.0937,7763
-0.2,9665
0.187,1236
-0.171,9566
0.0467,4474
0.251,591
1.01,789
-0.287,10031
-0.134,9192
-0.014,5978
-0.0208,5959
-0.0168,6062
-0.0715,7588
-0.287,7233
0.541,1624
-0.0177,6430
0.0603,3617
-0.222,9564
-0.0552,6706
0.467,493
-0.155,8791
0.0625,3870
0.313,440
-0.0437,6524
0.0705,4121
0.312,901
0.0894,2700
-0.0558,6860
-0.043,7465
-0.221,10353
0.165,1515
-0.15,8188
-0.328,10362
-0.194,9817
-0.0996,7727
-0.293,10302
-0.0625,7324
-0.0255,6405
0.0954,2579
0.102,2273
0.129,2212
0.0469,4225
-0.111,8826
-0.0153,5589
-0.215,9169
-0.049,7400
-0.0506,8766
0.199,1368
0.517,45
-0.603,10727
-0.00996,5356
-0.221,9121
-0.0287,7088
0.093,3373
0.0351,3715
0.072,3309
-0.0657,9043
0.00788,5264
-0.0997,9287
0.0555,3756
-0.0756,7884
-0.089,6190
-0.0179,5505
0.081,2587
-0.244,10252
0.26,1402
0.137,1931
-0.088,5942
-0.0617,6808
0.0746,3394
0.101,3480
0.274,1559
0.37,570
-0.0741,7040
0.0988,3651
-0.000412,5182
-0.157,10093
0.0585,3178
0.502,1665
-0.202,9085
-0.055,7309
-0.18,9627
0.0864,1789
-0.0231,6107
0.167,1873
-0.0842,6681
1.07,1042
0.0224,4803
0.142,1163
0.0307,4474
0.374,1263
-0.169,8677
-0.0667,6245
-0.0157,5739
-0.0211,5669
0.0607,3625
0.024,4689
0.495,455
0.194,2420
0.0709,1188
0.101,1883
-0.141,8777
-0.256,9427
-0.103,7874
0.14,3421
0.257,344
0.0495,4027
-0.0417,6928
0.0947,2764
0.0699,3838
0.229,1370
-0.00942,5590
0.0306,4447
0.0523,4405
-0.131,8556
-0.122,7835
0.144,1140
-0.0389,6616
0.0183,4493
0.0748,2745
-0.113,9330
0.234,965
-0.0842,6846
-0.104,8388
-0.157,9761
-0.0827,7509
0.105,1788
0.185,1884
-0.385,10024
0.0177,4109
0.0698,3065
-0.0698,6248
-0.267,10030
-0.107,8420
-0.0878,6406
0.00677,5090
-0.0174,5607
-0.077,6989
-0.144,8252
0.117,2881
-0.125,8335
0.044,3619
-0.00589,5467
-0.244,10153
-0.406,9210
-0.186,9559
-0.262,8790
-0.317,10141
-0.0787,8795
0.0145,4836
-0.159,9525
-0.106,7992
2.7,356
0.0761,2397
0.0919,3346
-0.289,10418
0.202,1874
-0.241,9742
-0.0503,6073
0.0948,2680
0.00634,5045
0.189,841
0.25,1245
0.103,2584
-0.0317,5721
-0.186,10273
-0.0987,7653
0.311,1050
0.208,2147
-0.162,8750
0.0401,3942
0.135,2390
-0.137,9019
-0.172,9264
0.0471,4237
0.586,851
-0.0574,7367
-0.245,8743
0.152,3840
0.105,1053
-0.174,10577
-0.0375,6070
-0.13,7926
-0.00527,5084
-0.645,10767
0.221,773
0.012,4788
0.115,2344
-0.378,10908
-0.0997,8311
0.93,79
-0.101,8703
-0.121,9453
-0.17,8461
-0.0334,6188
0.292,468
0.133,3506
-0.0489,6494
0.114,1309
-0.175,7933
-0.016,6107
-0.0457,6611
-0.286,8933
0.0679,991
0.201,1648
-0.0957,7714
-0.0298,5761
-0.0421,7086
-0.0913,8027
-0.0349,6531
-0.0838,8318
0.167,3134
0.0475,3773
0.168,2287
-0.273,9730
-0.0297,6117
-0.145,9493
-0.0195,6287
-0.184,7183
-0.075,6613
-0.0114,5532
-0.23,9499
-0.134,9525
0.207,1964
-0.223,8804
0.413,566
0.101,1630
-0.159,8817
0.08,3263
-0.265,9667
0.233,1560
-0.107,8299
-0.272,10165
0.0691,2792
-0.0568,6827
0.257,1589
-0.056,6826
-0.251,9547
0.0427,4198
0.0198,4492
0.261,378
0.148,2517
0.0591,4244
-0.247,8236
-0.154,6066
0.0346,4548
-0.0842,7795
0.0159,4773
-0.0755,6602
-0.15,8723
0.0173,4736
0.141,1461
-0.12,8379
0.114,2951
-0.126,7184
0.0715,3220
-0.148,9912
-0.106,7910
0.0364,4454
-0.0937,7880
0.224,1180
0.119,3100
-0.129,9321
-0.0901,9295
0.132,1423
0.145,2901
0.109,2697
0.0836,3482
-0.246,10724
0.0857,3034
-0.132,9236
-0.434,10277
-0.0449,5949
-0.122,7882
-0.00818,3974
-0.305,10821
0.0549,2998
0.274,782
0.196,1645
-0.034,6523
0.2,2134
-0.0406,6701
-0.0955,8744
0.157,1991
-0.0108,6223
-0.105,7660
-0.00777,5855
0.02,4319
-0.0685,7759
-0.0823,6515
0.0763,2368
0.151,3231
0.0428,3561
-0.0984,9058
0.118,1870
-0.0218,5863
0.0812,1859
0.275,1175
-0.117,9358
0.0863,2133
-0.157,9613
-0.0223,5500
0.323,483
0.153,2212
0.338,2542
-0.0903,6765
0.0842,3911
-0.132,8545
-0.252,7579
-0.127,6416
0.0779,2990
-0.0299,5913
-0.106,7907
0.225,1010
-0.107,8304
0.316,194
0.411,144
0.0555,3763
-0.297,10891
-0.244,8127
0.023,4815
-0.243,8764
0.235,1922
-0.245,10707
-0.142,7441
-0.149,8091
-0.0497,7752
0.0469,3813
-0.0471,5993
-0.0495,8497
-0.175,10299
-0.0532,6272
-0.0134,5798
-0.224,9365
0.698,244
-0.0135,5724
-0.198,10079
-0.151,8530
-0.417,8829
-0.208,8924
0.493,136
0.0743,2968
-0.162,9577
0.0995,2845
0.31,640
-0.133,5976
-0.0625,6654
-0.0853,7387
-0.065,6450
-0.183,9939
-0.0461,6668
0.0428,4035
0.0136,4998
0.29,147
0.208,1496
0.12,2848
-0.0506,6246
0.161,1687
-0.434,10358
0.294,659
0.126,2816
-0.0421,6256
0.00982,5201
0.0508,4123
0.0247,4566
-0.00205,5467
0.105,2188
-0.091,7403
-0.0387,6208
0.328,2148
0.067,3017
0.114,2303
-0.0152,6563
-0.356,10315
0.306,1565
0.24,2440
0.658,65
0.107,1708
-0.143,8786
-0.119,9293
-0.0401,6302
0.111,1737
-0.313,10844
-0.1,9381
0.0969,3329
-0.199,9130
-0.0933,5988
0.738,522
0.476,332
0.07,3785
0.0896,2427
-0.00893,5595
-0.124,7723
0.082,3323
0.227,2719
0.0488,4128
-0.0589,8547
-0.172,10244
-0.0267,6455
0.231,236
-0.0411,5624
-0.0748,8198
-0.00381,5766
-0.188,6760
-0.582,10534
-0.463,9775
-0.0328,5370
0.311,282
-0.00381,5463
-0.0517,6529
-0.198,10025
-0.0158,5285
-0.128,9385
0.209,252
-0.0326,6126
-0.0327,6106
0.0735,3113
0.0534,3701
-0.282,6285
-0.0024,5343
0.0476,3904
-0.14,9821
-0.133,10162
0.114,2834
-0.0472,6685
0.021,4707
0.0478,3723
0.122,2812
-0.124,8606
-0.179,8869
0.00475,5294
0.00801,4902
-0.182,10383
0.0619,3696
0.828,176
0.153,1531
-0.427,10809
-0.016,6066
-0.145,9606
0.149,2857
-0.00684,5666
-0.065,7952
-0.0272,5555
0.0825,1624
-0.0285,6297
-0.138,8927
-0.356,9686
0.706,447
-0.377,10281
-0.0261,6238
-0.0728,6982
-0.286,9740
0.311,1552
-0.368,10256
0.0207,4581
0.162,1823
-0.166,10058
-0.189,6289
-0.188,9816
-0.0824,6866
0.371,1212
-0.0496,6966
-0.0698,7134
-0.0381,5872
0.258,1775
-0.392,10084
0.182,2126
-0.194,9952
0.0296,4226
-0.0427,6122
0.00496,5356
-0.185,8498
-0.014,5971
0.174,682
-0.058,8229
-0.168,9351
-0.117,7943
-0.142,8954
0.2,872
0.0833,2953
-0.000484,5341
-0.273,9826
0.249,1387
-0.246,7243
-0.236,9336
-0.097,8321
0.175,653
-0.23,8964
0.422,52
-1.49,10867
-0.115,9934
-0.085,8874
-0.103,9266
0.0322,4587
0.0226,4857
-0.349,8680
0.218,2397
0.0778,2521
-0.0496,6518
-0.436,10078
0.0624,3933
-0.124,7169
0.163,1577
0.221,1818
-0.00563,5809
0.0776,3130
0.118,3330
0.133,1254
0.104,3364
-0.0734,7759
0.0781,2808
-0.253,8287
0.19,2966
0.499,1478
0.355,419
-0.0156,5855
-0.182,9477
-0.116,7158
0.15,2716
-0.231,8127
-0.123,8819
0.025,4304
-0.0759,7119
0.0571,3877
-0.0541,6742
0.105,3427
-0.417,10991
-0.0855,6742
-0.113,9641
-0.19,9897
-0.109,7814
-0.0457,5805
0.128,3545
0.145,1240
0.42,75
-0.0231,5932
0.0624,3467
0.0258,4610
0.0436,3859
-0.0855,7835
0.0167,4643
-0.152,8499
0.0754,3965
-0.00111,5365
0.073,3523
0.0506,4132
-0.17,10725
-0.133,8705
0.0369,3841
-0.42,9368
-0.315,8631
-0.21,9672
-0.00149,5373
0.012,2743
-0.088,7129
-0.196,9714
-0.0909,8564
1.58,160
0.0151,4916
-0.0114,5718
0.00126,5286
0.00758,5103
-0.138,8991
0.218,2178
-0.188,10489
0.0926,2258
-0.0648,7437
-0.0537,5983
-0.182,8969
-0.514,8745
0.138,2187
-0.112,8567
-0.106,8142
-0.205,10191
-0.0337,6495
-0.181,8967
0.383,104
0.121,2539
0.0045,4895
0.103,3374
-0.221,8472
0.922,151
0.0939,2371
0.0955,2631
0.0503,3529
-0.158,8651
-0.443,9975
-0.0864,7876
0.165,1392
-0.242,10520
-0.183,7620
-0.0419,6744
-0.0605,6529
-0.0439,6721
-0.0477,6282
-0.01,5386
-0.26,9510
-0.0381,6240
-0.115,7921
-0.0309,5811
-0.0552,7718
0.0671,2987
-0.135,7962
-0.153,9194
-0.0124,5109
0.144,2577
-0.179,9581
0.173,1060
-0.103,7533
-0.258,8871
-0.421,10494
0.195,2426
-0.127,8798
0.117,2915
-0.458,10553
0.34,220
-0.174,8469
-0.0562,6299
0.344,188
-0.0371,6411
0.0484,4209
0.0736,3814
0.0395,4219
-0.0851,7103
-0.152,7967
-0.232,10801
-0.0314,5671
-0.027,5948
0.489,1353
0.0848,3901
-0.0532,6825
-0.0747,8174
-0.0551,6547
-0.307,9276
0.00243,5094
-0.34,10144
-0.00968,5499
0.0581,2024
0.14,1636
0.0466,4210
0.0345,4775
0.0896,2453
0.241,911
-0.0766,8411
-0.14,7948
-0.0917,6816
0.806,770
-0.207,8542
0.0266,4147
-0.134,7707
-0.147,8493
-0.15,7590
-0.000758,5450
-0.0534,5270
-0.0487,6595
0.0625,3896
-0.449,10873
-0.244,10451
-0.387,10520
0.134,2845
0.122,2053
-0.0881,8023
-0.0697,6944
0.00964,4938
-0.0853,8312
0.219,1163
-0.324,10338
0.229,734
0.236,1053
0.145,1827
0.0348,4356
-0.293,9690
-0.00527,5498
-0.0672,9325
0.297,431
0.226,783
0.357,2251
-0.112,8211
0.108,2157
-0.279,10356
-0.255,9075
-0.0149,5942
-0.123,8211
0.0552,2290
0.0964,3088
-0.272,10308
0.0185,4712
-0.15,9061
-0.215,9033
0.184,1765
-0.0914,8099
0.0913,3069
-0.12,7812
-0.0703,7367
-0.294,10264
1.08,128
-0.0147,6295
-0.0721,6926
0.256,1411
0.146,938
0.775,633
0.171,816
-0.19,8863
-0.00243,5599
-0.233,9836
0.205,1598
0.0725,4033
-0.0647,5820
-0.264,9785
-0.254,10341
-0.00151,5066
-0.227,10566
-0.352,9913
-0.0284,5476
-0.186,10815
-0.111,9537
0.0942,2128
0.135,2198
-0.038,6758
0.26,979
-0.22,10429
0.066,3533
0.449,456
-0.259,9666
1.23,29
0.127,2865
0.117,1645
-0.183,10270
-0.203,9490
0.381,952
0.127,4029
-0.114,7952
0.163,1401
0.289,1262
-0.0686,6850
0.153,3622
0.699,1344
0.0336,4647
-0.0966,7503
-0.0393,6188
-0.239,8256
0.155,3433
-0.0156,5842
-0.12,9437
-0.107,8223
-0.11,6955
-0.143,8440
0.355,623
-0.105,8562
0.154,1497
0.0156,4636
0.0678,3749
-0.181,9408
0.427,370
-0.148,7257
0.348,71
0.0493,3501
0.163,922
-0.287,10145
-0.272,9434
-0.103,7594
-0.0232,5686
-0.0124,5919
-0.191,7217
-0.236,9412
0.962,10
0.149,1654
-0.0585,7464
-0.025,6142
-0.0112,5744
-0.0632,6166
0.302,647
-0.469,10891
-0.0569,8280
0.0793,2705
-0.13,8171
0.384,404
0.163,1457
0.52,121
0.104,1935
-0.18,10203
-0.274,10938
0.0689,3953
-0.248,9602
0.0511,4386
-0.0246,6326
0.037,3671
-0.0558,6894
0.0213,4856
0.143,2551
-0.168,7474
-0.0157,6111
0.0911,2548
0.0733,3414
-0.0274,5761
-0.142,8396
-0.00595,5548
-0.0718,7757
-0.0675,7051
0.0713,3696
0.0538,3839
-0.188,9645
-0.354,10806
0.0386,3964
-0.287,10959
0.431,797
0.076,3476
0.345,933
-0.0266,5654
0.000553,5643
0.0782,1226
-0.125,8625
-0.296,9783
-0.0708,6876
0.0563,4062
-0.0685,8143
0.216,1619
0.174,1455
-0.039,6014
0.0951,1683
-0.102,7443
-0.0409,6626
-0.0586,7252
-0.0744,7130
-0.0298,6401
0.085,3736
-0.149,5695
-0.0585,8064
0.0637,3455
-0.0671,6434
-0.215,8712
0.367,1812
0.0312,4597
-0.195,8994
-0.0121,5710
-0.131,7974
0.0114,5167
-0.152,6554
-0.328,8434
0.0815,3615
-0.0633,7713
0.0218,4554
0.0461,4185
-0.231,9083
0.188,1402
-0.0525,7055
-0.0755,6727
-0.192,9131
0.072,3920
-0.00487,5198
-0.0627,6462
0.358,196
0.0722,3689
-0.31,10689
-0.0716,6738
-0.0517,6555
-0.0896,7854
-0.0242,7164
-0.211,10341
-0.0766,6675
-0.158,7966
0.0101,4893
1.1,939
0.0966,2444
-0.042,6176
-0.104,8647
-0.252,8599
-0.0456,5942
-0.0427,6772
-0.184,10164
0.156,2703
-0.0769,6560
-0.102,8403
0.134,2798
0.00345,5046
0.126,2293
0.172,2068
-0.159,9489
-0.0757,6938
0.0208,4751
0.0324,4201
0.0297,4348
0.0866,3813
0.111,3387
-0.0829,6308
-0.171,6223
0.00119,5465
0.177,1120
0.0572,4053
0.00347,5239
0.282,878
-0.474,7748
0.226,651
-0.158,9348
0.2,1394
0.00469,5156
0.0873,2060
-0.148,9227
-0.237,10294
-0.0328,6012
0.55,378
-0.0731,7596
0.0244,4591
-0.129,8812
-0.256,10211
-0.046,6609
0.0563,3292
-0.265,10425
-0.113,7798
0.0604,4044
-0.564,10827
0.237,224
-0.156,9930
0.1,1993
-0.227,9429
-0.147,8146
-0.306,10242
-0.176,10024
0.101,2475
0.13,2032
-0.017,5512
-0.164,8043
0.04,4446
-0.0132,6047
-0.155,10472
0.444,328
-0.0642,6493
0.00522,5445
0.0985,2640
-0.0826,8931
-0.259,10857
0.204,1415
-0.158,6372
-0.0632,6070
-0.0289,5713
0.00612,5216
-0.099,9653
-0.0865,6349
0.057,3689
0.477,1554
-0.226,9844
-0.203,9852
0.0632,2503
-0.0931,8482
-0.0934,7954
-0.122,10426
-0.281,10006
-0.032,5934
-0.183,8757
-0.00119,5624
-0.112,7318
-0.323,10424
-0.0486,6057
0.0723,3236
-0.018,5847
0.0994,2998
0.117,2488
-0.0195,5771
0.00791,5106
-0.0935,8225
-0.0162,5790
-0.326,10062
-0.242,7616
0.027,4694
-0.318,7596
-0.0569,7624
-0.193,9182
0.181,1884
0.0632,4138
-0.125,7585
-0.29,8765
-0.00651,5860
0.115,1421
-0.111,7760
0.0925,2910
-0.0356,5498
0.204,2005
-0.0386,6494
-0.0814,6320
-0.0396,6189
-0.0214,5873
-0.0366,6482
-0.0825,6073
-0.00249,5485
-0.216,10644
-0.0464,6632
0.131,3087
-0.184,9494
0.0853,3923
-0.326,10558
0.109,3130
-0.137,8602
-0.168,9467
-0.0596,6723
0.0946,2985
0.252,755
-0.00742,5853
-0.106,6340
0.0127,4917
-0.223,9792
-0.141,10224
-0.00767,5607
0.0081,5173
-0.00448,5258
-0.692,10888
-0.084,7355
-0.219,8427
0.0126,4901
0.164,2316
-0.243,8918
0.0441,4517
0.465,430
0.216,2123
-0.209,8538
0.0756,2693
-0.301,10569
0.113,2238
-0.0924,7405
-0.211,9811
-0.0135,5919
0.061,1865
0.0439,4252
-0.0105,5592
-0.239,7600
0.134,1949
0.000829,5323
-0.022,5815
0.137,2605
-0.0132,5490
0.688,577
-0.477,10307
0.0677,2409
-0.145,9036
0.133,2400
-0.12,6434
-0.105,7678
0.0264,4713
0.0863,2376
0.0192,4730
-0.16,7628
-0.143,8205
0.113,3181
-0.504,10297
0.0184,4673
-0.0467,6509
-0.333,9583
0.374,473
0.213,1948
-0.111,7402
0.0187,4695
0.0637,3021
-0.0425,6491
0.0691,3917
-0.129,7709
-0.12,9146
0.0393,4417
0.15,2319
-0.0726,7965
-0.152,9000
-0.0991,7295
-0.0875,6893
-0.189,10304
0.0899,2373
-0.0436,6440
0.144,2121
0.495,483
0.133,1939
-0.0892,8158
0.206,1913
0.541,1048
0.106,2975
0.0717,3341
-0.121,7546
-0.106,9135
0.0297,4501
-0.147,9122
0.286,1189
0.0143,4997
-0.465,9498
0.168,250
-0.0277,6220
-0.198,7581
-0.0288,6406
-0.286,5694
0.448,1897
0.0584,3297
0.0736,3179
-0.0819,7758
-0.139,7524
-0.392,10005
0.183,2715
0.167,1534
-0.106,8688
0.232,2215
-0.203,8437
0.37,1618
0.0577,4068
0.202,1843
-0.0604,7351
0.00299,4956
-0.178,9380
0.141,3346
0.378,920
0.154,508
-0.0738,7007
-0.283,9624
-0.129,8007
-0.195,8215
-0.119,8403
0.111,821
-0.16,10316
-0.269,9108
-0.0169,5707
0.022,4535
0.318,1311
-0.255,8943
-0.105,9697
0.119,3431
0.0595,3844
0.114,2407
-0.138,9035
0.0132,5107
0.0512,2339
0.0198,4635
-0.0698,7225
0.275,1156
0.181,1973
0.141,1106
-0.0891,6978
0.0574,1784
0.175,1044
0.202,1302
-0.153,8468
-0.0336,6265
0.113,2280
-0.147,10022
-0.162,8975
0.267,601
0.515,305
0.0331,4569
0.229,414
0.0278,4864
0.337,956
0.102,3359
0.686,564
-0.38,9461
0.0755,1757
-0.163,10720
0.515,1784
0.195,2712
-0.222,6130
0.275,1465
-0.161,9835
-0.0329,7283
0.524,406
-0.22,10180
0.0588,4083
0.125,2885
0.0262,4149
-0.0948,8927
0.126,3237
0.13,1972
0.0307,4441
0.604,368
0.0672,3570
0.374,806
0.107,2590
0.00494,5282
-0.101,7452
0.2,2525
-0.0952,8382
-0.0623,7691
0.18,896
-0.122,7944
0.644,1618
-0.091,7627
0.153,1558
0.0174,4741
-0.139,7356
-0.208,7506
-0.186,8629
-0.0336,6860
-0.146,10665
0.219,1618
0.137,1336
-0.0474,6194
0.129,3111
0.0857,3594
0.0369,4037
0.0329,4497
0.24,2328
0.261,601
-0.367,9642
-0.082,6507
-0.144,8658
-0.0169,5987
-0.0806,7903
-0.117,7748
0.0581,3271
-0.208,9902
0.025,4830
0.0646,3339
-0.0364,5980
0.1,2711
0.0494,4276
-0.0913,8548
0.116,1206
0.0322,4452
0.239,1323
0.483,634
0.136,3010
-0.0661,7349
-0.0529,6899
0.256,137
0.0153,4829
-0.0815,6990
-0.155,8378
-0.277,8093
0.574,71
0.0887,1977
0.0851,3923
0.223,1101
0.26,1160
-0.458,10718
-0.158,9393
0.523,73
-0.196,9891
-0.184,8864
0.198,1493
0.00745,5018
0.115,1904
-0.0883,6974
-0.202,8162
-0.249,10509
-0.0281,4007
-0.374,8847
0.119,2928
-0.018,6112
0.0832,2907
-0.0916,7214
-0.064,7261
-0.0154,5526
-0.149,9783
0.0147,4494
-0.115,7468
-0.122,9493
0.00691,5214
-0.171,9065
0.000169,5264
0.272,774
-0.142,8043
-0.212,9072
-0.0823,7382
-0.0216,6357
0.0396,4272
0.0257,4443
-0.0662,7116
0.00583,5170
0.397,614
-0.1,7780
0.0524,3095
0.651,114
-0.604,7956
0.147,2218
-0.0127,4920
-0.212,9761
-0.136,10491
-0.0387,5682
1.17,104
-0.477,10681
0.11,1803
0.0282,4722
-0.033,6612
0.216,368
-0.036,5764
0.138,1586
0.0526,4255
0.241,2686
-0.137,10014
-0.291,10694
-0.118,7447
0.327,376
-0.117,8163
-0.526,11017
-0.0657,7162
-0.122,8389
0.043,3827
0.712,127
0.0511,3546
-0.132,8842
0.0293,4086
-0.186,10478
0.0226,4581
-0.183,10215
0.187,2358
-0.194,9070
-0.141,8353
-0.0482,6957
-0.212,9220
-0.107,8501
-0.122,8642
0.208,1263
0.265,1927
0.182,1151
0.00945,5326
0.036,4392
0.115,2657
-0.0895,7119
0.134,1360
-0.00397,5410
-0.00247,5309
0.0401,4396
-0.13,6486
-0.0819,6888
0.0322,4420
-0.124,7899
0.166,3071
-0.112,8080
0.202,1021
-0.229,9387
-0.13,8332
-0.0769,8410
0.391,446
-0.204,9898
-0.302,9172
0.0114,5165
0.0443,3868
-0.244,10865
-0.144,7928
-0.366,10578
-0.329,10020
0.428,847
0.261,482
-0.233,9846
-0.189,6662
0.145,3531
0.439,2284
0.455,2228
-0.0356,6626
0.332,2367
0.0144,5005
-0.0499,6828
-0.162,7299
-0.0455,6277
0.119,1402
-0.114,9269
0.0388,4625
0.187,1038
-0.406,11033
0.00389,4888
-0.0208,6040
0.0059,5157
0.0836,3306
0.076,3641
0.234,1781
-0.176,8983
-0.0856,8130
-0.092,8690
0.276,1163
-0.104,7938
0.0246,4845
0.0355,4479
-0.207,10558
-0.0901,7627
-0.0498,6829
-0.239,10064
-0.00792,5506
0.147,2901
-0.0143,5807
-0.0104,5789
-0.138,8074
-0.0941,7794
-0.0816,6856
-0.15,8514
0.216,936
-0.0556,7841
0.162,3623
-0.386,9911
-0.133,7444
-0.0662,6277
0.478,14
0.67,18
0.00818,5106
0.287,1410
0.374,746
-0.142,7192
-0.19,9883
0.0148,4462
0.207,1382
0.96,76
0.00715,5023
0.141,1373
-0.123,9027
-0.0187,6050
-0.0521,6745
-4.14e-05,5168
0.0456,3587
0.182,2699
-0.029,5886
-0.0827,9195
-0.0409,6644
0.0935,3888
0.312,1208
-0.25,8823
-0.392,10119
-0.134,8135
-0.222,9591
-0.434,10898
-0.0903,6894
-0.0936,7543
0.0934,3895
0.116,2056
0.0941,3137
-0.00962,4874
-0.362,8654
-0.169,8945
-0.0529,6848
-0.206,9519
0.0375,3371
0.108,1807
-0.0307,6751
0.196,1758
-0.0777,6737
0.0745,3819
-0.0267,5620
0.064,4291
-0.104,7566
-0.622,10023
0.191,2651
-0.231,10131
0.0394,4494
0.169,2160
0.0737,3679
-0.0617,7357
-0.213,10062
0.143,3134
0.0777,3816
0.0964,2341
-0.184,9429
-0.111,7525
-0.106,8280
0.0694,4101
0.21,2231
0.056,2961
0.065,3179
-0.0572,6296
0.158,1617
-0.499,10721
0.0448,4207
-0.0213,6646
-0.195,9709
-0.138,8586
-0.201,10021
0.0475,4234
-0.07,6124
-0.0684,7872
-0.0669,7077
-0.0791,7092
0.182,2487
0.44,2097
-0.23,8826
0.283,588
-0.0316,6581
0.125,2661
-0.133,8133
0.0607,4052
-0.032,6061
-0.212,10383
0.0171,4742
-0.109,8422
0.0869,3605
0.00184,5073
-0.0545,6803
0.0974,3028
0.0885,3305
0.0326,4529
-0.0954,7315
0.0196,4625
-0.116,8147
-0.0214,6018
0.199,65
0.19,1832
-0.097,7296
-0.0606,6264
0.124,3018
-0.214,8926
0.0155,4876
-0.225,9238
-0.331,10213
0.165,2093
0.0808,4127
0.0485,4366
-0.25,10712
0.11,3459
0.0509,3966
-0.335,10229
0.535,454
0.028,4420
0.54,105
-0.0396,6203
-0.238,9215
-0.109,7965
-0.109,8645
-0.101,7842
-0.0288,5697
0.045,3810
-0.175,9073
0.129,2826
0.0743,3653
0.146,1209
-0.151,8189
-0.0748,7914
-0.393,7495
0.432,435
0.0073,4825
-0.112,8459
-0.18,9337
0.0973,3993
-0.0386,7205
0.0707,3381
0.015,4717
-0.226,10420
0.0245,4078
-0.186,8376
-0.366,9255
0.111,3600
-0.154,8786
-0.0348,5980
0.483,330
-0.164,9299
0.22,559
0.00554,5185
0.255,397
-0.122,9670
0.121,1675
0.108,2946
0.477,277
0.15,3239
3.99,26
-0.131,9027
-0.00696,5565
-0.102,8763
0.189,2477
0.133,2736
0.0585,3962
0.0591,3567
-0.177,7914
0.008,4804
0.254,908
-0.143,7275
-0.0785,8229
0.108,2107
-0.337,10882
0.118,3053
0.364,1202
-0.126,7190
-0.158,10543
-0.162,8764
-0.158,6528
-0.338,6493
-0.524,7841
0.135,3044
0.169,2725
-0.459,10763
-0.253,9116
0.117,1703
0.205,2466
-0.14,7938
-0.00423,5393
-0.166,9221
0.16,2177
0.366,2318
-0.0463,5671
-0.649,9960
-0.528,10376
0.0588,4094
-0.0501,5822
-0.0197,5796
-0.132,7107
0.0145,5163
-0.0508,7378
0.221,537
-0.0632,6101
0.0758,3626
-0.0621,7247
0.404,1557
0.11,874
-0.0337,6482
0.361,239
-0.022,5792
0.128,2516
0.0724,3866
0.0685,3895
0.0435,3906
0.244,3038
0.369,1258
-0.331,8234
0.0201,4636
-0.0534,6690
0.0288,4322
-0.0582,6173
0.193,1735
-0.000245,5231
0.0771,3416
0.0402,3373
-0.148,9939
0.227,3225
-0.0989,7264
-0.0611,6285
-0.0917,7095
-0.0652,7302
0.0592,3091
-0.0698,8131
0.0397,4331
0.348,2083
-0.0521,8174
0.015,4924
-0.0655,8071
0.0991,2213
-0.0769,6280
0.258,2177
0.305,702
-0.0769,6937
0.296,452
-0.0821,8445
0.46,310
-0.104,7960
-0.11,7780
0.00201,5299
0.00107,5105
-0.0301,6490
-0.0578,6776
-0.0284,5888
-0.115,7625
-0.156,8989
-0.167,9737
0.0358,4183
-0.547,10853
-0.0539,5830
-0.0288,5538
-0.105,8014
-0.161,8979
0.441,167
-0.0592,6871
-0.331,8299
0.159,3047
-0.0538,7228
-0.126,9669
0.565,17
-0.11,8167
-0.0524,8158
-0.0991,6681
0.0834,1681
0.176,1597
-0.0885,6979
0.128,2795
-0.397,10769
-0.265,9641
0.205,1213
-0.17,9876
0.102,2909
-0.0324,6953
0.122,3963
0.0928,3335
-0.0466,7439
0.173,673
0.479,172
0.0676,3850
-0.254,8055
-0.459,10559
0.21,1268
-0.125,10070
0.137,1877
0.113,3332
-0.249,6397
-0.0163,5781
-0.138,6997
-0.0832,8847
-0.131,6691
-0.186,9627
0.206,2413
-0.095,6942
-0.0434,7797
-0.0574,6601
0.444,229
0.02,4854
0.187,3111
-0.0647,7420
-0.104,8975
-0.133,9713
-0.225,8733
0.103,3388
-0.16,7517
0.0572,3676
-0.128,9069
-0.0865,9029
-0.00331,5351
0.074,3663
0.0329,4091
-0.0933,7508
0.0828,3303
-0.229,9704
-0.23,7825
-0.0193,5988
0.096,4058
-0.494,10254
-0.131,7602
0.266,1091
0.0622,3150
-0.19,10267
0.0791,3115
-0.0233,5765
0.2,889
-0.389,10444
-0.0544,6391
0.0363,4382
0.0181,4779
0.0764,4016
-0.0535,5669
-0.183,8194
0.167,2988
-0.0697,6204
-0.205,5062
-0.0925,8305
0.039,4169
-0.124,9053
-0.062,7331
-0.386,10777
-0.447,10657
-0.333,10038
-0.194,9374
-0.172,9724
-0.129,6579
0.00423,5399
-0.124,7772
-0.143,8760
0.0684,3277
-0.0251,6129
-0.0605,7300
0.0704,3203
-0.16,8166
-0.0747,6770
0.434,5
-0.0426,7053
-0.0872,7351
0.349,844
-0.0676,6419
0.0666,4378
0.0703,1532
-0.181,8968
0.0438,4307
-0.208,8902
0.406,693
-0.0632,6971
-0.111,8120
0.0261,4664
-0.367,10047
0.284,1988
-0.173,8338
-0.447,10850
-0.00554,5590
0.0871,1931
0.0379,4679
0.392,1172
-0.225,8771
-0.108,6587
-0.199,7838
-0.00216,5638
0.18,2266
-0.0771,7577
0.807,678
-0.414,6466
-0.0592,7843
0.112,2503
-0.0917,7666
0.0736,3335
-0.204,9926
0.307,1064
0.134,846
-0.183,10610
-0.0358,6626
-0.0485,6605
-0.258,6733
0.16,2051
-0.0567,6643
0.0256,4640
-0.208,9723
-0.577,10620
-0.354,9928
-0.0327,6126
-0.0259,6513
-0.131,9405
0.292,1530
0.0672,4264
-0.145,9157
0.14,1935
-0.22,10082
0.0278,4657
0.345,884
-0.077,7007
-0.109,7674
0.118,3061
-0.034,6230
0.00894,4809
0.085,3795
-0.149,9051
0.0164,5251
-0.27,8045
0.437,1
0.00405,5108
-0.0405,6489
-0.0399,6543
0.0142,5290
0.308,530
-0.0497,6987
-0.364,10723
0.0948,3302
0.0898,3020
0.0753,4171
-0.0443,7446
-0.0602,7241
0.112,1369
-0.00352,5378
0.6,268
-0.019,5273
0.0398,4054
-0.16,9925
0.202,909
0.0303,4445
-0.225,8936
0.0667,4095
-0.0324,6176
0.0839,2993
-0.0957,7834
0.00962,4948
0.523,66
-0.0792,8833
-0.0325,6242
-0.224,10536
0.149,1376
0.0733,3952
-0.216,9053
0.552,144
0.106,2999
-0.14,8463
-0.138,9996
0.22,1909
0.205,2444
0.162,2048
-0.177,8124
-0.0433,6939
-0.0857,8740
-0.261,9544
-0.246,9428
0.0292,4394
-0.195,7455
-0.105,7828
-0.0637,7144
-0.188,9555
-0.253,8880
-0.151,9352
0.214,1707
0.0266,4393
0.161,1784
-0.0266,5957
-0.0639,6525
-0.084,6720
-0.151,7505
-0.0539,6728
0.000737,5372
-0.0805,6852
-0.185,8662
0.356,924
0.215,789
-0.0921,7940
0.247,176
0.0504,4295
-0.155,7264
0.438,190
-0.13,7494
-0.0954,8414
0.0192,4508
0.621,73
0.0565,3935
0.234,1210
0.00153,5382
0.00763,4993
0.0616,2603
0.169,1867
-0.145,8844
-0.276,9752
0.0739,3026
-0.0126,5678
0.0499,3135
0.0317,4768
-0.121,9476
0.218,1521
0.537,947
-0.0311,6341
0.149,1484
-0.0556,7516
-0.279,10082
-0.595,10935
0.194,1446
-0.0398,6641
-0.02,5582
0.0471,4221
-0.326,8626
-1.44e-05,4905
0.161,2614
0.0139,5032
0.0759,3666
-0.37,10614
0.136,3221
-0.111,8517
0.0545,4454
-0.0988,7717
0.0318,4417
-0.176,9291
-0.0178,5678
-0.0194,5834
0.526,101
0.172,291
-0.131,9266
-0.0022,5305
0.0258,4411
0.358,499
0.195,2629
0.13,1830
0.081,2562
-0.0196,5696
0.389,968
-0.00536,5406
-0.364,8543
-0.129,8399
-0.035,7183
0.226,1797
-0.147,7548
0.069,3664
0.216,1310
-0.011,5482
0.14,2125
-0.0643,7074
-0.201,9671
-0.263,9638
-0.16,9338
-0.201,10361
1.2,1
-0.167,9994
-0.0186,5745
-0.099,5202
0.0339,3484
-0.191,9889
-0.0417,6762
-0.1,7489
-0.0728,7783
0.132,3226
-0.108,8411
0.0971,2471
-0.281,9547
-0.00158,5430
-0.206,9145
-0.0572,6212
0.188,1956
0.27,692
-0.302,10303
0.167,1205
-0.00859,5431
-0.257,10407
-0.0968,8926
0.00376,5306
-0.0321,5648
-0.341,10649
-0.201,9315
-0.219,7047
0.0882,2264
0.0423,3508
-0.103,6645
0.104,2454
0.116,3365
-0.228,7756
0.00574,5107
0.0999,2979
0.0971,1843
0.101,3367
-0.178,8442
-0.167,9841
-0.106,8244
-0.157,9784
-0.214,9197
-0.0211,6228
-0.352,9092
-0.182,8783
0.00919,5032
-0.186,10216
0.188,1941
-0.0565,6682
0.0695,3747
0.469,632
0.0577,3565
-0.0809,5890
0.0891,3760
-0.207,9730
-0.221,8062
-0.56,9663
-0.0491,6883
-0.0562,6497
-0.15,6378
0.121,3701
0.216,2487
0.103,3458
0.00879,4998
-0.135,9091
-0.127,8074
-0.148,10112
0.0986,988
0.0211,5091
0.373,12
0.187,833
-0.0575,5677
-0.146,4037
-0.04,5620
-0.0901,5614
0.0273,4336
-0.248,10621
-0.233,9108
-0.172,8445
-0.054,7297
-0.176,8884
0.0361,4276
0.0369,4204
0.0944,3266
-0.16,9173
-0.239,9541
-0.274,6451
0.222,628
0.187,520
-0.259,10517
-0.262,10402
0.0689,4018
0.217,2453
0.0793,3640
-0.0495,9170
-0.00106,4866
0.134,2327
-0.157,6203
-0.134,7663
-0.119,8752
0.111,1024
-0.318,7435
-0.157,7571
0.0193,4903
-0.0443,6675
0.0162,4581
0.106,1844
0.00264,5012
-0.0209,5818
-0.0536,7459
0.177,2396
-0.175,10520
-0.064,7906
0.411,474
-0.00394,5255
-0.0895,7237
-0.125,9449
0.0999,2614
0.0212,4615
-0.455,10426
-0.143,6293
-0.139,7073
-0.474,10863
0.0517,4036
-0.0329,7036
0.211,385
-0.084,7159
0.0483,4193
0.391,1802
-0.325,5971
-0.0803,7411
-0.0486,7623
0.276,1471
-0.173,8033
-0.291,10141
0.67,1039
0.211,1288
-0.071,8355
-0.0772,6523
-0.317,10143
0.0697,3482
0.19,3298
0.207,1044
-0.154,8373
-0.121,9711
-0.124,7732
-0.105,8199
-0.25,9121
-0.158,10311
0.029,4118
0.114,2719
-0.00568,5437
-0.266,8405
-0.316,8115
-0.093,9980
-0.0403,6170
-0.111,8722
-0.149,9347
0.0912,3591
0.491,1008
-0.347,10801
-0.168,7422
0.159,3098
-0.183,7842
-0.339,10243
0.336,888
-0.0115,6003
-0.000753,5650
0.0092,5161
0.000753,5448
0.0573,4192
-0.2,7448
0.00769,5185
0.144,2428
0.0937,2727
-0.116,7402
0.171,3191
0.0788,2920
0.425,246
0.0523,2732
-0.0689,7004
0.421,588
0.398,503
0.155,2523
-0.312,10900
-0.0616,6788
0.000693,5134
-0.293,9778
-0.0374,6923
-0.128,8170
0.155,1259
-0.0216,6352
0.0964,2914
-0.051,6346
-0.0362,5847
-0.158,7572
0.000919,5415
-0.0936,9117
-0.077,6453
-0.0545,7087
0.565,904
-0.0655,6959
0.0902,3375
-0.083,6795
0.0606,3655
0.346,1576
0.377,123
-0.0824,7613
-0.0539,7060
0.135,2519
-0.00579,5696
-0.116,7225
-0.139,7525
-0.106,8890
-0.0153,5736
-0.201,8293
-0.0494,6952
-0.133,8544
0.133,1993
0.159,829
-0.133,8781
-0.0859,8241
0.445,269
-0.31,10064
0.246,1238
0.273,1365
0.251,1616
-0.353,10534
-0.216,8600
-0.113,8541
0.253,1982
-0.203,9171
-0.182,9242
0.105,2864
-0.107,7443
-0.278,7121
-0.0618,6493
0.12,2628
0.071,3566
-0.508,9314
-0.0214,5518
0.366,1130
-0.115,6460
1.49,161
0.129,3136
0.136,1845
-0.189,8080
-0.142,8022
0.0234,4505
0.0991,1820
0.093,3092
0.687,294
-0.0167,5167
0.314,267
-0.0293,7110
-0.0782,8434
-0.158,8639
0.153,1453
-0.152,9487
0.0507,4309
-0.0515,6562
-0.0128,6156
-0.34,9226
0.303,218
0.0401,3770
0.738,241
0.0972,2948
0.0843,2444
0.00982,5079
0.163,2137
0.0789,3488
0.0585,3860
0.0562,3905
-0.0777,7051
0.0453,4316
-0.138,9424
0.128,2352
-0.425,9893
-0.0337,6651
0.075,3470
-0.136,7061
-0.197,7992
0.213,1725
0.152,2657
-0.0236,6498
-0.0093,5655
-0.358,9518
-0.281,9882
-0.277,10094
-0.15,8463
0.519,17
-0.133,10162
0.00796,4948
0.387,864
-0.0956,5423
0.108,2842
-0.0809,7388
-0.00729,5773
0.0861,3012
-0.0799,6040
-0.284,9416
-0.152,8885
-0.204,10530
-0.259,10482
0.114,2811
-0.0574,6600
-0.0788,6937
-0.00632,5369
-0.169,10269
-0.457,11027
0.172,2105
-0.00477,5436
0.168,2732
-0.0569,6554
0.0278,4251
-0.043,6510
-0.194,9382
0.0494,3868
0.0174,4807
0.166,414
0.0399,4196
-0.149,9446
0.0249,4831
0.1,1566
-0.0637,7328
0.00213,5380
-0.0843,8691
0.395,124
0.102,2205
0.0535,3236
-0.188,9817
-0.173,8906
0.114,2470
-0.0914,7981
0.325,641
0.0675,3915
0.248,1508
-0.134,9271
-0.0847,6544
0.0466,4453
0.137,2224
0.151,2822
0.058,4210
-0.122,5407
0.0207,4745
0.0275,4211
-0.0784,8354
-0.138,7079
0.0611,3490
-0.252,9175
-0.081,8658
0.0217,4728
-0.33,10948
-0.288,10361
0.0424,4478
-0.166,8129
0.00623,5205
-0.0444,7142
0.0128,5004
-0.0565,6936
-0.178,8309
-0.121,7880
-0.132,8065
0.145,1105
-0.195,10231
-0.0464,6696
-0.024,6002
0.105,1968
-0.215,8676
0.365,692
0.247,1122
-0.611,10989
-0.506,8591
-0.251,6633
-0.163,10051
-0.194,10931
-0.133,7537
0.0288,4359
-0.126,9146
-0.209,7948
0.371,557
-0.163,10050
-0.13,7491
0.0212,4680
0.242,1237
0.554,332
-0.261,9072
-0.274,9776
0.523,153
0.521,455
-0.132,9264
-0.144,8675
0.0156,4438
0.00538,5372
-0.107,7335
-0.0693,7023
-0.0854,7206
0.0484,3817
0.0175,4476
0.0162,4540
0.308,181
0.0151,5060
-0.134,7441
-0.0656,7334
0.0925,2698
0.0247,4457
0.139,1659
0.207,1126
0.0344,3506
0.453,1871
0.0908,2851
-0.0733,7238
0.339,1026
0.0856,4126
0.148,2048
0.167,1809
-0.162,10237
0.022,4514
0.301,1327
0.136,1641
0.0224,4633
-0.00136,5435
-0.262,10455
0.00184,5290
-0.107,9055
0.213,1185
0.0611,2952
0.0288,4332
0.0464,3859
-0.0638,7526
-0.357,10987
-0.136,7862
-0.0218,5240
-0.0977,5134
0.0182,4530
-0.102,8986
0.3,432
0.0237,4717
0.145,2996
0.148,2779
0.0428,4121
0.0141,4658
0.00163,5330
-0.105,7715
-0.0357,5699
0.0452,4514
-0.12,9618
0.248,297
0.238,804
-0.113,8304
-0.15,6500
0.151,923
-0.0811,7981
-0.00709,5320
-0.256,10839
-0.315,9491
-0.141,8857
0.0652,3929
-0.00355,5012
0.184,833
-0.128,8096
-0.0759,6247
-0.0265,5912
0.049,2799
0.0446,3914
-0.0215,5786
-0.288,9707
0.0573,3583
0.283,608
-0.38,9866
-0.208,9633
0.271,374
-0.177,8325
0.0367,4730
-0.277,9513
0.046,4086
-0.0726,8480
0.0269,4773
0.0992,3895
-0.328,9575
-0.0799,6534
0.0295,4502
-0.0508,7491
0.0377,3284
0.392,317
-0.158,6923
-0.0175,5621
0.141,2400
-0.221,6793
-0.0808,9099
0.304,1179
0.27,765
-0.31,9425
0.0904,2754
0.33,1642
-0.0879,8696
-0.00969,5525
-0.347,10048
-0.424,8557
-0.0601,6606
0.0868,2996
0.348,460
0.0161,4758
-0.0123,5269
0.0127,5110
0.617,954
-0.0673,7647
0.188,1193
-0.097,6747
0.212,952
-0.209,9579
0.2,622
-0.039,6539
0.0677,3066
-0.053,6461
0.221,1184
0.212,2679
0.0702,4157
-0.0619,7614
-0.154,9769
0.0648,4507
0.0354,4411
-0.124,8255
0.00564,5106
-0.0413,6752
-0.0631,6516
-0.0264,6210
0.305,1194
-0.0491,6420
-0.258,8959
0.0372,4530
0.27,1071
-0.277,9509
2.17e-05,5287
0.105,3516
0.0824,2977
-0.118,8390
0.0424,3641
-0.21,8675
-0.0671,7811
-0.257,10270
-0.0735,6839
0.0367,3842
0.00834,4803
-0.389,10580
0.181,2040
0.00134,5396
0.107,3297
-0.24,9682
0.0574,3495
-0.201,7889
-0.0967,5448
0.425,184
-0.0228,5735
0.0286,4819
0.161,877
0.00263,4886
-0.0125,5327
0.0553,3772
-0.413,9181
-0.0292,6184
0.0438,3463
-0.0708,7026
-0.393,8099
0.437,339
-0.584,10761
-0.117,10559
-0.00233,5622
0.199,1612
-0.0913,7199
0.237,1139
0.123,2827
-0.201,10293
0.224,1190
0.44,272
-0.0805,7373
-0.327,10423
-0.162,8852
-0.0817,7662
-0.339,10319
-0.193,8499
0.0228,4685
0.178,2664
-0.383,9237
-0.246,10535
-0.00682,5496
0.166,2028
0.0472,4300
0.0363,4301
-0.0663,6792
-0.113,8471
0.0728,4132
-0.0294,6546
-0.0371,6186
-0.0997,9308
0.181,1875
-0.104,8169
0.0904,2046
-0.279,10054
0.076,3606
0.231,1031
-0.125,6862
-0.219,10320
-0.267,9453
-0.0677,4624
-0.43,10625
-0.219,10158
-0.481,10550
0.182,1380
-0.269,9069
-0.25,8945
0.127,2884
-0.206,9009
-0.0958,8079
0.0624,2426
-0.00546,5568
0.177,1460
-0.159,8493
-0.301,8660
-0.06,8498
0.243,645
-0.0248,6728
0.227,1850
-0.146,7273
1.53,594
0.77,611
-0.164,9865
-0.395,10908
-0.054,6552
0.0358,4071
0.402,1482
-0.303,9372
-0.246,10449
-0.228,9916
-0.0354,6206
-0.137,8104
-0.272,10417
-0.232,9170
-0.0318,6869
0.0589,3204
-0.122,8266
0.196,1055
0.161,2288
0.157,2316
0.0974,2419
0.35,1049
0.0813,3524
0.224,1229
0.328,1461
0.272,945
0.14,1579
-0.0915,7532
-0.0739,6733
-0.292,10516
-0.116,7559
0.626,701
0.132,2541
0.161,341
0.169,913
-0.0629,7560
0.295,659
0.00349,5070
-0.0698,7519
0.0372,4303
0.726,263
-0.18,8807
-0.217,9368
0.0214,4960
-0.0762,7802
0.101,484
0.183,1379
0.0498,3984
0.225,1538
-0.00614,5731
-0.09,8218
-0.216,10302
-0.293,10001
0.0084,5171
-0.0653,6813
-0.0063,5629
0.0884,2940
0.0177,4746
0.00296,5309
0.0345,4916
0.0975,3089
0.0621,3817
0.296,1364
-0.0951,7108
-0.144,8552
-0.318,8528
0.0626,3902
-0.388,10108
-0.0097,5806
-0.091,7810
-0.0266,6089
0.0815,4155
-0.133,8447
-0.178,5946
-0.173,10208
-0.0716,6970
-0.132,7634
-0.199,9445
-0.0517,7186
-0.00947,5059
-0.216,10559
-0.00738,5677
-0.214,9045
0.137,3172
-0.194,8819
-0.358,9195
-0.0908,8020
-0.0231,5619
-0.236,10249
0.228,1049
0.292,2540
0.0358,4452
-0.0192,6044
0.307,135
0.0889,3721
-0.0784,7182
-0.101,8158
0.172,3214
0.123,1778
-0.0769,8767
0.109,3325
0.19,1475
0.138,2240
0.214,1812
0.129,2107
-0.0743,7411
0.109,2497
0.122,2357
-0.0478,6994
-0.0459,6904
-0.221,9885
0.145,1981
-0.0644,6391
0.0887,3495
0.0424,3786
0.05,4526
-0.0688,8049
-0.232,10305
-0.157,8133
-0.108,9388
-0.251,7794
-0.113,7651
-0.0973,8681
-0.0638,7338
0.188,3320
-0.146,7508
-0.0847,6473
-0.0177,6167
0.0697,2675
0.0137,4990
0.158,1668
-0.0591,6660
-0.0214,5661
-0.0476,6443
0.181,2319
0.172,1558
0.14,2781
-0.124,7032
-0.0162,5676
-0.0605,6658
0.0482,4337
0.381,1298
0.347,961
-0.345,10594
-0.0285,5618
-0.189,8189
-0.411,10690
0.124,3645
-0.162,6417
0.735,1022
-0.274,10597
-0.136,10335
-0.156,10432
0.0253,4833
0.353,116
-0.0481,5627
-0.199,9055
-0.152,9459
-0.13,8492
-0.0616,6303
0.358,663
0.019,4889
0.128,1964
0.378,759
-0.171,7757
0.188,1931
0.0677,3254
0.0574,4289
-0.0905,8334
-0.132,8885
0.0802,634
0.105,3256
-0.0761,6585
-0.194,8742
0.184,1756
0.0972,2558
0.12,2302
0.0774,3370
0.0342,3927
0.294,848
-0.146,8041
0.114,1795
-0.251,10488
-0.0779,5404
0.104,3154
-0.0481,6038
-0.193,10486
0.189,1474
-0.137,9146
0.074,3635
-0.0289,5976
0.154,3659
-0.0699,5848
0.124,855
-0.129,8568
-0.185,9334
0.464,721
0.471,1021
0.0427,4608
0.193,1924
-0.0163,5740
0.0222,4662
-0.444,10493
0.193,568
-0.357,10544
0.000775,5023
0.0852,3369
-0.119,8651
0.444,297
-0.24,9140
-0.196,9267
0.371,239
-0.137,9719
-0.261,9506
-0.419,10427
0.0106,5210
0.12,2759
-0.147,10248
-0.0958,8148
-0.104,8391
-0.268,9686
-0.0544,5522
-0.323,9128
0.326,292
0.0696,2709
0.0846,3560
0.334,485
-0.18,9357
-0.245,7857
0.0254,4452
0.0521,4372
-0.0846,7874
-0.118,8327
0.0828,3006
0.056,3341
0.258,774
0.229,1395
0.149,2928
0.046,4429
-0.152,9234
0.122,3528
0.0557,3864
-0.119,7675
0.0893,3851
-0.0971,8461
-0.0747,6404
-0.308,8995
0.0742,3296
0.0406,4177
0.169,2517
0.103,2523
0.106,2016
-0.349,9233
-0.0656,7132
0.0218,4507
-0.379,7897
-0.0536,6484
-0.33,10589
-0.272,10416
-0.257,10717
0.113,3241
-0.0213,6069
0.000539,4922
-0.247,10673
-0.13,10085
0.162,947
-0.109,9531
-0.0939,8524
0.00926,4797
0.223,2249
-0.592,8785
0.427,29
-0.063,7168
-0.166,9512
-0.0743,6763
0.103,3854
-0.0625,7879
-0.207,10399
-0.00444,5394
-0.256,7617
0.037,2377
-0.0561,8846
0.0171,4568
0.0798,3208
-0.429,7059
-0.145,8209
0.0321,3361
-0.0211,6752
-1.34,10660
-0.688,8485
0.0279,4062
-0.0723,8025
0.244,1046
-0.191,9348
0.0155,4855
-0.171,8510
-0.131,8289
0.112,2437
0.184,1843
-0.215,7700
0.264,758
0.0766,3793
0.22,1162
-0.0517,7734
0.105,2066
0.306,572
0.0471,4423
-0.137,7523
0.191,1965
-0.0381,6310
-0.0379,6878
0.0843,2722
-0.0482,6141
-0.0974,5984
0.0497,4529
0.218,706
0.0756,3712
-0.0141,5918
0.0905,2607
0.159,2059
-0.141,5994
-0.206,9600
-0.0252,6409
-0.253,10472
-0.153,9064
0.281,191
0.827,704
0.0995,2213
0.257,834
0.152,2298
-0.168,9651
0.419,1049
0.03,4421
0.0112,5323
0.303,251
-0.122,8492
-0.144,8037
-0.0317,6215
-0.0203,5819
0.148,2020
-0.175,10960
0.153,2214
-0.2,10226
-0.116,6546
-0.0526,6943
-0.0808,8974
-0.0294,6311
0.025,4740
-0.697,10156
0.101,2245
-0.187,8337
-0.0371,6949
0.035,4069
0.296,580
-0.0341,5946
-0.19,9618
0.138,2738
-0.263,9430
0.0191,4672
0.0306,4693
0.378,116
0.0974,3876
0.0415,4443
-0.108,8571
-0.0815,6310
0.0123,4774
0.037,4379
0.0313,4507
0.228,2102
0.0737,3532
-0.147,10369
-0.00973,5595
0.0447,3986
0.0338,4348
0.111,2662
-0.077,8929
0.0326,4269
0.111,2500
0.11,3535
4.76,32
-0.257,10280
0.161,942
0.0389,4395
0.0685,3539
0.181,1936
-0.225,9308
0.172,2345
0.0699,3583
0.15,1699
1.64,222
4.93,54
0.286,1816
0.307,2755
-0.317,10076
-0.056,5807
0.0111,4883
-0.27,9484
-0.291,8976
-0.258,10213
0.0108,5299
0.381,276
0.192,1038
-0.0174,5493
0.146,1642
-0.236,8318
-0.207,10165
-0.0968,8615
-0.0838,8372
-0.262,8162
-0.359,9915
-0.00224,5589
-0.12,8564
-0.0513,7072
-0.2,9634
-0.29,9158
-0.167,8777
0.14,2688
0.153,1947
0.011,5157
0.278,291
0.281,808
0.132,3236
-0.114,7040
0.168,1513
0.0343,4738
0.151,2166
0.00624,5369
0.13,3583
-0.0663,7695
-0.208,10137
0.0158,4616
-0.254,9132
-0.0531,7348
-0.0795,7068
0.374,503
-0.129,8058
0.175,516
-0.113,8359
-0.0807,5826
-0.139,9122
-0.0716,7848
0.0112,4892
0.044,4283
-0.196,9440
0.113,3142
-0.171,7678
-0.0698,7721
0.0585,3008
-0.0937,7816
-0.563,9388
-0.18,9434
-0.0352,6690
0.153,1474
-0.0259,6496
-0.14,9740
0.108,3812
0.0533,4296
0.0204,4615
-0.117,8753
-0.16,9185
-0.147,8741
-0.281,9931
-0.195,8994
0.0115,4621
-0.246,8770
-0.35,10835
0.0219,4882
0.188,3095
-0.145,8887
-0.0854,8606
-0.0806,8210
-0.207,10440
-0.272,10506
0.195,2231
0.181,2407
-0.11,7700
0.18,1259
0.174,2040
0.161,1198
-0.149,7719
-0.323,9854
-0.0507,6914
-0.00338,5412
0.497,561
-0.262,10310
0.0297,4640
0.0896,3064
0.0394,4018
0.026,4261
0.162,2479
-0.414,9875
0.106,3705
0.235,2258
0.0907,2213
0.272,211
0.203,1741
0.416,409
0.0548,4009
0.154,3057
-0.00574,5698
-0.0988,7374
-0.0621,6816
0.00144,5009
0.122,2448
-0.157,9173
0.129,2274
-0.206,9619
0.0575,3948
0.0503,4210
0.0211,4901
-0.0993,7499
0.00463,5142
0.0415,3278
0.329,885
0.142,2195
0.269,1219
-0.0937,7150
-0.153,9127
0.104,3079
-0.0955,8120
0.576,9
-0.163,8663
0.0517,3515
-0.0646,8874
0.318,1373
-0.218,10658
-0.0518,5618
0.218,1411
0.103,2019
0.0298,3684
-0.125,8356
0.106,3092
0.0716,3672
-0.313,9165
-0.179,10366
0.0159,4805
-0.0548,7325
-0.0135,5390
-0.131,5487
-0.0529,5823
-0.0367,6282
-0.108,8723
0.25,1035
-0.0744,8263
-0.268,9383
0.278,1157
0.116,2197
-0.0133,6015
-0.0499,6886
-0.166,9231
0.132,1830
0.00406,5081
-0.0341,6595
-0.162,9586
0.227,1863
0.173,2258
0.0695,3932
0.0995,3862
0.21,1432
-0.077,6865
-0.363,7986
0.368,1073
0.0387,4442
0.212,2497
0.376,257
0.256,273
0.166,1495
-0.32,10867
0.0519,4443
0.158,3324
0.278,209
-0.0381,5543
-0.153,8131
-0.292,9878
-0.207,9033
-0.00259,5360
0.162,1127
0.205,1133
0.0803,2970
-0.136,5246
0.0328,4590
-0.0787,7428
0.221,1161
-0.0149,5764
-0.237,9033
-0.184,9135
-0.121,6108
-0.339,8489
0.0732,2736
-0.0351,7271
-0.16,9253
0.332,304
0.352,2089
0.0114,4721
-0.205,10227
0.0614,3822
0.0597,3778
-0.0464,6087
0.224,1477
-0.246,10634
0.303,104
-0.0516,7369
-0.249,10327
-0.0449,6251
-0.0368,7116
0.183,1400
0.0957,1340
0.151,1987
-0.293,9779
0.0072,5234
-0.0532,6739
0.0531,4255
-0.0974,9561
0.0695,3106
-0.0371,6342
0.156,1355
0.343,2630
0.0378,4558
-0.0607,7906
0.118,2636
-0.0115,5595
-0.331,9612
0.03,4087
-0.197,6462
-0.117,10247
-0.0705,9097
-0.102,6900
-0.055,5984
-0.0438,5813
0.0157,5256
-0.0902,6822
-0.0981,8924
0.0582,3649
-0.23,9665
-0.166,7822
-0.139,8822
0.103,1309
-0.164,7999
-0.00329,5784
0.0213,4703
0.00268,5745
-0.178,8230
0.166,1035
-0.0211,6286
0.327,657
-0.0897,6252
0.868,124
0.72,1047
0.00452,5366
0.0621,2736
0.113,2737
-0.142,9069
-0.406,9209
-0.0776,7459
-0.0712,7530
-0.0956,8788
-0.326,9800
-0.302,10439
-0.134,9088
0.0978,2623
0.0428,3316
0.106,1865
0.383,748
-0.0649,7589
0.261,1706
-0.0568,6430
0.0164,4642
-0.3,10004
-0.268,9364
-0.0489,5636
-0.221,10279
-0.0881,6624
-0.326,10141
0.306,545
0.0741,3008
-0.0911,8967
-0.133,9742
0.0566,3361
-0.0147,5879
-0.0923,8350
0.272,1446
0.0568,3750
-0.0478,6855
0.246,863
0.196,1688
0.56,26
-0.247,9280
0.0434,3599
-0.015,6080
-0.0269,6280
0.0363,4347
-0.115,7793
-0.00331,5458
0.0591,3846
0.225,1251
0.111,2790
0.515,344
-0.00984,5352
-0.334,10304
-0.0153,5739
-0.208,9807
0.244,772
0.282,373
-0.0781,6495
-0.103,8899
0.161,1909
-0.191,8074
-0.186,9476
-0.16,9192
-0.158,8318
-0.455,10464
-0.0279,5721
0.0352,3648
-0.386,10969
-0.197,10289
-0.262,9699
0.423,658
0.0825,2798
0.143,1393
-0.0244,5621
-0.0722,6593
-0.181,7715
-0.269,9059
-0.124,9566
-0.206,10386
-0.08,9342
-0.0865,6506
0.11,3229
-0.155,6907
0.126,2581
0.0808,2460
-0.193,10508
-0.0317,6751
0.291,639
0.123,1561
0.134,1660
-0.294,10537
0.223,1335
-0.0467,6564
0.000524,5399
-0.0164,5895
-0.134,10181
0.127,2542
-0.217,9870
0.0127,4918
-0.052,6179
0.134,2010
-0.18,8669
0.0602,3795
0.0274,4561
0.193,1297
0.57,338
0.196,1857
0.135,2812
-0.0183,5824
0.173,1447
0.161,2921
0.304,2048
-0.049,7698
-0.254,10227
0.23,2079
0.203,1814
-0.301,10127
0.156,1164
-0.111,7447
0.34,1405
0.0587,4273
0.282,1380
-0.125,7431
0.43,407
0.0651,3896
-0.0908,8782
-0.122,8692
-0.214,9567
-0.469,10740
0.229,1511
0.399,436
0.106,2952
-0.0375,6466
0.214,1023
0.114,2590
0.0868,3213
-0.107,9114
0.177,522
-0.195,7372
0.0866,3807
-0.181,9301
-0.315,10760
-0.118,10298
0.0374,4546
-0.256,10375
0.0176,5009
-0.0478,6590
0.198,1950
0.119,3160
0.0688,3211
0.0941,2858
0.249,1114
0.0765,3554
-0.337,10606
0.145,2605
0.0505,3961
-0.232,8819
0.0683,3484
-0.381,10718
-0.55,9368
-0.0272,6351
-0.0727,9078
0.187,1157
-0.14,7962
0.109,2175
-0.42,6992
-0.0869,8814
0.162,841
0.335,412
0.914,32
-0.251,8205
0.263,1239
-0.0793,7444
-0.133,8663
0.112,2800
0.0909,3457
0.248,363
-0.367,7524
0.287,795
-0.177,9824
0.0102,4940
-0.076,6884
-0.0667,6699
-0.036,5383
0.0557,2712
0.0281,4597
0.129,1990
-0.0727,7507
0.0985,2683
-0.118,6233
-0.0923,8295
0.15,2899
-0.652,9967
-0.163,9502
-0.068,7013
0.0738,2759
-0.141,10217
0.146,644
0.13,3038
0.256,629
0.269,980
-0.205,9742
-0.0494,7329
0.0267,4005
-0.188,9966
-0.0946,7439
0.0462,4452
-0.237,7915
0.0169,4785
0.2,413
-0.177,8929
-0.378,9785
-0.12,8131
0.124,2855
-0.0725,7942
0.156,2341
-0.321,10051
0.0434,4357
0.0122,5018
0.0284,4689
-0.0176,6603
0.00778,5056
0.204,1890
0.139,2456
0.0303,4655
0.0348,4384
-0.103,8570
-0.217,10915
-0.0729,7723
-0.115,7966
0.576,140
-0.163,8703
0.00342,5268
0.0253,4225
0.157,3214
-0.134,9575
0.0247,5004
0.565,1082
-0.0397,6649
-0.242,10423
0.0207,4654
-0.325,9250
-0.0857,6685
-0.0368,5306
-0.187,9679
-0.01,5563
-0.0402,6106
-0.267,9659
0.126,2205
0.463,1027
-0.0289,6710
0.0767,1257
-0.172,8409
0.0104,5002
-0.0857,5850
0.278,1389
0.183,288
-0.249,10721
0.064,3984
-0.407,10567
0.157,3606
0.0468,4212
0.101,2819
-0.427,10573
-0.18,9883
0.143,1594
-0.1,8632
0.052,4161
-0.0157,6132
0.0338,4385
0.0452,4348
0.0436,4017
1.73,432
-0.243,6763
0.192,1121
0.214,1099
-0.273,10920
0.219,2332
-0.138,8599
-0.0948,6120
0.0111,5207
0.00776,4812
0.335,388
-0.17,5564
-0.186,9582
0.142,3110
-0.0256,6878
-0.102,7564
-0.00097,5324
0.0183,5107
0.295,440
-0.0326,5653
-0.0908,8205
-0.264,9520
0.216,1621
-0.217,9603
0.263,1064
-0.0319,5485
0.126,1336
0.0709,3459
0.206,1294
0.106,3069
-0.0617,6241
-0.15,8574
0.173,434
-0.0583,7591
-0.0913,7990
-0.0812,7805
0.0351,4589
0.16,2601
-0.0578,7658
0.167,1527
-0.0792,6770
0.0581,4109
-0.00592,5701
0.0378,4705
0.0465,3418
-0.0542,8206
-0.0431,6924
-0.1,8878
0.229,1316
0.064,3599
-0.307,9988
0.00488,5063
-0.0898,8489
-0.00265,5333
0.209,1924
-0.117,6024
-0.346,7660
-0.0034,5586
0.105,1441
-0.0487,6083
-0.145,9620
-0.127,8019
-0.631,10676
-0.0281,6335
0.0626,1918
0.126,3670
-0.0394,4796
-0.0921,5263
-0.061,5878
0.0813,4284
-0.0992,9294
0.069,4132
-0.037,6043
-0.015,5919
0.0995,1132
-0.268,10927
-0.182,9288
-0.0274,5629
0.181,1933
-0.264,10024
0.079,3633
-0.105,9355
-0.0315,6013
-0.0918,6685
-0.0532,5637
0.0613,4130
0.0363,4282
-0.0447,6252
0.39,578
-0.166,8628
0.101,3337
0.0529,4370
-0.0373,5984
-0.0675,7661
0.0565,3319
-0.133,5608
-0.257,8830
0.0939,4067
-0.121,7728
0.109,1725
0.0575,3368
-0.48,9483
0.426,1573
-0.123,5171
-0.306,8240
-0.101,8582
-0.0952,4509
-0.0726,6083
-0.251,9354
0.261,824
-0.0176,5471
-0.0718,7284
-0.431,10970
-0.152,8920
0.0696,3861
-0.176,10176
0.0849,2894
0.000855,5450
0.476,99
0.168,403
-0.166,7591
0.0223,5044
0.393,294
0.131,1186
-0.0433,5581
0.0689,2666
0.0191,4701
-0.0535,6048
-0.191,9776
-0.04,6872
0.00508,5066
0.0695,3417
-0.037,6423
0.0192,4465
0.105,1630
0.209,2279
-0.326,10172
-0.163,6984
-0.0811,7081
0.185,2389
0.0465,2728
0.413,2078
0.338,2112
0.459,792
0.144,2431
-0.167,9454
-0.0951,8276
-0.112,8610
0.112,2816
0.0923,2937
0.0982,2910
0.0355,3926
0.322,263
0.281,645
0.117,2594
-0.00451,5250
0.097,3578
0.0691,2898
0.052,2868
0.393,1270
-0.319,7713
-0.161,5771
0.0959,2607
-0.0446,6591
0.151,1969
-0.0909,6821
0.0763,3273
-0.107,8116
0.00234,4961
-0.178,10377
-0.0485,5715
0.0369,4310
-0.122,6890
0.228,1499
0.0285,4272
0.258,588
0.00728,5237
0.118,2244
-0.205,7227
-0.119,6856
-0.246,10955
0.0742,3505
0.0136,5012
0.628,11
0.297,485
-0.183,10140
-0.0517,7300
-0.084,7775
0.377,952
-0.0967,6960
-0.0523,6414
0.571,1448
-0.0473,7199
0.293,1427
0.0226,4788
-0.0239,5921
0.137,2803
0.0278,4257
-0.348,10124
-0.102,7319
0.139,2390
0.14,1731
0.0866,3180
0.163,950
0.107,1994
-0.022,6525
-0.0525,6786
-0.232,9774
0.0219,4493
-1.17,10774
0.0708,3277
-0.0276,6174
0.04,4030
0.0221,4500
0.385,1410
0.778,511
-0.19,10249
-0.0686,9366
0.23,2241
-0.169,9654
0.0382,4335
0.0118,4814
0.0961,2898
-0.0393,6279
-0.0539,6515
0.127,2630
-0.126,8779
0.436,236
-0.0401,7560
-0.0172,6209
0.0897,2973
-0.0908,7899
0.583,297
0.13,1850
0.18,3183
0.0409,4106
-0.109,7280
-0.221,8956
-0.262,10761
0.0913,3502
0.207,483
0.196,848
0.175,1516
0.0491,4287
-0.284,9707
-0.12,7287
-0.0384,6855
-0.0965,8065
0.296,827
-0.0128,5818
-0.577,9177
-0.226,10587
-0.118,7902
-0.136,9810
-0.0282,6184
-0.155,9116
-0.192,9194
0.64,980
0.224,998
0.0194,4702
-0.0786,8542
-0.271,10418
-0.262,9982
-0.1,8287
-0.0728,8340
0.00861,5014
0.0491,4352
0.12,3430
-0.404,10502
0.0311,4780
-0.176,9961
-0.162,8631
0.123,3503
-0.155,8645
1.31,7
0.286,680
-0.112,8422
-0.0549,7287
0.0965,3573
-0.379,10357
-0.201,6590
-0.366,10647
-0.0412,6059
-0.0417,6962
-0.191,9286
0.0427,4605
0.527,2177
-0.116,8697
0.707,92
-0.0718,6958
-0.114,9328
0.459,535
-0.149,10361
0.144,2536
-0.0114,5838
0.0542,4019
-0.116,7410
0.653,375
0.586,416
-0.0661,8283
0.356,159
-0.145,5771
0.296,1426
-0.0873,7080
-0.166,10017
0.0428,4054
0.0367,3548
0.124,1101
-0.0788,7710
-0.305,10618
-0.124,9411
-0.111,9121
-0.0303,6423
-0.0417,6418
0.19,812
0.172,2311
0.000795,5242
-0.0917,8398
0.0964,1818
-0.13,7635
0.191,791
0.402,1177
0.443,681
-0.137,7956
-0.208,10384
-0.00922,5772
-0.299,10701
-0.102,7903
-0.0583,6179
0.29,643
0.0435,3173
0.205,1569
0.24,1492
-0.0284,6310
0.315,237
0.00911,4703
0.0416,3084
0.161,1616
0.24,1414
0.0496,4216
-0.245,8434
0.064,3288
0.00781,4886
-0.225,8813
0.181,1561
0.097,3137
-0.0613,5006
-0.0341,6482
-0.0859,7420
0.0568,4463
0.191,1565
-0.0752,6832
-0.0777,7903
0.0808,3580
-0.0118,5434
-0.0785,6539
0.0174,4996
-0.523,10198
-0.405,10071
-0.0269,6288
0.101,861
-0.0699,7568
-0.0648,7153
-0.0814,8715
0.104,3496
0.0762,2735
-0.00442,5550
-0.135,7808
-0.0583,7326
0.0222,4850
0.0484,4355
0.0498,3762
0.0776,1811
-0.204,9722
0.184,978
0.499,374
-0.00959,5497
-0.0473,6881
-0.0551,7053
0.381,915
-0.18,8545
-0.109,7517
-0.0641,7238
0.777,1591
-0.112,9277
0.0748,3527
0.0665,3878
0.317,1359
-0.021,5864
0.143,1318
-0.238,9772
0.263,2888
-0.127,7878
-0.052,7071
-0.2,8986
-0.0326,6136
0.258,1258
0.116,1591
-0.0218,5790
-0.199,10402
0.803,475
-0.0786,10199
0.0607,3157
0.117,1899
-0.106,7876
0.4,1018
-0.0447,6549
0.124,2952
-0.00134,5560
0.126,1793
-0.154,8721
-0.00197,5137
0.022,4981
0.0688,4133
0.0389,4167
-0.104,7171
-0.0426,6344
-0.189,7871
0.103,3124
-0.0581,7336
-0.189,9931
0.269,337
-0.125,8117
0.00181,5082
-0.143,9292
-0.102,7048
-0.272,10275
0.103,3051
-0.227,9355
-0.172,10033
-0.0703,8050
0.195,553
-0.209,9447
0.199,1861
-0.246,8252
0.186,2352
-0.176,8159
-0.0713,8291
-0.00405,5752
-0.00514,5608
-0.158,8266
-0.2,7130
0.659,547
0.0502,3112
-0.0219,5631
0.31,1113
-0.165,8826
-0.707,10473
-0.19,9515
-0.0401,6532
0.136,1091
0.115,3885
0.0937,3047
0.831,80
-0.0795,6419
0.146,2041
-0.27,9329
0.027,4671
0.117,3202
-0.0395,6640
0.247,2360
-0.0369,7452
-0.102,9665
-0.332,10881
0.137,2996
0.493,327
0.581,327
-0.137,8746
0.0871,2401
-0.145,9377
0.182,646
-0.0794,6624
0.0352,4412
-0.0848,10033
0.198,1898
-0.333,9803
-0.102,8153
-0.0859,7376
0.0753,3853
-0.0423,6107
0.0164,3954
0.0324,4594
-0.112,7471
0.184,2650
0.177,1431
0.214,223
0.684,5
1.11,736
-0.0438,6604
-0.066,6171
-0.23,10574
0.117,1992
-0.0783,7312
-0.2,9617
-0.188,9546
0.318,555
0.0937,2712
0.00503,5139
0.102,973
-0.334,9814
0.236,663
-0.082,6256
-0.235,10522
0.135,2003
-0.0139,5719
0.0977,2243
0.0282,4639
-0.0506,7373
-0.547,10673
0.0232,3957
-0.12,8950
0.105,3406
0.083,3532
0.403,350
0.311,547
0.0145,4884
-0.206,10702
-0.198,8855
-0.433,10706
0.00969,4887
-0.0333,5993
-0.0884,9098
-0.00277,5525
0.102,3555
-0.00137,5417
-0.51,8915
0.154,2451
-0.081,6897
0.0355,3640
-0.465,10926
0.317,574
-0.0577,6753
0.0959,3152
-0.145,9268
0.00935,4807
-0.0455,6041
1.78,3
-0.0814,7038
0.0235,4816
-0.212,10569
0.283,957
-0.402,8069
-0.0624,6384
0.0297,4750
0.0589,4157
0.0231,3997
-0.0432,6635
-0.173,8532
0.0856,3099
0.103,2839
0.0785,3537
-0.127,10177
0.0395,3988
0.222,1837
-0.206,8755
-0.213,9343
0.227,1455
0.0908,1960
0.0875,3129
0.12,3249
-0.0192,5553
-0.107,8406
0.321,895
-0.0942,8280
0.0644,3047
0.168,3141
-0.748,11029
-0.523,7737
0.273,1541
0.139,1633
0.0792,2930
0.0439,4482
-0.284,9810
-0.0684,7679
-0.072,7165
0.0517,3636
0.0582,3371
-0.391,6605
0.0902,3751
0.0558,3297
0.133,3097
-0.31,10109
-0.0797,7466
-0.863,8900
-0.134,7520
0.196,1521
-0.226,7567
-0.28,9849
-0.114,9550
0.341,2302
-0.00827,5827
-0.409,10177
-0.0852,8134
0.122,1963
-0.0189,6105
0.122,3270
-0.316,9909
-0.38,9258
0.0488,4584
0.245,1983
-0.0295,5805
-0.102,7029
-0.101,7185
-0.39,6866
0.169,1873
-0.132,10001
0.635,68
0.0102,5008
-0.189,7389
-0.212,8302
0.0352,4239
0.181,1772
0.156,1270
0.227,2209
0.139,2384
0.666,1396
-0.353,9546
0.027,4348
0.00223,5088
-0.287,10014
-0.106,9255
-0.29,7911
0.064,3973
0.0727,2484
0.118,2256
-0.351,8855
-0.0161,5374
-0.272,6576
0.185,2096
-0.0555,6881
0.00109,5255
0.0676,3837
0.114,2170
-0.182,8047
-0.205,10389
-0.105,8357
0.146,929
-0.408,10487
-0.326,10688
0.18,2219
-0.356,10617
0.112,2220
-0.143,10064
0.0297,4681
0.886,11
-0.288,8330
-0.218,8469
0.153,1194
-0.0855,9106
0.153,2256
0.739,891
0.283,1844
-0.0156,5561
-0.296,10718
0.158,295
0.0298,4437
-0.213,9321
0.0162,4764
0.0459,4079
-0.0324,6449
0.255,82
0.313,2063
-0.126,8309
-0.0074,5554
-0.155,8579
0.0162,4744
0.084,2992
-0.0774,7932
-0.101,9816
-0.0905,7165
0.00682,5365
-0.223,10947
-0.228,9334
-0.115,8375
0.127,3067
-0.125,7125
0.00221,5158
0.0223,4461
0.255,961
0.371,216
-0.132,7288
-0.0217,5820
-0.274,6837
0.00128,5252
-0.342,10259
-0.341,9656
0.0837,4189
0.256,1420
-0.21,9757
0.345,232
-0.0352,6717
0.0399,4061
0.223,1032
0.283,1635
-0.089,7117
-0.0707,7814
-0.318,10856
0.114,2759
0.0897,2088
-0.16,6857
-0.224,9592
0.107,1907
-0.0194,6013
-0.197,9646
-0.0228,5779
-0.151,8260
-0.0359,6297
0.04,3962
0.318,177
-0.114,8859
0.287,778
0.284,1404
-0.338,10089
-0.119,8737
0.0642,3366
0.131,3112
0.333,2813
0.164,1089
-0.313,10806
-0.0297,5957
-0.223,9377
0.14,2756
-0.108,9434
0.0347,4553
-0.152,9861
0.109,2131
-0.0384,7648
-0.068,8919
0.0308,4522
0.0521,3338
-0.0974,8430
-0.0503,6626
-0.283,9484
0.149,1742
-0.0552,6501
-0.0507,6758
-0.225,9926
-0.0431,6358
0.0907,1830
-0.184,7748
0.16,2027
-0.0403,7148
-0.177,9197
1.1,316
-0.0466,6245
-0.0632,6927
-0.244,10485
0.159,1679
0.1,3785
-0.18,9642
-0.223,8971
0.04,4102
-0.244,10808
0.655,1031
-0.00697,5336
0.502,215
0.102,3458
-0.161,8484
0.14,1675
0.287,965
-0.245,10275
0.318,948
0.0379,3520
0.55,86
-0.0168,5586
-0.234,5708
0.33,2095
0.092,3095
0.0908,2748
0.0205,4771
-0.0133,5643
0.0424,4582
0.088,4353
0.0631,4016
-0.293,10845
0.112,1501
-0.0803,6776
0.116,2682
-0.00656,4915
-0.148,10146
0.102,1160
-0.187,9198
-0.0238,5858
0.066,3874
-0.047,6571
0.147,1247
-0.331,9982
0.131,3385
-0.0323,6744
0.0735,3731
-0.0359,6400
-0.0911,8329
0.437,262
-0.00243,5123
-0.0923,6794
0.193,2898
0.779,423
0.0515,3182
0.129,1271
-0.212,10347
-0.129,7485
0.0645,3801
-0.0276,5456
-0.00337,5535
-0.0321,5794
0.135,2016
0.305,528
-0.215,10671
-0.216,10247
-0.321,10887
-0.186,9340
-0.0266,5828
0.305,567
-0.42,10112
-0.0632,5869
0.18,902
-0.0133,6020
0.0477,4035
-0.396,10673
-0.222,9307
-0.304,7839
-0.0586,7266
-0.164,9444
0.215,1279
0.0905,3579
0.18,2095
-0.118,7421
0.109,388
-0.0945,7968
-0.104,7832
0.0497,3972
0.094,3020
-0.025,6144
-0.118,9080
0.204,830
0.169,3201
-0.313,9239
-0.224,7652
0.28,1357
0.0169,4905
0.0185,4790
-0.00824,5288
0.12,2280
0.0243,4611
0.159,2774
0.0532,3803
-0.179,10275
-0.296,10393
-0.0198,5731
-1.16,9847
-0.176,9096
-0.203,10593
0.0613,4048
-0.0372,6240
0.00193,5075
-0.122,5845
0.0131,5120
-0.138,10283
-0.0674,7801
0.0698,3844
-0.0475,6362
-0.449,10098
0.134,2015
-0.0899,8048
-0.0793,7311
-0.376,10080
-0.167,9215
-0.148,8124
0.0593,3639
-0.15,10050
-0.0982,8336
0.539,885
-0.0321,6215
0.0995,2574
0.026,4670
-0.217,10799
-0.00458,5699
0.0066,5186
0.228,661
-0.125,8217
0.00975,4675
-0.0615,6054
0.0939,3063
0.246,2498
-0.257,10739
0.0372,4634
-0.0487,5841
-0.102,8916
-0.0357,5964
0.114,2132
-0.27,10062
-0.0754,5898
0.663,1210
0.0215,4264
-0.0143,5750
-0.115,7535
-0.0551,5788
-0.00621,5280
-0.0748,7316
-0.0704,8467
-0.0925,8697
-0.083,7545
0.118,3096
-0.32,8878
0.275,264
0.215,1373
0.00655,4948
-0.133,9340
-0.0543,6186
0.0293,4568
0.156,2050
0.114,2404
0.0929,3339
-0.757,11001
-0.019,5828
-0.233,10166
0.113,2529
-0.277,10032
-0.0551,6181
0.00627,4896
0.0436,4268
-0.0733,7469
0.158,3102
-0.0125,5738
0.0512,4404
0.32,538
0.0614,3253
-0.209,9507
-0.0233,6033
0.0424,2961
0.0478,3638
0.00651,5285
-0.261,10067
-0.11,7260
0.133,1054
0.331,525
-0.0739,7097
-0.215,5455
0.575,104
-0.608,10776
-0.333,9686
-0.0543,5788
0.13,1770
0.547,168
-0.26,9598
0.115,2334
-0.296,9380
0.166,1234
-0.0103,5985
-0.406,9892
-0.292,10627
-0.467,7572
-0.0866,7963
-0.0444,6169
0.052,3448
0.45,481
-0.271,9699
-0.111,7424
-0.00888,5608
0.0241,4246
-0.0293,6450
-0.038,5411
-0.318,10379
0.538,79
-0.421,6630
-0.475,10651
-0.076,8249
-0.0813,7148
0.0207,5027
-0.433,7486
-0.0156,5575
0.0395,3555
-0.0846,8694
-0.0176,5916
-0.0207,6081
0.0872,2602
-0.0473,6773
0.0658,3226
0.057,3895
0.0729,3847
0.668,508
0.373,1364
-0.0494,6358
-0.104,8116
-0.152,9382
-0.259,9823
0.424,571
0.00748,5206
0.251,1523
-0.34,11008
-0.211,10338
0.0126,5179
-0.157,10330
0.404,851
-0.0757,6242
-0.0505,7747
0.00888,5020
-0.0676,6957
-0.11,7860
0.284,662
0.0906,3440
0.082,2128
-0.084,8537
-0.105,8258
0.567,436
0.627,1137
0.117,2510
0.0168,4735
0.236,303
0.63,154
-0.32,9890
0.0369,4628
0.0177,4384
0.08,1534
0.172,623
0.0143,4774
-0.205,10279
-0.339,8217
-0.0791,7587
-0.0191,6345
-0.106,9741
-0.313,9924
-0.0584,7881
-0.224,7615
-0.0296,6223
0.0916,3398
-0.149,10232
0.185,1703
0.339,1955
0.132,1948
-0.0806,5353
-0.171,9445
-0.0462,6988
0.215,1857
-0.0347,5869
0.0349,4612
-0.365,9133
0.00171,5338
-0.00786,5494
-0.0211,4646
-0.418,6264
-0.065,7598
0.484,310
-0.216,8424
-0.264,8207
-0.0145,5561
-0.0627,7201
0.128,2094
0.204,2034
-0.267,8886
0.0431,4543
0.28,1681
0.0686,2186
-0.139,9934
-0.203,9656
-0.211,10449
-0.131,9100
0.513,19
-0.0622,7954
-0.168,10185
0.185,2520
0.188,2362
0.2,2440
0.142,2369
0.0192,4917
-0.0198,6217
-0.327,10456
0.00846,5072
-0.0547,6384
-0.403,10593
0.187,1784
-0.207,10208
-0.302,8054
0.126,3550
0.0696,3533
0.0462,4370
-0.118,8986
-0.0694,7852
0.73,1218
-0.285,10333
-0.179,7875
-0.038,7518
-0.107,9872
0.0433,3301
-0.144,4693
-0.611,8760
-0.111,5595
-0.524,10541
0.0731,3790
-0.0436,6705
-0.681,9735
-0.276,7640
-0.491,7982
-0.367,9379
0.0257,4567
-0.418,8452
0.196,1637
0.235,1723
-0.125,9180
-0.0231,6283
-0.35,10107
-0.465,9733
0.0573,3583
-0.0549,5325
0.109,3517
-0.0646,6677
-0.0417,6690
0.162,2270
0.169,2382
-0.254,10019
0.116,2809
0.0876,3195
0.337,1157
-0.147,8579
0.466,638
-0.102,9716
-0.0314,7126
0.135,2726
0.153,1887
0.186,952
-0.108,8448
-0.0935,7129
0.118,2113
0.112,1229
-0.0873,4357
0.358,1346
-0.166,7819
-0.138,7354
-0.37,10854
-0.284,9955
-0.297,6921
-0.239,9184
-0.201,9292
0.171,2563
0.00464,5185
-0.153,7492
-0.312,8716
0.219,2436
0.596,367
0.0181,4749
-0.0313,8614
0.00954,5126
0.0445,4431
0.41,807
0.0546,3833
-0.0132,5821
0.077,3868
-0.148,8864
-0.0696,6877
0.23,1371
0.257,1480
-0.159,8873
0.132,776
0.127,3616
-0.0106,5290
0.0532,4493
0.0924,2413
0.279,325
-0.092,7331
0.000208,5212
-0.144,8948
-0.168,7740
0.52,494
0.427,899
0.0108,5034
0.116,3517
-0.547,10991
-0.148,8804
-0.0525,7312
-0.102,9492
0.0641,3247
0.122,3439
0.00317,5215
0.0396,3955
-0.0823,5370
-0.00548,5591
-0.177,9941
0.873,126
0.51,319
0.0114,4882
-0.153,8722
0.237,594
-0.067,6386
-0.0968,7176
0.204,1826
-0.175,8551
-0.0227,6770
-0.00723,5787
-0.0239,6169
0.494,1156
-0.019,6039
-0.0384,6157
0.0257,4374
-0.178,9998
-0.116,9399
0.239,385
0.0789,3843
0.121,2518
0.3,598
0.0709,3899
-0.0392,7062
-0.139,9499
-0.0791,7478
0.178,2499
0.373,752
0.0266,4212
-0.124,8785
-0.221,10079
-0.109,8017
-0.034,6055
-0.104,7972
0.1,2277
0.117,2392
0.00952,5183
0.0836,3625
0.0949,3534
0.444,56
0.286,652
0.0249,4097
-0.0277,6208
-0.0615,6686
0.105,1995
0.042,4035
-0.0167,5932
-0.0819,6566
-0.00124,5447
-0.105,9516
-0.226,5205
0.055,3432
-0.136,8347
-0.0353,6416
2.19,90
0.279,1970
-0.32,10237
-0.184,10091
0.0259,4319
0.256,852
-0.108,7965
0.126,2455
0.0173,4863
0.223,956
-0.0519,7333
0.247,2378
0.0194,4634
-0.273,9853
-0.218,9619
-0.0357,5845
0.209,287
-0.133,8882
-0.058,6502
0.0865,2537
-0.36,9179
0.19,1349
-0.0671,7983
-0.246,8438
-0.304,8858
0.155,3642
-0.034,6293
0.6,187
0.113,3177
0.0723,4144
0.273,1777
0.152,3060
0.136,2168
-0.0527,6945
0.000833,5395
-0.132,8464
0.16,1434
-0.267,10773
-0.0497,6791
-0.153,8900
-0.217,9653
-0.0882,7830
0.068,3720
0.032,4291
-0.0998,8232
-0.109,7734
-0.0277,6216
0.209,876
-0.0616,6287
0.0311,4678
0.0228,4180
-0.0406,7968
-0.104,7694
0.495,30
0.0137,5103
0.0649,4660
-0.0257,6096
-0.162,8837
-0.321,9893
-0.0539,6201
-0.0173,5748
-0.142,7707
0.207,1030
-0.147,8700
-0.0319,6166
0.783,254
1.53,436
-0.277,9878
0.203,2226
-0.0551,8184
-0.0463,6605
-0.334,9135
0.497,235
-0.0282,6115
0.0254,4193
-0.017,6252
-0.349,9945
-0.106,9208
-0.0978,7806
-0.0344,6239
0.0724,2861
0.0846,3048
0.122,2612
-0.102,7329
0.122,1582
-0.0267,6073
0.308,110
0.102,1890
-0.119,8041
-0.027,6036
-0.217,8992
-0.0411,7040
-0.0278,5632
0.0653,3610
0.236,1131
0.101,2654
0.426,1633
0.0963,3642
-0.0841,8000
0.0466,4098
-0.19,9093
-0.228,9891
-0.299,9234
-0.247,10175
0.0426,3644
0.0164,4554
0.12,2827
-0.254,8302
0.017,4856
-0.126,8554
0.016,4456
-0.0889,7682
0.171,812
0.122,3140
0.0429,4329
-0.0742,6650
0.156,1343
-0.111,7862
0.15,2211
-0.0633,7360
-0.0439,5797
0.924,1073
-0.155,9631
-0.0358,7037
0.0666,4008
-0.033,5664
-0.214,8612
-0.336,10729
-0.185,9916
0.0696,2133
-0.277,10061
-0.184,9449
-0.222,9452
0.0119,4962
-0.00583,5559
0.215,595
-0.257,9543
0.231,824
0.117,3198
0.331,2748
0.0104,5163
-0.0211,5980
-0.0257,5975
-0.043,6968
-0.0425,6484
-0.0551,6471
-0.204,10841
-0.207,10811
-0.134,8109
0.0327,4534
0.134,2661
-0.148,8717
-0.0157,6015
0.0569,3674
-0.00828,5504
-0.0775,7644
-0.21,8160
-0.00606,5538
0.0806,3794
0.398,420
-0.0993,8459
0.542,1477
-0.253,9796
-0.107,10159
-0.216,10609
-0.0336,6446
-0.194,9653
0.39,2062
-0.0226,5993
-0.0661,8914
0.156,1146
0.188,1692
0.175,1342
0.0979,2253
-0.19,7438
0.202,665
0.15,2701
-0.127,8992
0.00197,5133
0.389,1515
0.777,165
0.0932,1801
-0.065,7696
-0.276,10279
0.254,1318
-0.0697,6034
0.0653,3186
-0.142,9722
-0.0445,6614
0.197,2526
-0.218,10007
0.0981,3679
-0.0513,5777
0.767,24
0.188,1392
0.0123,4997
0.107,2673
0.0549,4160
-0.59,10293
0.148,2234
-0.368,10596
-0.353,9952
0.131,2528
0.0953,3259
0.069,4245
0.17,1404
-0.137,8259
-0.0665,7005
0.464,223
-0.0997,7130
0.421,870
0.107,2831
0.127,1843
0.108,3221
-0.3,9086
-0.374,10395
0.016,4997
-0.0667,7725
-0.0364,6835
0.151,1676
-0.228,9285
-0.0382,6818
-0.00938,5384
0.328,1007
0.121,1686
0.0122,5066
0.0607,4095
0.206,1455
-0.168,7957
0.114,1224
-0.0398,7132
-0.0285,6008
-0.15,9354
0.0502,4120
-0.219,9020
0.477,589
0.0847,2732
-0.0854,7929
0.0944,3516
0.346,951
0.00165,5164
0.198,685
-0.0212,6612
-0.169,8405
-0.187,10203
-0.00373,5272
0.00318,5199
-0.121,8037
0.0852,3119
0.891,1730
0.287,1339
-0.214,9005
-0.131,7289
0.0307,4585
-0.124,10062
0.495,260
1.62,2
-0.221,9093
0.507,2036
0.00516,5177
0.103,2450
0.291,1893
-0.0839,8127
0.0169,4899
-0.013,5577
0.117,2119
-0.075,7879
-0.123,8084
-0.263,9165
-0.285,9179
0.158,2991
-0.0922,8201
-0.0272,6084
-1.08,10208
0.0224,4558
-0.118,9010
-0.0494,6500
0.06,2726
-0.0644,8469
-0.355,10565
-0.111,7915
-0.107,6282
0.0778,3000
-0.04,6346
-0.0933,7358
-0.192,8183
0.0227,4741
-0.146,9212
-0.144,8335
0.208,551
0.0392,4100
-0.144,6664
-0.114,8551
0.0367,4004
-0.0537,6209
0.0308,4123
-0.0131,6381
0.447,2436
-0.543,7705
-0.0127,5639
-0.236,9454
-0.0485,6382
-0.132,9550
-0.166,8932
0.144,2544
-0.024,5700
-0.107,9856
-0.0295,7166
-0.236,10160
-0.146,8119
-0.37,8878
0.279,1285
0.562,636
-0.0214,5652
-0.251,9513
0.0837,2277
-0.013,5814
0.3,685
0.11,2473
-0.00709,6007
0.0501,3566
0.187,2544
-0.0316,6032
0.473,1805
0.332,541
0.174,1129
-0.208,7374
0.12,2647
-0.214,9184
-0.356,9788
-0.196,7918
-0.134,8857
-0.185,6252
0.318,214
0.397,619
-0.0674,6580
-0.149,6478
0.168,1566
-0.123,9589
0.208,1048
-0.251,9720
0.215,577
0.139,2985
0.316,308
-0.112,8182
0.0228,4872
-0.0278,5946
-0.0964,7573
-0.227,8753
-0.612,9550
0.0391,4801
0.138,2242
-0.128,8065
-0.0367,6029
-0.186,8214
0.084,2580
0.137,1146
-0.0177,8136
0.0372,4696
-0.267,9311
-0.126,7027
0.00376,5087
-0.0844,7582
0.0187,5237
-0.0615,7529
-0.186,9896
-0.108,7175
-0.178,7506
-0.084,8638
0.309,388
-0.243,10501
0.0226,4647
-0.152,8531
0.0517,4114
0.0251,3576
-0.0689,8287
0.0496,4074
-0.0761,8403
-0.0538,7145
-0.228,8231
-0.0255,5810
-0.0094,5389
0.356,925
0.471,214
-0.0102,5555
-0.0328,6205
-0.176,9397
-0.136,8565
0.331,651
0.29,903
0.0947,2779
0.0414,4324
0.0811,3660
-0.519,10069
-0.27,8165
0.164,1873
0.0927,2600
0.00653,5121
0.672,1148
-0.191,9285
0.0841,3972
-0.326,10677
-0.0808,8007
-0.312,10791
0.13,1245
0.213,666
0.0414,4377
-0.232,8992
-0.0899,8541
0.15,207
0.0898,3778
-0.194,9019
-0.0865,7149
0.0297,4705
-0.00981,5626
0.111,2238
0.0469,4258
0.0612,3935
0.06,4618
0.109,2261
-0.00324,5286
-0.185,9295
-0.737,9457
-0.0971,8115
0.125,3349
-0.166,8376
-0.17,10278
0.0439,4124
0.174,1246
-0.232,8941
-0.443,10793
-0.0411,6515
0.00525,4980
0.017,4902
0.107,3095
0.0731,3734
-0.259,8014
0.0746,3020
0.298,1207
0.0586,3725
0.068,2772
0.0892,1842
0.0307,4754
0.0233,4679
-0.135,9776
-0.22,9186
0.193,834
0.209,1445
0.186,1694
0.0804,3225
0.352,377
0.122,3485
0.291,312
-0.163,7726
0.052,4220
0.33,509
-0.114,9247
0.0723,2809
0.306,1004
0.0835,3479
-0.0583,6597
-0.0392,7079
0.211,1214
0.0933,1472
0.208,2361
0.189,1073
-0.296,10577
-0.336,9862
0.335,487
-0.0662,7092
0.131,2573
-0.27,10185
-0.292,8914
-0.0258,6055
-0.127,10045
-0.16,8550
-0.129,7684
0.0872,2507
-0.0311,5927
0.00528,5214
0.137,2883
-0.138,9069
-0.124,8158
0.139,3479
0.973,557
-0.115,8917
-0.136,9699
-0.221,10088
0.0225,4765
0.0339,4502
0.738,195
-0.122,6543
0.0614,3300
-0.0878,9012
-0.0413,5827
-0.183,8561
0.133,2487
-0.0922,8001
-0.235,10373
0.103,3159
-0.0824,7671
0.602,54
0.131,2693
0.481,192
-0.00433,5583
0.166,1779
-0.0593,6643
0.14,1765
0.264,1702
-0.343,10178
-0.0342,6040
-0.00442,5508
-0.121,8023
0.065,4221
0.176,2355
0.0887,3186
-0.541,10880
-0.114,8555
-0.0605,6212
-0.183,9279
-0.0855,7501
0.0479,4218
0.111,1269
0.311,94
-0.1,7308
0.336,1482
0.6,696
-0.143,8800
-0.0464,7094
0.0563,3752
0.229,743
-0.209,8726
-0.0396,6841
0.0434,4308
-0.308,10354
0.0906,2143
-0.328,9233
0.112,3819
-0.0796,7875
-0.0706,6006
0.288,185
-0.113,9558
0.109,2498
0.0735,3599
-0.0938,8526
-0.0634,7220
-0.074,7447
-0.118,7646
0.0397,4195
0.0535,4160
-0.331,8789
0.165,773
0.276,752
-0.15,9401
0.119,2335
0.19,1936
0.25,2075
-0.418,10603
0.101,2732
0.145,1830
-0.194,8376
-0.168,8399
-0.114,9201
0.107,2541
-0.0226,6705
-0.0521,7768
0.279,1597
-0.0986,6120
-0.223,8871
-0.149,8564
0.281,177
-0.141,9879
0.159,1973
-0.0991,7963
0.192,2962
0.514,266
0.052,4082
-0.0723,8308
-0.245,9823
0.0804,2821
-0.241,6727
-0.118,7313
-0.0304,6849
-0.0887,7809
0.124,1689
0.217,1825
0.00149,5389
0.0842,3181
-0.141,8986
0.117,2663
-0.0817,7720
-0.0393,6084
-0.0334,6430
0.0293,4552
0.053,3450
0.158,1238
-0.25,10771
-0.242,7757
0.235,2717
0.031,4595
-0.184,9422
0.000833,5312
-0.11,7101
0.0982,3738
-0.137,7654
0.0844,3800
0.227,801
0.0822,3662
-0.206,8898
-0.0317,6316
0.0461,4015
0.0328,4926
-0.0117,6029
-0.0879,9603
-0.217,9539
-0.183,8459
-0.256,10622
-0.246,10725
-0.213,10482
0.0799,3232
0.152,1712
-0.0606,6560
1.42,70
0.0659,4214
0.0337,4451
-0.00715,5485
0.174,1097
0.121,2470
-0.0521,6417
-0.148,8979
0.0527,3388
-0.0707,8533
-0.234,8870
0.253,575
-0.12,6865
0.126,2806
0.114,2027
0.0408,4272
0.309,691
0.0765,3685
-0.095,5966
-0.268,8037
-0.127,8034
0.023,3830
-0.15,8932
0.0505,3886
-0.0368,6302
0.208,2815
-0.158,8212
-0.187,10031
0.259,2439
0.334,1134
0.311,1481
0.0812,3486
0.0415,3936
-0.129,9639
-0.0616,7183
-0.0985,6820
-0.12,7876
-0.182,8266
-0.237,10842
-0.00816,6023
-0.167,7458
0.0955,3197
-0.403,10122
0.0709,3462
-0.007,5582
-0.134,9613
0.037,4746
-0.129,8282
0.507,134
0.6,1035
0.131,2983
0.298,141
0.248,710
-0.0651,6320
-0.203,10326
-0.0663,9918
-0.0841,8898
-0.015,5865
0.0076,4979
-0.136,7012
0.19,1806
0.0636,3116
0.0239,4534
0.0164,4955
0.0619,4126
-0.0111,5553
-0.098,6633
0.318,1672
0.0118,4951
-0.0462,8052
-0.0798,7400
0.0521,4282
0.268,2390
-0.0896,7482
-0.305,10455
0.0087,5031
-0.0727,6405
0.127,2882
0.223,2998
0.329,1536
0.00243,5096
0.074,2836
0.689,99
0.285,1700
-0.103,7992
-0.11,8843
0.122,2964
-0.0622,7444
0.208,1373
0.0867,2862
0.233,836
-0.131,7307
0.0506,4460
0.223,921
0.203,1212
-0.125,7706
-0.0528,6237
0.122,2667
-0.0424,6610
-0.318,9946
-0.24,8778
-0.324,10162
-0.0968,8022
-0.224,10630
-0.014,6165
0.0612,2891
0.0212,4742
-0.46,10371
-0.283,10334
-0.098,7591
0.1,1169
-0.194,10412
0.392,1318
-0.0314,6065
0.409,381
-0.279,10306
0.0706,3799
0.0908,2096
-0.0403,6565
0.0172,5015
-0.369,10434
-0.0637,6829
-0.0703,6317
-0.0238,6230
0.126,2251
0.641,372
-0.419,10247
0.028,4694
0.4,91
-0.0275,6118
0.449,210
-0.0801,7294
0.193,2090
-0.11,8353
-0.0398,6287
-0.0565,7292
-0.0948,7412
-0.245,9213
-0.0111,5448
-0.293,8773
-0.0957,10188
-0.00425,5440
0.00828,4835
-0.398,10305
0.153,2851
0.0793,3509
0.0091,5208
0.399,252
-0.363,10700
-0.0603,7368
0.046,3350
-0.142,9891
-0.0827,7819
0.0597,3849
-0.067,7728
-0.224,8763
-0.132,7215
0.0347,4165
0.0397,3242
-0.328,10715
0.0772,3212
0.136,1825
-0.329,9006
-0.0592,7833
-0.053,7141
0.117,2304
-0.00657,5404
0.506,884
0.19,3219
-0.0609,6379
-0.0589,7976
0.0233,4623
0.108,2573
-0.188,8474
-0.395,9033
0.0651,2301
-0.156,9679
0.0469,4312
0.0703,3788
0.434,213
-0.0993,8221
-0.0369,7391
-0.14,9844
0.267,862
-0.153,7346
-0.423,8581
-0.0741,7070
-0.00218,5838
-0.07,8302
-0.0486,6615
0.0972,2071
-0.137,5404
0.344,1496
-0.0404,6230
0.000739,5254
0.0543,3927
-0.0286,6152
-0.00817,5581
-0.214,7419
-0.122,9176
-0.0295,6757
-0.141,8181
-0.348,10149
-0.273,8031
0.108,3267
-0.214,9900
0.64,1325
-0.179,8861
-0.17,9300
0.32,666
-0.0657,6952
0.126,1153
0.165,1712
-0.198,9878
0.297,834
-0.288,9973
0.0954,3359
0.289,825
0.0981,2165
-0.068,7895
-0.206,7418
-0.228,6564
0.0229,4809
-0.172,10161
-0.0274,7091
-0.277,10474
0.0885,3779
0.0406,4848
-0.0919,8035
0.0489,4376
-0.294,10716
-0.155,9267
-0.127,8728
-0.0426,7544
-0.0936,8774
0.116,1334
-0.0843,9072
-0.00176,4552
-0.207,4430
-0.114,8143
-0.123,7581
-0.134,8667
-0.00563,5064
-0.142,6587
-0.174,7331
-0.162,7530
0.0122,4670
-0.153,10055
-0.212,9951
0.0191,4703
-0.274,9670
0.836,124
0.0576,3968
0.171,1822
-0.0129,5532
0.0399,3656
-0.112,9011
0.00542,5100
0.0329,4319
-0.21,10515
0.0978,2078
-0.0661,6273
0.0548,4331
-0.319,9577
-0.162,7974
-0.0246,6185
0.184,1463
0.058,4182
0.375,842
0.259,1970
-0.375,10655
0.0639,2105
0.0893,2912
-0.00574,5354
-0.232,10420
-0.156,6120
-0.0937,7708
0.17,1817
0.475,237
-0.0876,7291
0.0132,4947
-0.0537,6297
-0.355,9470
0.0693,2571
-0.187,10232
-0.274,9637
-0.0754,6298
9.29e-05,5507
-0.344,9093
-0.133,9909
0.238,612
0.0627,4059
-0.226,9855
0.341,559
-0.161,5817
-0.139,9474
-0.13,8765
-0.207,8368
-0.0846,7711
0.0288,4764
-0.363,10233
-0.0492,7547
-0.225,10306
0.296,335
-0.113,7699
0.0851,3720
0.475,998
0.181,2348
0.0874,3292
-0.0721,6395
-0.371,7674
0.514,281
0.53,1910
-0.0059,5815
-0.0436,7816
0.455,2167
-0.388,10219
0.0503,2675
0.0969,3558
-0.136,9778
0.0553,3220
-0.195,9490
0.0123,4757
0.0228,4847
-0.249,8742
0.000573,5356
0.184,1129
-0.0933,8518
0.181,2969
-0.118,7863
-0.0626,6283
-0.132,8522
-0.132,9260
0.184,2337
-0.0786,6334
-0.12,7425
-0.214,9107
-0.00998,5620
0.086,2175
-0.0818,7004
-0.0384,6111
-0.0288,5375
-0.0804,5144
-0.137,8723
-0.0229,6542
-0.231,10459
-0.395,10748
-0.123,6969
0.0684,4123
0.11,2079
-0.112,7460
-0.184,8552
0.0654,4115
-0.279,9502
-0.202,10391
0.125,2006
0.0848,3163
0.103,2632
-0.0576,7931
-0.202,9558
-0.0697,7387
0.133,2135
-0.215,10417
0.239,1529
-0.0172,6027
0.127,3162
0.0638,4060
-0.0754,7675
0.0743,3392
0.231,890
-0.0402,6429
0.0343,4534
-0.195,9896
0.0542,3227
-0.0417,6751
0.086,3351
0.0477,3863
-0.075,7533
0.155,3376
0.0989,1954
0.118,2835
0.147,2103
0.0456,4216
-0.165,7277
-0.243,8434
0.164,673
-0.123,9002
-0.0901,8787
-0.253,8999
0.00339,5325
0.263,736
0.328,742
0.142,893
-0.111,8655
-0.00823,5338
-0.21,7472
0.0641,3264
-0.0303,6411
0.118,1662
-0.075,7462
0.1,3874
0.143,2748
-0.0162,5019
-0.0452,7428
-0.264,10278
0.187,2255
-0.342,10555
0.0511,3496
0.0519,3484
-0.0917,7571
-0.0632,7662
-0.254,10879
-0.014,5648
0.0856,4172
-0.00509,5345
0.244,2023
0.104,3512
-0.053,5647
0.0393,4453
0.0194,4886
-0.109,8429
0.0686,3775
-0.256,7840
-0.0648,9169
-0.103,7843
-0.222,10481
0.0013,5466
-0.401,10910
-0.305,10818
-0.095,7119
-0.0331,6435
-0.123,10218
-0.133,8289
-0.0817,7250
-0.348,10499
0.295,1790
0.0483,4128
0.188,1724
-0.054,7393
-0.0654,5997
-0.0547,6620
0.389,663
-0.33,10646
-0.0542,7712
-0.0349,6735
0.0727,3868
-0.172,9776
-0.125,7592
-0.143,10598
-0.0494,7248
-0.23,10255
-0.021,6055
-0.216,9490
-0.0643,8130
-0.00382,5413
-0.134,9267
0.199,1730
0.156,1455
-0.119,7838
-0.629,10644
0.0606,4015
-0.0788,9208
-0.0459,6666
-0.0957,9793
-0.0632,6413
-0.179,8581
-0.0801,9133
-0.0276,6381
-0.181,9500
-0.377,9897
0.133,3087
-0.131,8026
0.0908,3044
0.153,953
-0.0797,7496
0.151,2205
-0.199,9252
0.252,798
-0.0487,7205
-0.0435,6363
-0.0673,6766
0.242,1248
-0.113,8252
0.00432,5005
0.0258,4027
-0.136,9318
-0.0793,7731
0.199,1197
0.224,1263
0.31,1587
0.00786,5044
-0.111,8330
0.313,459
0.103,2964
-0.0977,7792
-0.0545,7359
0.13,2446
0.248,449
0.227,2880
-0.116,8323
0.431,488
-0.232,8300
0.019,4762
0.037,4119
-0.153,8809
0.0752,3645
0.714,770
0.116,2041
0.237,1325
0.297,579
-0.147,8970
-0.124,7146
0.0972,3290
-0.056,6828
0.14,1592
0.168,1946
-0.261,10327
-0.28,9679
0.148,2040
0.214,671
0.143,1818
0.284,1912
0.057,3968
-0.0895,6485
0.596,122
-0.0928,7348
-0.383,10783
-0.135,7611
-0.225,10407
-0.142,8057
-0.0269,5431
-0.0581,8622
-0.106,7304
-0.215,8930
0.0679,4111
0.0446,4565
0.0503,4102
0.0295,4326
-0.176,10184
0.392,732
-0.14,8177
0.297,889
-0.114,8825
-0.054,5994
0.216,1198
-0.29,9779
-0.0548,6412
-0.314,10900
-0.179,8886
0.219,1639
-0.0371,5976
-0.241,10490
-0.285,9741
0.19,2008
0.204,2036
0.059,3200
0.0588,3886
-0.0856,8201
0.145,2006
-0.0864,8685
0.0853,2840
-0.0824,8652
-0.15,9890
0.0136,4951
0.0873,3265
0.0964,1639
-0.18,8752
-0.00435,5289
0.0938,1548
0.26,754
-0.469,10911
-0.458,9896
0.0634,4055
0.0597,3632
0.00984,4721
-0.044,6521
0.284,811
0.0474,4220
0.0166,4950
0.103,2994
-0.0338,6584
-0.0108,5682
-0.0439,6550
-0.233,8697
0.177,1769
-0.0641,8026
-0.199,9501
0.115,2790
-0.339,9890
-0.0114,5837
0.598,508
0.0217,4324
0.0999,1566
0.069,4017
0.137,3262
0.137,3110
-0.127,6224
0.164,1626
0.0281,4604
-0.17,7715
-0.106,7661
0.299,1139
-0.0975,6626
-0.133,9890
-0.0236,6153
-0.137,8907
-0.0492,6748
-0.215,8393
0.219,3186
-0.189,8772
0.115,1724
0.108,2779
-0.0355,6162
-0.0582,6920
0.225,435
-0.0915,7976
0.0673,3734
0.0824,3979
0.000754,5252
-0.0131,5892
-0.322,7345
-0.155,9629
0.201,986
0.0655,4147
-0.55,10733
-0.151,8397
-0.0971,7131
-0.0601,7529
0.0977,3081
-0.114,7973
0.0123,4895
0.139,1801
0.0403,4218
-0.0939,8229
-0.0214,6751
-0.201,9600
-0.128,7399
-0.192,9157
-0.0425,6254
0.061,2862
-0.0563,7100
0.0342,4524
-0.42,10576
-0.251,9909
-0.0204,5992
0.197,631
-0.024,5859
0.358,449
0.351,407
-0.311,7502
-0.259,10321
0.183,3252
-0.12,9585
-0.119,8744
0.0797,3542
-0.0111,5705
-0.185,9460
-0.027,6587
0.131,3082
-0.13,8266
-0.24,9786
0.136,2770
-0.138,7826
0.149,1836
0.144,1851
-0.186,8677
0.104,3287
0.0611,3243
-0.0135,5768
0.266,511
0.133,2417
-0.0215,6281
-0.32,10936
-0.00235,5481
0.13,1505
-0.057,7668
-0.127,9721
-0.0551,7753
-0.382,10404
0.0475,3185
-0.023,5638
-0.16,9318
-0.155,8439
0.119,2339
-0.0324,6168
0.0867,2704
-0.00297,5268
-0.11,8822
0.186,450
0.0902,2934
-0.302,10803
0.787,97
0.32,2284
0.0572,2661
-0.101,10131
-0.183,9657
-0.182,8807
-0.0239,6040
-0.309,9786
-0.054,7191
0.0631,3718
-0.0781,6354
0.0642,4179
-0.0146,5655
0.371,832
-0.241,9684
-0.174,9770
-0.364,8052
-0.409,9013
-0.182,9537
0.213,3239
0.0611,4117
-0.155,7565
0.338,841
0.364,1772
0.287,135
-0.0179,5395
-0.155,8617
0.0486,3887
-0.159,7444
-0.198,8950
-0.122,9491
-0.0138,5728
0.0819,2858
0.116,2220
0.0671,3930
-0.0362,6433
0.115,513
-0.0686,7373
-0.119,7952
-0.14,6645
-0.0527,7410
0.156,349
0.22,1625
0.216,2321
0.0281,4427
0.467,1476
-0.383,9211
0.000901,5351
0.0266,3915
-0.0286,5742
-0.0814,6562
-0.126,8641
0.141,2863
-0.159,8503
-0.0299,6093
0.127,2048
-0.0525,6134
0.0848,2806
0.0288,4579
0.118,2029
0.0316,4230
-0.141,9902
-0.165,9107
0.0481,4435
-0.173,8598
0.32,1874
0.0808,3491
-0.0889,8693
-0.0615,6852
-0.19,7126
0.0922,2783
-0.293,10611
-0.0194,5891
-0.211,10727
0.164,1036
-0.0835,6661
0.111,2167
-0.108,7392
-0.0533,7296
0.0644,2588
-0.257,10774
-0.06,7297
-0.378,10003
0.439,1287
-0.0839,8351
-0.0664,6846
-0.0584,6687
0.226,1296
0.309,400
-0.0632,7914
-0.375,9317
-0.281,10590
-0.0825,7074
0.00651,5307
-0.153,7345
-0.108,7807
-0.06,7813
0.0932,1839
0.181,2782
-0.0961,7816
-0.00576,5680
0.139,1086
0.0804,3176
0.149,1225
-0.209,10546
0.0857,3601
-0.0669,7108
-0.0251,5342
0.0473,4442
0.018,4780
0.00361,5267
-0.179,9693
-0.11,5963
0.24,2833
-0.163,9635
0.045,3675
0.0332,4283
0.122,1795
-0.227,9969
0.427,101
-0.256,9080
-0.0384,6817
-0.0998,8756
-0.193,8975
0.0222,4587
-0.225,9042
0.141,2703
-0.125,8004
-0.13,8391
0.062,3937
-0.267,10573
-0.148,7845
-0.0304,7481
-0.247,8389
0.108,2718
-0.0129,5689
0.137,2259
1.03,902
-0.00169,5449
-0.0489,7849
0.057,4308
-0.3,9607
-0.036,5511
-0.265,6978
-0.0364,6440
-0.0147,5756
-0.179,9569
0.0682,3017
-0.344,9969
-0.115,8272
-0.101,7266
0.0596,4221
-0.0824,7056
-0.36,9469
-0.162,8365
0.092,2512
-0.109,7684
-0.405,10639
0.023,4666
-0.0366,5725
-0.122,7843
-0.185,9754
-0.276,9558
-0.101,9757
0.126,1940
0.117,1644
-0.174,7695
0.0628,3965
0.0916,2614
0.21,355
0.228,1308
-0.000897,5359
0.0438,4220
0.0121,5069
0.161,1926
0.0067,4704
-0.174,9938
-0.299,10156
-0.31,9428
-0.234,9249
0.0483,3759
0.0252,3512
0.0302,4318
-0.204,9768
-0.0973,7268
-0.177,9614
-0.148,8511
0.0296,4520
-0.188,7045
0.117,2843
-0.109,7291
-0.162,9358
0.112,3549
0.121,1220
0.0723,3523
-0.00911,5142
-0.0885,8326
0.235,1786
-0.192,9383
0.0696,3139
-0.0718,7091
-0.3,10845
-0.264,8057
-0.138,8004
-0.0965,9645
-0.0923,9741
-0.212,9270
-0.299,10584
0.153,1311
0.182,1131
-0.012,6181
0.158,1120
0.246,1392
0.408,91
0.0212,4803
-0.407,10538
-0.0247,5399
0.0347,4092
-0.183,9528
0.0897,4136
0.0209,4689
-0.178,8663
0.212,1626
-0.155,10426
-0.227,10399
-0.0876,8235
0.156,2386
-0.165,9162
0.0666,3036
-0.0667,7341
0.0735,4125
0.0691,3800
0.122,2935
-0.0909,6985
0.134,1510
0.101,2084
0.0386,4273
0.145,3012
-0.243,8964
-0.513,11028
-0.0379,6799
-0.112,9254
-0.187,7182
-0.248,8877
0.13,2985
-0.864,9862
-0.0231,6634
0.112,2469
0.78,1430
-0.0509,6755
0.167,2754
0.184,2628
-0.2,9290
-0.0979,8295
-0.0124,5942
-0.23,10335
-0.0178,5744
-0.0574,8159
-0.0628,7232
0.596,126
0.0106,4989
0.198,1353
-0.349,9368
-0.119,7797
0.0656,2963
0.0381,4135
-0.0888,7225
-0.0938,8012
-0.111,6535
-0.124,5997
0.111,2733
-0.33,10323
0.106,3018
0.147,3387
-0.161,8656
-0.109,10032
0.0531,2830
-0.0985,8860
0.00704,5079
-0.142,7513
0.00937,5022
-0.0376,5739
0.00638,5214
-0.0848,7557
0.0527,3406
-0.118,6577
-0.0365,6394
-0.0907,7159
0.0745,4139
-0.138,8354
-0.114,7873
0.679,1826
-0.0709,7206
-0.401,9132
-0.14,9357
-0.0828,8872
-0.0712,6673
-0.0567,6655
0.0504,4278
-1.47,10743
-0.0145,5988
-0.0251,5151
-0.214,10251
0.0434,4223
-0.202,5030
-0.237,7992
0.108,2030
-0.149,9066
0.0456,4342
-0.129,8763
-0.0029,5536
-0.208,8879
-0.0863,7323
-0.135,10338
0.00286,5236
-0.163,7361
0.000647,4905
0.522,507
-0.117,9620
-0.0156,6528
0.49,1285
-0.199,7743
0.258,837
0.0288,4693
0.1,2495
0.251,203
0.124,1659
0.0255,4575
-0.305,7710
-0.165,8593
-0.0816,8474
0.174,1068
0.349,554
0.343,1198
-0.154,8468
0.1,3085
0.000142,5443
-0.118,8395
-0.0423,6121
-0.222,10807
-0.138,9883
0.0337,4517
0.117,1963
-0.289,10681
0.282,1433
0.0512,3423
-0.177,10082
0.066,3696
-0.114,7991
-0.0511,6065
-0.121,8246
0.105,2401
-0.0452,6946
0.15,2850
-0.0387,6001
-0.165,8816
-0.125,7832
-0.115,8219
-0.12,8666
0.0059,5210
-0.0121,5546
-0.058,6336
-0.16,8311
-0.0501,6962
-0.177,9646
-0.203,8223
-0.0896,7766
-0.0741,7361
-0.0331,6182
0.0407,3963
0.181,1185
-0.298,7350
0.0877,3291
0.136,2759
0.0723,3450
0.0049,5063
-0.124,9552
0.444,1192
0.0399,4485
-0.246,10844
0.417,485
-0.133,8215
0.256,1184
-0.193,8133
-0.249,9637
-0.224,10523
0.238,558
0.18,1728
0.0227,4525
0.0307,4738
-0.121,8450
0.181,1877
-0.0231,6345
0.0809,3801
-0.0504,7758
-0.175,7091
-0.772,10759
0.249,2080
-0.156,8256
-0.207,10029
0.124,1128
0.0727,3500
0.0882,2026
0.0114,5167
-0.061,6533
0.364,44
0.00915,4734
0.348,355
-0.0115,5569
-0.174,7137
-0.119,6489
0.124,3016
-0.282,8005
-0.0519,6238
-0.251,10198
-0.347,10557
-0.0732,7726
0.139,1601
0.0335,4285
0.114,2349
0.0821,3425
-0.34,10447
0.177,3510
-0.255,10706
-0.17,9726
-0.114,8667
0.0482,4202
0.0924,3432
0.0771,3426
-0.059,6699
-0.139,9777
-0.0623,6203
0.344,273
-0.0914,6637
-0.184,10110
0.0134,4627
-0.223,8520
-0.0109,5917
-0.178,10042
0.543,22
0.348,548
0.104,1423
0.0431,4227
0.201,2633
-0.11,6922
0.0363,4624
0.451,1730
0.0503,3412
-0.153,7544
0.142,2339
-0.0091,5219
-0.0199,5919
-0.183,9009
-0.00398,5446
0.199,1778
-0.091,7095
-0.294,9767
-0.0857,6385
0.144,2896
0.0117,4867
0.0914,3528
0.727,119
0.375,363
-0.317,9819
-0.287,10222
-0.225,9672
0.0366,3494
-0.12,9416
0.0665,3586
0.0109,5139
-0.323,9759
-0.116,9213
0.0497,3489
-0.103,7227
0.536,586
0.728,1240
0.292,2541
0.141,1303
-0.0865,7893
0.106,3084
0.043,3955
0.273,1080
-0.00735,5636
-0.00633,5482
0.0763,3514
0.0853,3708
-0.28,10937
-0.0745,7075
-0.199,10609
0.342,576
-0.0565,6918
-0.133,9992
-0.00798,5396
-0.236,8920
0.292,2283
0.00071,5341
-0.0701,7335
0.182,1644
0.341,1465
0.396,533
-1.28,10994
-0.0869,8163
0.17,229
-0.186,8329
-0.141,7532
-0.014,5322
-0.072,7291
0.00132,5172
-0.0749,7779
0.122,2788
-0.0533,6226
-0.0293,6249
0.0589,4023
0.019,4860
-0.2,9702
0.109,2272
-0.0393,6715
-0.144,8590
-0.0828,6066
0.199,495
-0.219,10610
-0.183,9438
-0.483,11001
0.118,1573
-0.12,5184
0.236,531
-0.0261,6161
0.0466,4157
0.119,2340
-0.0324,6002
-0.132,8963
-0.00221,5293
-0.137,9396
-0.609,7352
-0.272,9502
0.164,2362
-0.257,8980
-0.0359,6034
0.0723,3386
-0.0713,6885
-0.203,6119
0.058,3698
-0.0294,6643
-0.0157,6241
0.218,1252
0.00177,5233
0.101,3103
-0.302,10207
-0.163,8704
0.0304,4513
-0.102,7283
2.74,49
0.0908,3540
-0.225,8198
0.19,661
0.0573,2476
-0.251,10302
-0.143,8218
0.256,2003
0.214,1565
-0.247,10610
0.058,2739
0.281,1959
0.176,1796
0.116,2326
-0.267,9341
0.0499,4354
0.109,1437
-0.113,7728
0.417,591
0.0455,4297
-0.748,8730
-0.149,9326
0.0682,2555
-0.132,8651
0.0217,4705
0.152,2309
0.0719,2710
-0.0592,7473
0.0688,2636
-0.137,8847
0.572,124
0.147,2789
0.051,4119
-0.16,8842
0.037,3525
-0.0214,6269
-0.0374,6002
0.104,3003
-0.0382,5783
-0.0505,7516
-0.387,10970
0.049,3785
0.103,2964
0.274,1410
-0.0431,7028
0.161,951
-0.0268,6247
-0.17,9796
0.16,1823
-0.0359,6346
0.279,2391
0.0113,4751
-0.0258,6700
0.111,2826
-0.0252,5848
-0.275,9601
-0.0407,6043
0.0137,5035
-0.166,9900
0.184,1592
0.458,238
-0.0438,6622
-0.054,6199
0.195,1991
-0.0702,8062
-0.118,7627
0.27,2650
0.0138,4747
-0.0841,6609
-0.17,9061
-0.196,7591
0.304,724
0.0523,4051
-0.0395,7030
0.00191,5160
0.191,1736
0.0211,4747
-0.163,7357
-0.457,8390
0.554,252
0.132,1397
0.11,1937
0.0312,4627
0.766,418
-0.503,10140
-0.00508,5713
-0.174,10364
-0.0285,5898
-0.243,9810
-0.452,9311
-0.195,8147
-0.302,9628
0.0542,3790
0.228,989
0.023,4577
0.0158,4867
0.49,443
0.191,1898
-0.532,10912
-0.147,10166
-0.0672,7357
-0.172,8481
-0.292,9948
0.106,2656
-0.414,10895
-0.0125,5627
0.0244,4499
0.0501,3093
-0.0482,6537
-0.0637,8259
-0.305,10701
0.04,4420
-0.0237,5734
-0.404,8723
0.0529,3901
0.212,1483
0.103,2672
-0.184,9154
-0.272,10215
0.241,1356
0.256,2613
0.0432,4011
-0.121,8294
0.0506,4431
0.162,1050
0.0115,5094
0.278,1281
-0.0495,8453
0.0855,3381
0.0212,4749
-0.0911,5994
-0.0455,7824
-0.133,8660
-0.017,6050
-0.0843,8680
-0.056,7398
-0.102,8474
-0.16,8904
0.0446,4519
0.102,2410
0.0583,2541
-0.315,9684
-0.0139,5483
-0.429,10916
0.119,3094
-0.224,9931
0.289,542
-0.135,7802
0.154,1851
0.383,852
0.101,3837
0.0882,2901
-0.0302,6298
0.0166,4982
-0.126,6772
-0.689,10174
0.719,988
-0.0646,7420
-0.0434,6066
0.329,2425
-0.0823,5661
-0.3,9159
0.127,2902
-0.0377,6372
-0.0599,8246
-0.0292,6502
0.224,2722
-0.254,10500
0.0167,4737
-0.3,11025
-0.0886,8193
-0.0269,6389
-0.0113,5485
0.239,791
0.172,2441
0.119,663
-0.0541,8310
-0.0849,7975
-0.316,8758
-0.0251,5949
0.0358,4603
-0.11,8507
-0.0813,8411
-0.148,8712
-0.053,7514
0.0576,3187
-0.0411,5954
-0.0899,8434
0.0197,4467
-0.0707,7552
-0.116,8086
0.478,636
0.116,2585
-0.16,9731
0.139,1309
0.403,459
-0.176,9763
0.276,1909
0.365,868
0.103,2481
-0.0179,5614
-0.0168,6158
-0.0983,6750
-0.38,10608
-0.0536,7632
-0.129,7175
0.146,2199
0.255,1514
-0.0104,5734
-0.0968,7094
-0.0847,6985
0.138,1339
-0.175,10213
0.104,2809
-0.252,9247
-0.364,10674
-0.319,9510
-0.0618,7641
-0.0917,9627
0.469,668
-0.2,7683
0.792,29
0.302,1585
0.164,1679
-0.24,10101
-0.182,9293
-0.0357,5750
0.0374,4196
-0.249,9376
-0.0533,6029
-0.0801,7351
0.0512,4328
0.0259,4426
0.044,4217
-0.529,10117
0.0522,3891
-0.284,9920
-0.056,7726
-0.318,9880
0.273,2108
-0.0841,7525
-0.292,9969
0.0527,3272
0.0774,4095
0.235,1765
-0.146,9063
0.0469,4059
0.117,1062
-0.158,9548
-0.155,9568
-0.0858,8401
-0.101,6509
-0.0895,6872
0.0627,3733
-0.176,9898
0.05,4320
-0.251,9678
-0.00286,5395
0.602,67
-0.171,9632
0.117,3374
0.196,916
0.117,1502
-0.134,9337
-0.0204,6522
-0.00909,5804
0.0917,1406
0.0982,2774
0.0573,4341
-0.524,10936
-0.184,9272
0.0163,4466
0.144,1769
-0.0693,8621
0.19,1761
0.144,3031
-0.253,9933
-0.0477,5464
-0.121,8583
0.273,1648
-0.0419,6639
0.0247,4595
-0.0127,5248
-0.0936,7658
-0.0647,7048
0.0693,3565
0.364,520
0.113,3945
-0.0722,7986
0.0533,3207
-0.0166,6049
-0.00866,6176
0.201,934
-0.142,6844
-0.414,10433
-0.0348,6711
-0.12,8987
-0.00211,4884
-0.16,7545
-0.257,10189
-0.185,9642
-0.0487,6933
0.0952,3510
-0.0554,6808
-0.189,9026
-0.146,9692
-0.146,9553
0.0328,4244
0.169,2399
-0.186,9437
0.0838,3200
-0.00994,5798
0.0806,3432
-0.173,9083
-0.0842,7207
-0.419,8939
-0.115,6191
-0.109,7836
-0.162,8750
0.39,476
-0.0396,6722
0.325,2231
0.272,1238
0.244,1374
-0.189,7652
-0.211,10065
0.00533,5107
0.0301,4615
0.421,564
0.0849,3328
0.411,520
-0.000946,5360
-0.05,6568
-0.0789,7395
-0.0112,5707
-0.0138,5919
-0.322,9801
-0.0374,6422
0.0499,3434
0.131,3077
-0.092,7507
0.0708,3172
0.128,3131
0.0642,3481
1.73,8
-0.00147,5167
-0.097,8061
-0.049,6453
0.165,796
-0.284,10293
0.0139,4569
-0.106,7016
-0.0366,6168
-0.0407,6123
-0.0294,6163
-0.00389,5573
-0.0135,5958
-0.0407,5943
-0.138,8857
-0.0908,7402
-0.185,9342
-0.102,9973
-0.146,8504
0.0163,4585
0.0699,4003
0.298,1337
0.286,1653
0.0388,4241
-0.238,8798
0.418,575
0.0397,4427
0.1,3627
0.0836,2183
-0.0804,8020
-0.463,10719
0.045,4254
0.164,1095
-0.335,10718
0.0293,3510
-0.0468,8771
0.162,1212
-0.22,9031
0.0274,4509
-0.0745,7117
0.287,381
0.0836,2590
-0.0786,6855
0.0603,3572
0.000718,5166
0.387,2032
-0.167,10237
-0.0319,5772
0.12,3117
-0.452,10999
0.0877,3479
-0.0117,5675
0.165,2260
0.399,29
1.38,590
-0.33,9976
-0.311,9206
-0.399,10357
0.00144,5288
0.264,826
0.223,1171
-0.239,10562
0.0996,2268
-0.406,10198
-0.122,10012
0.0134,4870
0.0623,3307
0.31,1829
-0.0918,7597
-0.507,10270
-0.0845,8971
-0.0386,6399
0.122,3406
0.165,1829
-0.47,9766
-0.314,9635
0.00647,5145
0.0365,4130
-0.177,8759
-0.0853,8466
-0.222,8701
0.249,2247
0.068,3056
-0.0652,9938
-0.299,9753
-0.211,7622
-0.203,8803
-0.0383,6534
-0.0107,6069
-0.0535,6739
-0.289,10819
0.0685,3105
0.386,718
0.0884,3262
0.153,1267
-0.0708,7261
0.282,697
-0.0949,7965
-0.105,6314
-0.237,10857
-0.0175,5558
0.102,1082
-0.287,9334
0.333,189
0.972,915
-0.0839,8687
0.297,1002
0.152,1481
-0.155,10064
0.516,6
0.393,1273
-0.0142,5663
-0.0103,5777
0.181,1501
0.241,838
0.0617,4266
-0.218,8935
-0.295,8724
0.135,2720
0.118,2123
-0.00601,5825
-0.0117,5552
-0.2,9782
-0.0733,6652
-0.132,9817
0.0163,4971
0.0155,4941
0.162,2450
-0.0567,5911
0.159,2101
-0.0842,8357
-0.115,7609
-0.0647,6917
0.015,5120
-0.0544,5993
0.855,136
0.305,663
0.0298,4354
-0.224,7952
-0.0479,6639
-0.369,10213
-0.181,8867
-0.396,10966
-0.0542,7522
0.00552,5098
0.211,1667
-0.0311,6224
0.0616,4113
-0.104,8482
-0.453,10508
-0.317,9111
-0.221,10090
-0.198,7725
-0.0689,6873
0.122,1882
0.00431,5090
0.205,2504
0.092,2967
-0.0656,7591
-0.237,10092
-0.215,9631
-0.143,8301
0.155,1737
0.308,1045
0.121,2280
0.0588,3922
-0.0867,8719
0.0478,3535
0.572,441
-0.0221,5645
0.0905,3661
0.0532,4453
-0.0546,6875
-0.118,8777
0.632,195
-0.0599,6642
0.0249,4496
0.435,570
-0.0309,6710
0.33,343
0.0157,4973
0.0255,4783
0.141,539
1.54,10
0.271,1077
0.247,1384
-0.196,8591
0.156,2046
-0.0171,5503
-0.332,7349
-0.0264,6194
-0.0489,7513
-0.0899,6909
0.0677,2990
-0.0309,5979
0.062,3954
0.0118,5008
-0.0559,7634
0.0887,2964
-0.0132,5852
-0.217,7171
0.0976,3850
-0.106,8937
0.18,885
0.379,1522
0.111,3854
-0.186,7347
-0.313,10034
-0.446,9609
0.269,564
0.218,1721
0.303,1360
-0.457,10872
0.112,2291
-0.0731,7656
-0.133,8874
-0.224,10894
-0.158,8170
-0.162,7194
0.0442,3698
0.0509,3895
-0.124,8139
-0.238,10645
-0.123,9719
-0.136,8492
0.121,841
-0.177,10644
0.344,418
0.132,2673
0.133,1970
-0.126,7795
-0.012,5647
-0.00803,5685
-0.164,6741
0.0877,3912
0.0917,3511
-0.0394,6994
-0.153,6354
-0.3,10614
-0.186,10353
-0.0408,6216
0.0481,4521
0.167,2114
-0.00153,5377
-0.154,9089
0.306,343
0.0744,3218
-0.243,10373
-0.00687,5643
-0.0199,5791
-0.0436,6270
0.1,3642
-0.109,5751
-0.103,8490
-0.124,9174
0.136,1346
0.0182,4938
0.078,3406
-0.0328,6117
-0.0734,5983
-0.00491,5244
0.0359,4416
-0.205,9617
-0.149,6708
-0.119,7601
0.139,3306
0.161,3321
0.0832,3265
-0.168,9062
0.16,398
-0.0386,5948
-0.271,10379
-0.115,7191
0.155,458
0.293,516
-0.0104,5520
-0.0567,5464
0.123,3478
-0.108,6515
-0.3,10075
-0.16,9744
-0.0929,7418
-0.0112,5583
-0.0258,5951
-0.0563,6647
0.0864,2165
0.486,175
-0.0179,5901
0.221,875
-0.236,10198
0.0603,3629
-0.0557,6854
-0.0682,8608
0.0567,4419
0.00502,5260
0.115,3471
0.164,1493
0.0335,4413
-0.0368,6228
0.0157,5131
-0.0809,6923
-0.203,9527
0.277,2294
0.253,1260
0.0266,4548
-0.12,8743
0.279,768
0.369,105
0.407,1924
0.234,1621
-0.0834,7313
-0.155,7428
-0.174,9322
0.122,3358
0.104,2778
-0.0795,7865
0.0649,3264
0.194,940
0.0101,5386
0.118,3056
0.308,1145
-0.189,9760
0.0341,4375
0.453,140
-0.261,10045
-0.124,9162
0.499,94
0.0372,3861
0.00602,4892
0.229,462
-0.0823,7345
0.101,2694
0.559,1443
-0.162,9848
0.0274,4171
0.209,784
0.259,1295
-0.173,8462
0.227,2109
-0.0557,6874
-0.224,10786
-0.195,10054
-0.184,9000
0.19,2682
0.577,222
0.0124,4548
0.296,2487
-0.173,8410
-0.224,9177
0.224,1209
-0.216,10512
-0.165,10669
-0.185,9564
-0.117,7772
-0.0182,5294
-0.337,10343
0.335,1080
0.104,2366
0.403,145
-0.312,9846
0.0879,3658
-0.238,8867
-0.0747,6576
0.0977,2171
0.156,466
-0.146,7733
0.0108,5253
0.188,2505
-0.238,9394
0.209,1026
-0.0605,8108
-0.128,9224
0.104,3638
-0.151,10604
-0.0496,5601
-0.0304,6518
0.052,3524
0.343,726
0.0417,4368
-0.00683,5388
-0.0118,5442
0.0894,2168
-0.278,10226
0.0261,4684
-0.218,10599
0.108,3400
0.721,82
0.106,2300
-0.0928,7580
0.763,15
-0.00518,5456
-0.284,7930
-0.275,10602
-0.204,9265
0.161,1842
0.128,3808
-0.163,7622
0.00787,5345
-0.219,9185
0.16,1304
-0.114,9766
-0.103,7532
0.043,3852
-0.256,8399
-0.211,9410
-0.552,10401
-0.0522,6722
-0.535,10934
-0.252,10183
0.551,1172
-0.133,8043
-0.131,9277
-0.31,10292
0.0803,3578
-0.34,10337
0.125,2305
0.0108,5067
-0.0602,6983
-0.041,7339
0.146,3593
-0.0974,7602
-0.196,9549
0.633,70
0.0575,3622
0.0664,3479
-0.117,7899
0.153,2717
0.00852,5029
-0.222,9719
-0.00474,5473
0.052,2786
-0.0167,5633
-0.101,7239
0.964,41
0.412,169
-0.212,10444
0.0711,3220
-0.115,8754
-0.00622,5810
0.178,1969
0.367,1706
-0.0637,7966
0.105,2389
-0.0969,8339
-0.0202,5876
0.0868,4173
-0.555,10952
0.0298,4131
0.163,1895
-0.0454,6438
0.0163,4982
-0.197,7852
0.107,3130
-0.0954,7842
-0.166,9871
0.0284,4854
-0.267,9270
-0.158,9224
0.233,2317
-0.0602,8306
0.00721,4909
-0.153,9151
-0.0195,5369
0.0517,4628
-0.0602,6256
0.273,830
0.0189,4880
0.0869,3439
-0.144,8382
0.0158,4841
0.00464,5100
-0.257,8363
0.101,2483
-0.159,8518
0.0818,3879
-0.183,6419
-0.0175,5681
-0.0764,8504
0.095,2361
-0.000442,5453
-0.0248,5369
-0.394,8938
0.116,2751
-0.285,10656
0.0593,3446
-0.0127,5331
-0.0525,6667
0.0334,4272
0.11,3426
0.0733,2215
-0.105,9123
-0.0839,8129
-0.285,10387
-0.317,9071
0.682,705
-0.153,9704
-0.0518,6907
-0.251,9915
0.0315,4556
-0.25,10136
-0.294,10450
-0.046,6562
-0.0737,7509
0.052,3305
0.0781,3373
-0.154,7796
0.232,2565
-0.0692,7361
-0.0502,7214
0.124,2981
0.273,733
-0.033,6296
-0.0384,7254
0.288,179
0.154,1730
0.0224,5040
-0.126,7497
-0.0695,5916
-0.0942,7029
0.187,1339
-0.0785,8461
-0.0366,5058
0.335,407
0.22,1743
0.149,3354
0.103,2396
0.213,1255
-0.107,8000
0.0334,4569
0.0821,3382
-0.292,8524
0.0563,1995
0.0845,3753
0.119,3302
-0.0985,6815
-0.273,10541
0.187,1341
-0.0482,6442
-0.0865,8489
0.0956,2768
-0.00454,5359
-0.497,9761
-0.265,10363
-0.0796,8278
-0.238,8481
-0.129,8156
-0.0359,6112
0.18,2045
0.0163,4701
-0.224,10669
-0.393,10929
-0.0334,6282
-0.119,7200
-0.224,8964
-0.314,9562
-0.00305,5490
0.209,1041
-0.0953,6471
0.374,1546
-0.191,9047
-0.236,7763
0.133,2570
0.0747,3552
0.148,1572
0.109,2160
-0.056,5848
0.0477,3610
0.234,493
-0.0335,6088
0.135,3748
0.0186,4868
-0.0899,6202
-0.0533,6945
0.106,2111
-0.05,7648
-0.159,9536
0.00692,5089
0.155,2477
-0.0269,6645
-0.0365,6972
-0.0697,7965
0.245,2940
0.0896,2939
0.144,1174
-0.0179,5871
-0.305,10661
-0.0398,6629
0.3,543
-0.0876,7358
0.0773,3876
-0.222,8047
-0.0694,7500
-0.168,8854
0.204,1314
-0.0457,6266
0.269,60
-0.0756,6712
-0.0955,8944
-0.207,9617
-0.156,8691
0.153,1402
-0.00894,5745
-0.164,9892
-0.0417,6249
-0.186,9202
-0.126,8683
-0.0419,7101
0.015,4889
-0.295,8556
0.00183,5085
0.0556,3366
-0.104,7291
0.241,1060
0.287,1203
-0.0895,8842
-0.0911,8453
0.222,1297
-0.259,10378
-0.359,10458
-0.422,10527
-0.128,8261
0.0304,4545
0.083,3908
0.093,3624
-0.252,10127
-0.164,8825
-0.00294,5278
-0.248,10893
0.0136,5130
0.0373,4201
-0.263,10433
-0.226,9815
0.0293,3606
0.0553,3159
-0.0799,7659
-0.283,9939
-0.333,10196
-0.0711,7223
0.0256,4617
0.0372,3092
0.0261,4534
0.0972,2735
-0.00488,5230
-0.258,7938
0.212,2419
-0.15,9971
-0.235,9740
-0.219,10398
0.123,2669
0.119,2363
-0.173,9416
0.031,4483
0.265,355
-0.221,10294
-0.0147,5499
-0.211,9288
0.617,66
-0.41,10650
0.0622,3834
0.0231,4888
-0.0537,6537
0.196,2134
0.0817,3011
-0.224,10848
0.0911,3079
-0.287,10114
-0.254,10252
-0.0756,8979
0.181,2223
-0.139,8323
-0.0353,6914
-0.058,7852
-0.186,9098
-0.326,9951
0.161,914
0.123,1619
0.0382,3235
-0.0573,7291
-0.0554,7689
-0.604,10823
0.0888,2508
0.0658,3920
-0.169,8749
0.135,2572
0.393,1215
0.107,2633
-0.477,8830
0.0235,4837
0.00525,5367
0.374,674
-0.333,10536
-0.253,9636
-0.0485,7345
0.189,1557
-0.0352,6409
0.609,225
-0.03,5723
-0.072,7547
-0.0991,7269
-0.0554,7334
0.0051,5267
-0.106,9023
-0.178,8830
0.17,2548
0.106,2800
-0.0237,6590
-0.0033,5369
0.439,162
-0.0727,7093
0.0783,3640
0.362,439
0.105,2729
-0.0315,6716
-0.18,7251
-0.0738,7418
-0.0276,6124
0.608,145
-0.0042,5552
0.104,2082
0.28,976
0.0894,3932
0.0457,3914
-0.065,5590
0.0415,3861
-0.0627,6930
-0.00392,5405
0.141,2654
0.0426,4778
-0.024,6404
-0.0759,7817
0.0429,4170
-0.188,8257
0.224,1934
-0.188,7901
0.00105,5503
0.136,3171
-0.108,8885
-0.345,10319
0.188,1470
-0.111,7210
0.188,1248
-0.0373,7156
0.136,2347
-0.00811,5643
0.368,978
0.0475,4456
0.184,1028
0.0497,4170
-0.126,8162
-0.149,7813
0.0945,2703
0.14,2919
-0.0528,6496
-0.0823,8897
-0.0344,6203
0.233,226
0.109,1929
0.145,1406
-0.193,9417
-0.0444,7187
0.0167,4654
0.275,1858
-0.0993,9233
-0.26,9500
-0.0627,7132
0.0375,2975
-0.0647,7643
0.226,1656
-0.217,9753
0.123,2652
-0.114,7485
-0.00152,5491
0.0115,4952
0.0785,3824
0.225,943
-0.0671,8076
0.0996,2461
-0.286,10120
0.21,892
0.17,1609
0.0334,4574
-0.094,6986
0.168,2540
-0.152,10143
-0.0289,6206
0.0847,2981
-0.101,7169
-0.0313,5837
0.121,3463
-0.115,8378
-0.255,10784
0.0438,4073
-0.514,10551
-0.0548,5963
0.496,486
0.0404,4314
0.19,924
0.138,2169
-0.287,10113
0.177,1483
0.216,563
0.0966,2442
-0.223,10570
0.297,1026
-0.314,8571
-0.104,8041
0.0203,4742
0.1,2972
-0.12,10244
0.0372,4407
-0.0459,6588
0.0927,3945
-0.0485,6115
-0.0322,6918
-0.0375,7598
0.209,1899
0.196,1705
0.0189,4516
0.0641,3823
-0.0322,5973
-0.143,9890
0.0118,5190
-0.0419,6198
-0.0456,7168
0.337,1933
-0.26,10569
-0.032,7262
-0.0592,6617
-0.0373,6758
-0.325,8839
-0.0925,7508
0.0242,3925
0.165,552
-0.215,10297
-0.0386,6426
0.281,1139
0.0652,3406
-0.176,9425
0.0507,3245
0.115,2056
0.0809,3532
0.458,2165
0.278,917
0.138,1621
-0.0625,7886
-0.15,9459
-0.203,9130
0.00777,5152
0.112,2901
0.0166,4633
-0.0561,7447
-0.00415,5461
-0.669,10578
0.0381,3836
0.299,2077
0.122,3463
-0.0332,5895
-0.106,7564
0.156,1087
-0.173,10428
-0.0183,5687
0.353,208
-0.0703,7467
0.124,2359
-0.0435,6680
0.167,1733
-0.145,8539
-0.0746,7218
-0.0942,7585
0.423,795
-0.33,9280
0.721,37
-0.402,10033
0.0179,4873
0.232,781
0.479,517
0.0682,3442
0.209,1894
-0.313,10534
0.0607,3854
-0.261,10058
-0.38,10884
-0.0259,5916
-0.0526,6467
0.0604,4145
-0.0239,5710
-0.265,9828
-0.371,10461
-0.0283,5212
0.252,632
0.00302,4990
-0.0231,6211
-0.208,10268
0.207,1291
-0.177,8352
-0.276,9363
-0.0149,5316
0.0237,4547
0.229,1216
-0.0108,5664
-0.0312,6561
-0.113,7580
-0.306,9295
0.289,909
0.00928,5118
-0.177,8351
0.211,1713
-0.469,8819
-0.273,6118
0.131,3061
-0.0824,7126
-0.321,10896
0.0908,3610
-0.181,10559
-0.239,10587
0.443,7
-0.00786,5519
-0.283,10688
0.136,2437
-0.117,8287
-0.499,10613
0.125,2003
-0.0143,5646
-0.183,8167
-0.059,6858
0.118,3366
-0.244,9936
-0.111,8915
0.00731,4765
0.151,2839
-0.145,7680
-0.134,7227
0.0606,4049
0.108,2301
0.0897,3025
-0.0312,5940
0.113,1874
-0.07,7527
-0.153,7726
0.134,1432
0.0984,2627
-0.16,9338
-0.0724,7669
-0.0979,7148
0.124,3049
-0.0679,7701
0.0102,4996
-0.0894,6919
-0.0944,7337
-0.0811,6562
-0.148,8342
-0.0582,7615
-0.226,9204
0.0639,4322
0.159,2187
0.0587,3671
-0.0511,6209
-0.233,10409
-0.179,10293
-0.116,8115
-0.111,7708
-0.0925,7274
0.0656,3700
0.0971,2167
0.0622,3323
-0.0613,5833
0.0398,4220
0.00944,4929
0.0205,4880
0.13,2223
-0.0865,7823
0.154,2683
-0.0137,5749
0.255,715
0.065,3258
-0.181,9783
0.0669,3555
-0.327,10361
-0.201,8999
-0.125,6500
0.163,1362
0.0303,4193
0.123,1360
-0.0773,8116
0.106,3088
0.064,3433
-0.0483,7327
-0.0364,7444
-0.231,9770
0.436,23
-0.298,10675
0.00308,5304
0.0613,4164
0.025,4801
0.0649,3719
0.179,2093
-0.278,10556
-0.0654,6434
-0.0277,6397
-0.0828,7041
0.13,2123
0.0395,3923
-0.168,6803
-0.307,9974
-0.288,10136
0.351,138
0.0329,4442
-0.233,9792
-0.0251,5881
-0.00917,5503
0.0706,3379
0.458,43
-0.0111,5458
-0.128,7979
-0.266,9367
0.528,296
0.39,102
-0.124,8686
-0.286,10554
-0.0555,6315
-0.0452,6352
-0.205,9650
-0.185,10499
0.174,886
0.0273,4614
-0.0641,7621
-0.166,7948
-0.0219,5867
-0.068,7233
0.0832,2924
0.0844,3601
0.148,2430
-0.136,9455
-0.0839,7519
0.169,1153
0.011,4824
-0.00762,5294
0.106,3225
-0.126,5319
0.0356,4133
-0.0613,7134
-0.369,9276
-0.319,8557
-0.266,10644
0.255,700
-0.0211,6146
-0.0894,9725
-0.0907,7125
-0.112,7342
0.102,3748
0.161,2494
0.0873,3055
-0.317,10272
-0.115,6775
-0.271,10306
0.0707,4137
-0.431,10911
-0.0314,6137
0.0904,1461
0.244,2523
0.0533,3977
0.223,2141
0.442,174
-0.234,10732
0.353,704
-0.224,9729
0.192,250
-0.247,6253
0.146,1256
0.143,1228
0.0805,2559
-0.234,10647
0.394,622
0.0862,3446
-0.221,7185
-0.0305,7048
0.0332,4444
0.338,928
0.0978,3136
-0.0398,5941
-0.285,10231
-0.139,9582
-0.333,10617
-0.4,10571
0.0221,4609
0.168,3292
0.706,202
0.243,371
0.0668,3916
0.179,2092
-0.123,8303
-0.102,9293
0.0938,3398
0.0978,2757
-0.0966,7800
-0.158,8539
-0.236,9794
0.153,2969
-0.195,8749
-0.0393,6942
0.0177,4754
0.165,822
0.102,3490
-0.247,9677
0.0902,3183
0.0385,3580
-0.012,5973
-0.261,10269
-0.355,10558
0.144,2194
0.0554,3097
-0.0805,7313
0.103,2458
0.0124,4862
-0.217,9745
0.262,1110
0.00297,5241
-0.0036,5731
0.234,601
0.242,810
0.0266,4899
0.115,1818
-0.0182,5332
0.0457,3644
0.134,880
-0.0555,6298
-0.532,10992
-0.23,8897
-0.0418,6237
-0.047,7039
-0.148,9143
0.153,1034
0.306,187
-0.0827,7143
0.162,1938
0.428,378
0.099,2377
-0.12,8081
0.188,1152
-0.216,8269
-0.0964,6580
-0.124,9681
-0.0916,8299
0.279,1329
0.0287,4663
-0.359,10473
-0.0324,6254
-0.27,10635
-0.00178,5212
0.0871,1770
0.19,528
-0.0979,6206
0.0958,3149
0.0591,3538
0.04,4377
0.00827,5131
-0.047,6956
-0.051,6499
0.0865,3627
-0.0261,6003
0.0899,2373
-0.228,9606
0.0961,3078
-0.0962,7598
-0.176,9503
-0.219,10888
-0.033,6502
-0.162,9450
0.268,1798
2.03,3
0.33,348
0.0644,2705
-0.0477,7830
-0.0758,6835
-0.181,8760
0.595,761
0.148,2137
-0.206,10429
-0.0912,6924
0.0344,3929
0.3,566
-0.03,5895
0.087,2879
-0.156,9469
-0.129,9605
-0.126,8875
0.211,1367
0.08,3570
0.107,1684
-0.0165,5841
-0.0742,8253
-0.0177,6058
0.00461,5240
-0.292,10921
-0.092,9056
-0.00719,5704
-0.00531,5367
-0.00394,5603
0.0968,1740
-0.0414,5995
-0.0194,5674
0.141,1256
-0.0178,5962
0.139,2592
-0.102,8721
-0.357,10708
-0.0115,5552
-0.0407,7618
-0.0895,8299
0.436,1004
-0.24,9992
-0.16,9195
-0.131,7055
0.00414,5057
-0.19,10900
0.612,4
0.254,1368
-0.0619,7787
0.422,376
-0.296,10476
0.127,2264
-0.0508,5868
-0.0521,6572
0.289,654
-0.246,10031
0.0551,3109
0.0545,4164
0.034,4618
0.153,1010
-0.11,8076
-0.117,8020
0.0428,3599
0.0537,2939
-0.452,10669
-0.052,6332
-0.339,9270
-0.408,9935
0.102,1194
-0.0381,7541
-0.0239,5781
0.264,1936
0.0233,4557
-0.211,9336
-0.183,9908
0.102,1465
0.136,1777
0.188,1051
-0.0684,6712
-0.321,9556
0.0532,3161
0.139,974
-0.29,10466
0.00744,5166
-0.226,9835
0.249,2139
-0.137,8684
-0.191,9443
0.00161,5075
-0.0707,7247
0.134,1387
-0.344,10870
-0.035,6458
-0.117,9126
-0.0503,6381
-0.0369,5819
0.569,33
-0.00342,5351
0.387,466
-0.0366,6062
-0.492,10702
0.192,1436
0.077,2688
0.0183,4942
0.273,892
0.104,3008
0.049,3180
0.0918,3509
0.635,2
0.0116,5159
0.0355,4497
0.139,2543
0.284,404
-0.00965,5513
0.00204,5597
-0.133,9712
-0.0524,7298
-0.091,7382
-0.149,7836
0.0232,4817
-0.0622,7382
0.201,1952
-0.198,8954
0.175,1566
0.244,275
-0.0265,6616
0.183,1148
-0.439,10939
0.0692,3495
-0.0518,6536
0.0677,2528
0.109,1670
-0.133,9013
-0.0337,6319
-0.000518,5406
-0.704,10038
0.134,1136
-0.114,8477
-0.122,10078
-0.217,9317
-0.0379,6675
0.0824,3090
0.119,2243
-0.00191,5708
0.19,1446
1.38,181
-0.107,5954
-0.0695,7591
-0.31,10790
0.316,1184
0.069,3681
-0.147,8870
0.246,394
0.114,2369
-0.132,9759
0.0203,4293
0.207,358
0.122,2693
-0.0492,7179
0.0727,3544
-0.151,7359
-0.206,10149
-0.0847,8277
0.27,624
-0.0192,5706
0.351,450
0.215,1826
0.0202,4283
-0.0418,6158
-0.108,8223
0.237,341
-0.0623,6928
-0.0857,7838
0.00237,5247
-0.0599,7768
-0.0478,6890
0.0772,3342
0.292,907
0.0998,3508
0.086,3503
-0.0249,6660
0.399,550
-0.438,10692
-0.0418,5790
-0.0544,6172
-0.0408,5852
-0.168,9276
0.102,2748
0.182,1377
0.253,577
0.126,1967
0.00943,5027
-0.201,10287
0.0424,4957
-0.189,7790
-0.103,7305
-0.165,8973
-0.0692,6764
-0.0297,6296
0.299,350
0.138,2232
-0.249,10482
-0.0555,6387
0.0558,3980
-0.183,9026
0.415,552
-0.253,10499
-0.0607,7373
0.0751,3761
0.202,2629
0.0935,3412
0.0327,4500
-0.0471,7654
-0.0551,7510
-0.037,6063
-0.105,7733
-0.313,9176
0.000762,5432
-0.0359,6676
0.222,630
0.00529,5176
-0.146,8665
0.155,2545
-0.109,8120
0.207,967
-0.0627,8152
0.0725,2392
-0.133,8756
0.118,2971
0.0565,4255
0.0343,4289
0.22,1859
0.0211,4977
0.141,2430
-0.168,4518
-0.225,7521
-0.0782,7879
-0.0207,5922
-0.256,8701
-0.000856,5053
0.57,544
-0.086,7918
0.128,1657
0.0968,2825
-0.111,8348
-0.266,8536
-0.0504,6563
-0.0837,7059
-0.125,9599
0.0828,1459
-0.352,10775
-0.0365,6579
-0.11,9079
0.0766,3265
-0.00823,5754
0.1,2233
-0.19,8774
-0.28,9216
0.251,1033
-0.321,10457
-0.163,10138
-0.164,9726
0.612,448
-0.124,6646
0.176,1156
-0.39,10103
0.0369,4375
0.17,1745
-0.0113,5627
-0.148,9843
-0.113,9598
-0.0191,5922
-0.0141,5908
-0.193,9685
0.159,2119
-0.0331,6310
-0.307,10017
-0.306,7862
0.121,2184
0.165,1215
0.148,2018
-0.158,8435
0.119,2481
0.215,830
-0.112,9066
-0.164,10322
0.203,564
-0.111,6909
0.154,3172
-0.319,9957
0.0839,2551
-0.0648,7358
0.135,1292
0.0954,3277
-0.0159,5801
-0.246,9207
-0.112,9568
-0.228,10172
0.549,88
-0.32,10672
-0.0854,8468
0.4,1373
-0.0213,5761
0.000183,5668
-0.0652,7826
-0.138,7053
-0.181,9629
-0.0521,6618
-0.171,9823
-0.0444,6482
-0.0387,5956
-0.105,8499
0.129,2606
0.034,3982
0.0121,4860
0.147,1374
-0.0438,6818
0.812,621
-0.0202,5521
0.085,4079
-0.192,10390
0.0558,3665
0.177,1160
0.0751,4420
-0.0124,5773
-0.107,6736
-0.00493,6015
-0.236,10433
-0.29,8687
-0.0234,6028
0.308,2364
0.506,596
0.0179,4579
0.388,280
-0.258,9674
-0.0812,5968
-0.275,8261
-0.0773,8009
0.0105,4856
-0.12,8159
0.0197,5045
-0.233,9870
-0.509,9805
-0.194,7882
0.166,1603
0.0588,3187
-0.308,10677
-0.167,7263
0.158,2096
-0.0699,6904
-0.0262,6300
-0.259,10144
0.137,2537
-0.328,10485
-0.0819,5850
0.0412,4244
0.135,2538
-0.0986,6956
-0.381,10969
-0.0236,5965
-0.189,5923
-0.147,8352
0.0317,4299
0.0123,4763
-0.115,8471
0.0374,4592
-0.0961,5618
-0.0141,5610
-0.121,9547
0.103,1360
-0.0844,6103
-0.268,8483
0.0134,5065
-0.167,9185
0.101,2419
-0.0392,6773
-0.154,10254
-0.17,10198
0.189,1947
-0.177,9093
0.395,45
-0.0167,5728
-0.206,9465
0.0211,4749
-0.131,9217
-0.0474,5638
0.0437,3890
0.103,3029
-0.109,8345
0.0858,2682
-0.00731,5677
0.0391,4469
-0.195,10275
-0.0828,7206
0.343,1295
-0.117,8956
0.213,1674
0.261,897
-0.0845,8226
0.189,875
0.0596,3565
-0.0983,8059
-0.292,10056
-0.204,5753
-0.0177,5706
0.00929,5185
-0.257,7876
0.0958,3288
-0.124,8504
-0.00558,5446
-0.294,10641
-0.0975,8863
0.207,1477
0.184,2607
0.0577,3323
-0.252,10206
0.114,2251
-0.0453,7322
-0.00837,5626
1.21,70
-0.0296,5850
0.414,42
-0.0178,5995
-0.254,9122
0.319,105
-0.0623,6446
0.329,733
0.386,1282
0.198,1246
-0.109,9331
0.218,1443
-0.106,8562
-0.134,8393
0.839,784
-0.136,9142
0.00928,5110
0.277,1219
0.0618,3290
1.07,1143
-0.0752,8071
0.0885,2228
0.00713,4968
-0.0559,6574
-0.252,7899
-0.219,10203
0.418,1127
-0.00338,5445
0.0792,3462
-0.22,8321
0.155,1821
0.0135,4799
-0.00678,5507
-0.00688,5734
0.342,817
0.165,2206
-0.0562,7875
-0.133,8484
-0.421,9177
0.215,1407
-0.18,9559
-0.024,6175
0.0528,3672
0.413,455
-0.0243,5799
-0.0108,5482
0.142,1035
0.0208,4807
-0.176,9795
0.379,2201
-0.231,9911
0.0385,4172
0.00645,5082
-0.218,9904
0.0405,4069
-0.169,5856
-0.0953,8503
0.293,427
-0.13,7441
-0.0261,5474
0.178,1732
-0.375,9174
0.12,2194
0.271,1664
-0.0354,6147
0.114,3521
-0.0401,6644
0.127,2433
0.0359,3252
0.0194,4659
-0.0775,7679
-0.00565,5288
-0.0936,8689
-0.12,7608
0.131,2350
-0.127,9050
-0.056,7631
-0.0603,6018
-0.0308,6430
-0.28,9784
-0.217,9574
0.02,4914
-0.0518,6848
0.155,2094
0.0229,4389
0.357,484
0.0794,3794
0.149,1268
0.43,877
0.161,2454
0.206,1295
-0.134,8045
0.0655,3509
0.0212,4405
-0.183,10595
0.0515,4272
0.253,1668
0.0537,4399
0.142,2888
-0.0273,6547
-0.0298,6697
-0.0852,5673
0.0923,3056
0.172,1567
-0.0686,7821
-0.149,8876
-0.132,10154
-0.0549,6049
-0.417,9712
0.298,2599
-0.00351,5469
0.281,417
-0.144,10674
-0.154,7004
-0.0154,6155
-0.634,7601
-0.0676,6501
-0.131,8299
-0.181,8357
-0.162,8707
-0.144,8363
-0.284,9232
-0.459,10952
0.436,25
-0.0874,8155
-0.24,10742
-0.1,7241
0.124,2785
-0.0629,7271
-0.121,10180
-0.0346,6103
-0.028,6156
-0.343,9865
-0.4,9739
0.0755,2764
-0.0387,6701
0.102,2063
0.158,1657
-0.154,8816
0.09,3229
-0.154,7161
0.0144,4550
-0.0825,7417
0.27,762
0.0107,4697
-0.205,7956
-0.31,7988
0.133,2144
0.0178,4772
-0.193,9512
-0.333,10129
0.259,894
-0.0916,7262
-0.155,9834
-0.368,10813
0.0335,4527
-0.15,9072
0.368,1552
0.0847,3415
0.0923,2142
0.0105,4908
-0.00855,5115
-0.0459,7289
-0.152,7713
0.242,1594
0.138,989
0.0323,4063
0.207,1990
0.152,2146
0.105,3615
0.0598,4130
-0.0607,6593
0.256,668
0.478,87
0.14,2677
-0.0358,5545
-0.399,9955
-0.333,10254
0.0842,1441
0.251,2270
-0.0746,7680
0.267,1823
0.018,4939
-0.139,9509
-0.0432,6568
-0.224,8347
0.159,2624
-0.252,5396
0.117,3586
0.169,1317
-0.16,9799
-0.017,5523
0.0723,4077
0.45,619
0.463,654
0.0486,3975
-0.209,10587
-0.0921,7557
0.557,787
0.0327,4618
0.119,2243
0.119,2177
-0.0221,6714
-0.572,8050
0.571,320
-0.126,9906
0.102,1460
0.121,1883
0.157,1287
0.348,525
0.299,1012
-0.0952,7476
-0.0862,6884
0.162,1413
-0.00812,5706
-0.235,10109
-0.203,7948
0.232,2351
0.243,1031
-0.243,10742
-0.00816,5629
0.17,2691
0.22,961
-0.411,10198
0.127,3491
0.0277,4536
-0.0948,7894
0.209,2706
-0.318,9384
0.128,2820
0.0232,4279
0.0268,4768
-0.169,8950
0.124,3857
0.00213,5346
-0.0358,6373
-0.322,9860
0.0332,4799
-0.12,7351
0.872,25
0.37,972
0.138,890
0.0925,2371
0.000463,5386
0.00887,5169
-0.278,10767
0.124,3352
0.132,2898
-0.283,8931
-0.173,10483
0.0159,4924
0.135,1993
0.151,3287
-0.0304,6567
-0.0696,6542
-0.0927,7741
0.557,634
0.11,2614
0.203,2931
-0.152,7058
-0.0544,5883
0.0903,2439
-0.0694,8109
0.0391,3744
-0.2,7844
0.6,936
-0.0799,7289
0.192,1819
0.115,2795
-0.0189,5683
0.212,782
0.229,2034
-0.108,7063
-0.0672,8840
0.00793,4892
-0.0481,6097
0.135,2131
-0.291,7553
-0.121,7385
0.0876,2107
-0.176,8625
-0.168,8519
-0.013,5237
0.276,1057
0.147,2983
0.074,4152
-0.335,9812
0.112,3007
-0.219,9622
-0.0946,9117
0.00695,5313
0.0261,4756
-0.17,9467
-0.202,9498
-0.131,8429
-0.0304,4996
0.102,1734
0.118,2713
-0.21,10004
-0.00615,5444
-0.177,8581
0.46,24
-0.265,8117
0.192,742
0.0204,4952
0.0815,3173
-0.0286,5887
0.203,893
0.0253,4785
0.156,1285
0.258,766
-0.0689,6962
0.64,5
-0.512,9947
-0.154,8038
-0.0391,6830
-0.201,9390
0.0221,4765
0.0771,3452
-0.124,8353
-0.0424,6660
-0.0752,7318
-0.106,9043
-0.246,10218
0.312,2433
0.00389,5131
0.183,1230
-0.0752,8700
-0.126,8862
0.22,750
-0.0131,5558
-0.0938,8211
0.0318,4471
-0.188,9848
-0.055,7182
-0.156,7213
-0.269,9972
-0.0773,7632
-0.0461,6092
0.00102,5418
0.171,2036
0.378,142
-0.302,7651
-0.0487,6315
-0.102,7956
-0.28,9125
0.0169,4770
-0.0277,6245
-0.455,10683
-0.101,7272
0.226,1800
0.059,3392
0.00533,5230
-0.371,10421
-0.0205,5744
0.0807,3426
0.0992,2483
0.0167,4667
-0.173,10664
-0.0882,6717
-0.234,10270
1.03,661
0.0228,4502
-0.0602,6814
-0.0173,5913
0.114,3456
0.613,8
0.0527,3806
-0.0267,5971
0.134,1131
0.0223,4727
-0.268,9126
0.163,2855
-0.473,10844
-0.188,9724
-0.0971,9103
0.273,322
0.0773,3483
0.325,529
-0.174,8522
-0.111,7275
0.0235,4653
0.00203,5235
0.3,976
0.389,1880
0.154,1197
-0.0307,6672
-0.113,8266
0.321,1881
0.0565,3177
0.0637,2602
-0.149,8728
0.00757,5105
-0.0577,7014
-0.0349,6865
-0.0288,6774
0.0451,3769
-0.105,7810
-0.084,7842
0.219,1489
0.113,3005
-0.183,10451
-0.255,9710
0.0536,3619
-0.162,7601
-0.196,7018
0.462,1632
0.106,3738
-0.0621,7033
-0.112,6575
-0.141,8632
-0.0469,7296
-0.243,10441
0.0682,3804
0.0902,2619
-0.0666,6968
-0.118,6147
0.0776,2296
-0.218,10076
0.232,1259
-0.364,10462
0.207,2678
0.00968,5273
0.0219,4419
0.081,3334
0.0331,4366
0.0263,4645
-0.177,9726
0.301,1039
0.0431,3325
-0.0545,7661
-0.254,9164
0.114,3093
-0.42,10752
0.174,1632
0.0547,3526
-0.0671,7334
-0.0905,7386
0.0689,3687
-0.467,9354
-0.233,10003
0.0365,3976
-0.0564,6743
-0.203,9550
-0.00929,5510
0.0934,3357
-0.104,6863
0.0816,3427
-0.101,8890
-0.116,7626
0.138,3272
0.977,249
-0.173,9656
-0.0135,5684
0.0211,4832
-0.0447,6089
-0.068,6887
0.111,2943
-0.311,8059
0.477,332
0.0922,2608
-0.0234,5895
-0.0698,7246
0.293,470
0.0212,4560
-0.0439,6817
-0.144,8150
0.372,494
-0.232,7933
-0.0285,6555
-0.0768,8873
-0.196,10203
0.0558,3488
-0.0357,6503
-0.0359,6162
-0.0717,6716
0.0593,3518
0.116,2073
-0.257,8837
1.12,903
0.41,560
0.0758,2383
0.363,306
-0.0872,9122
0.0339,4797
-0.266,9888
-0.121,8517
0.0602,2460
-0.102,3772
-0.144,7224
-0.0385,5843
0.00853,5146
0.168,938
-0.0287,6212
-0.0495,6358
0.0712,4000
-0.228,6474
-0.144,9491
0.0161,4721
0.00708,5144
0.063,3630
0.215,1720
0.0436,3636
-0.233,9166
0.0846,2521
-0.12,9761
1.22,3
-0.122,9578
-0.476,9124
0.134,2217
0.459,100
0.371,599
-0.129,7509
-0.0318,5854
-0.215,10007
0.244,2633
0.42,227
0.194,2727
0.202,1915
0.0405,4220
-0.0584,5923
0.075,3342
0.0643,4043
-0.0276,6468
0.12,2029
-0.347,10165
0.123,3332
-0.174,9113
-0.233,10618
-0.136,9649
-0.141,6340
0.446,433
-0.0521,6643
-0.00645,5350
-0.236,9852
0.0558,3674
-0.0254,5838
0.17,2985
-0.0544,5951
-0.0832,7161
0.0701,1374
-0.122,8624
-0.243,10586
0.238,1673
-0.0248,5717
0.125,2831
0.146,2384
0.00749,5020
-0.211,9402
0.0489,4248
-0.0387,6040
0.0738,3923
0.251,263
-0.25,10339
-0.158,8879
0.13,1790
-0.196,9506
0.175,1325
-0.198,10767
-0.189,10490
-0.0292,6212
-0.205,9292
-0.36,10534
0.25,2875
-0.0302,6655
-0.295,10842
-0.212,8914
0.121,2981
-0.279,8181
0.257,1193
-0.0299,7148
0.166,2809
0.0757,3218
-0.00196,5705
0.256,1110
-0.212,9156
-0.0472,6874
0.0183,4592
0.313,1812
-0.0682,6980
-0.191,8389
-0.239,9904
0.0808,3055
0.071,3349
-0.00879,5571
0.137,1070
0.056,3374
-0.109,8921
-0.0529,7699
-0.118,9218
0.119,3280
0.449,1391
0.276,1515
0.333,1101
-0.249,10775
0.288,291
-0.219,10726
-0.439,10891
-0.23,9513
0.0061,5173
0.117,1369
0.0157,4940
-0.201,9537
-0.27,10174
-0.19,8736
0.497,664
0.611,35
0.0326,4359
-0.0527,5936
-0.0616,6320
0.301,1806
-0.0983,8364
-0.162,9543
-0.197,10812
-0.0617,6417
0.179,1821
0.0455,4240
-0.221,10676
0.036,3994
0.0231,4585
0.0775,3498
0.313,788
-0.118,6726
0.0217,4481
-0.049,7665
0.282,532
-0.0752,8326
-0.0784,7614
0.231,1420
0.357,1034
-0.182,8545
0.0391,4234
-0.0108,5642
0.0395,4586
0.134,2735
0.0792,3562
0.683,268
0.0439,3360
0.397,650
0.225,1891
-0.0694,7351
-0.108,7444
0.12,3819
-0.117,9492
0.0552,2984
0.0124,5267
-0.241,10226
-0.0588,6888
0.135,1812
-0.0226,6268
0.00688,5235
-0.355,10263
0.599,95
-0.0657,5732
0.155,1858
0.097,2842
-0.185,10123
-0.114,8813
-0.0913,8080
0.0116,5252
-0.285,8974
-0.0715,6480
0.251,1378
0.0788,3175
0.0177,4798
0.267,1634
0.0893,4227
0.127,2231
0.233,200
0.0828,2871
0.0317,4350
-0.105,7731
-0.000724,5359
-0.444,10473
-0.108,9007
-0.161,9735
-0.162,9516
0.0368,4469
0.00311,5071
0.0503,2344
0.0515,4064
0.164,768
-0.0969,7669
0.203,885
-0.0513,6480
0.219,2817
-0.111,9259
-0.0589,7251
-0.056,7791
-0.216,8601
-0.0944,6854
-0.162,7525
0.171,2069
0.3,117
-0.0282,6032
-0.147,8746
-0.139,8613
-0.00911,5272
-0.0944,7619
-0.11,8602
-0.241,9865
0.0674,3947
0.275,551
0.207,2909
0.0427,3815
0.0563,3219
-0.349,10015
0.0285,4694
-0.344,8564
0.174,3389
0.119,1696
0.0585,3777
-0.0328,6006
0.445,145
-0.0689,6611
-0.467,10474
0.0318,4068
0.261,760
-0.0334,6555
-0.306,9971
0.0331,4244
0.495,1159
-0.0989,9694
0.286,178
-0.113,7145
-0.115,8142
-0.0984,8263
0.0789,4022
0.0319,3780
-0.0195,6686
-0.173,8345
0.17,886
0.00865,5100
-0.0821,6822
0.0221,4675
0.107,3505
-0.188,8386
0.146,2774
-0.156,7070
0.132,2315
-0.134,9275
0.0844,2397
-0.293,6643
0.121,3339
-0.151,7517
0.0991,1770
0.126,629
0.075,2857
0.34,251
-0.265,9684
-0.413,10041
-0.159,8247
0.0441,3916
-0.0573,6378
0.241,2284
-0.161,8385
-0.436,10400
0.173,2144
0.0842,3380
-0.0891,10344
0.205,2094
-0.345,7639
-0.0601,6893
-0.179,9546
-0.0692,7938
0.019,4924
-0.218,6613
0.0187,4852
0.171,2340
0.325,1131
-0.00373,5508
0.0534,3290
-0.000406,5185
0.135,1876
-0.291,10236
0.00413,4983
-0.0715,8414
0.123,2559
-0.152,8069
0.1,3519
0.0374,4401
-0.0542,5832
0.0635,4302
-0.089,9389
0.0607,4048
0.185,1746
0.0367,4200
-0.235,9050
-0.124,8053
-0.0908,7189
-0.125,6787
-0.0702,7284
0.0179,4896
-0.0384,6560
0.155,1518
-0.101,8772
0.108,3566
-0.0541,6483
-0.309,10564
-0.0551,6010
0.061,3908
-0.0842,7683
0.332,684
-0.0897,7151
-0.216,7084
0.286,2131
-0.252,10301
-0.154,7717
0.0454,4110
0.0818,2865
0.109,3065
0.141,2618
-0.143,9631
-0.00875,5567
0.238,1044
-0.238,10101
-0.182,8913
-0.0368,5909
-0.081,8175
-0.0674,6812
0.641,162
-0.0924,8116
-0.211,10123
-0.0791,6731
-0.0717,9561
0.0292,4664
0.138,2797
-0.176,8962
-0.234,9447
-0.738,10945
0.0787,3204
-0.149,10392
-0.128,8556
0.131,1418
0.129,3107
0.0565,3784
-0.0804,7215
0.219,1231
0.191,1520
0.0347,4247
-0.223,8121
0.212,1889
-0.0473,6032
0.463,81
-0.0804,7031
0.343,828
-0.142,8921
0.119,2228
0.246,233
0.0441,3784
0.338,1147
-0.323,9927
-0.0452,6157
0.00811,5038
0.0201,4900
-0.0502,7915
-0.153,9110
0.0762,3192
0.204,2819
0.194,1892
-0.13,9098
-0.201,9566
-0.173,9101
-0.11,7715
0.348,1212
0.209,1036
0.0402,4123
-0.0155,6332
0.117,3448
0.0413,4469
-0.338,10491
-0.355,9625
0.331,824
-0.0547,6773
-0.314,10938
-0.0161,5145
-0.324,9760
0.0479,4176
0.0305,4429
0.0657,3903
-0.101,7390
-0.0747,7683
-0.0328,6142
-0.199,9688
-0.125,9167
-0.117,10103
-0.213,9126
-0.0498,6351
-0.173,7517
-0.475,10677
0.088,2483
-0.186,9301
0.182,1082
-0.121,8135
-0.0678,8062
-0.362,10482
0.225,1193
0.181,2219
0.0465,4281
-0.0248,6314
0.11,2732
-0.207,8158
0.178,1468
-0.00986,5172
-0.161,9154
0.047,3790
-0.0251,6026
0.283,1192
-0.123,8654
0.0161,4443
-0.0897,8282
-0.0268,5604
0.13,3368
0.00257,5482
-0.0278,6861
-0.0375,6164
0.0844,3344
-0.0434,6542
-0.0594,6027
-0.121,7367
0.063,2862
-0.143,9811
-0.046,6021
0.0214,4728
-0.152,8438
-0.137,9456
-0.0167,6585
0.0735,2016
-0.149,5733
-0.479,8840
-0.135,10175
-0.266,10647
0.161,974
-0.354,10936
0.322,2511
0.0766,4037
0.0685,3902
0.0421,4434
0.0751,2662
0.716,3
0.157,2239
-0.0737,6254
-0.409,9948
0.126,2089
-0.109,7763
-0.151,8969
-0.0499,7805
-0.305,10357
-0.273,10375
0.0616,3930
-0.048,7525
0.443,223
-0.284,10735
0.104,3693
0.166,3299
-0.00873,5991
0.125,2562
-0.179,10009
-0.192,9971
-0.113,7947
-0.102,8076
-0.00443,5696
0.654,143
0.166,1835
0.0994,2436
0.0918,4032
0.172,2436
0.00783,5065
0.125,1972
-0.254,9565
-0.25,9741
0.254,774
0.101,2502
0.0814,3046
0.0127,4802
0.252,1978
-0.141,7925
0.324,1374
0.0945,2775
-0.163,10918
-0.105,8207
0.0613,3826
-0.125,9756
0.256,329
-0.04,6104
-0.151,9414
0.228,1320
0.28,774
-0.0477,6247
0.00161,5190
-0.161,9457
-0.34,9947
-0.21,9842
0.0861,2213
-0.107,8118
0.17,1838
-0.0967,6621
-0.131,9407
-0.255,7920
-0.189,10242
0.0237,4878
0.0233,4959
-0.198,8874
-0.087,7768
0.0467,3778
-0.108,8605
-0.369,9918
0.458,1269
-0.117,6583
0.0166,4730
-0.055,6957
-0.144,8240
0.129,2585
0.00799,5180
-0.314,10122
0.0103,5068
0.176,2260
-0.0619,6276
0.202,385
-0.242,9973
0.0139,4952
0.0272,4658
0.0132,4721
-0.036,6005
-0.165,8976
-0.417,9831
-0.0509,6519
-0.0498,7355
0.375,305
0.142,2233
0.198,2378
-0.354,8186
0.209,3197
-0.141,10412
-0.107,6498
-0.174,9052
-0.144,8543
-0.127,7575
-0.0533,4330
-0.045,6933
-0.0851,5927
-0.38,10334
-0.0765,7339
-0.21,8582
0.121,3221
0.203,563
0.0928,3467
-0.0416,6598
0.188,2198
-0.0738,7229
-0.0741,7703
-0.137,10574
-0.229,10491
-0.204,8634
-0.225,9923
0.329,953
-0.128,6673
-0.296,10766
0.269,669
0.138,2084
0.369,483
0.175,1772
-0.165,8894
-0.104,9531
-0.133,8673
0.094,3013
0.0269,4562
-0.387,10484
-0.0782,6781
-0.0495,6912
-0.178,10013
0.111,2567
0.14,2083
-0.157,9202
0.588,757
0.184,633
-0.0498,7620
0.0459,3885
-0.215,9044
-0.0493,6150
0.417,534
-0.211,10249
-0.105,8591
-0.0342,6115
-0.248,9017
-0.0878,7525
-0.0341,5933
-0.107,8180
0.062,2793
-0.0303,5700
-0.215,8942
0.208,2832
-0.0206,5610
-0.111,9318
-0.248,10198
-0.247,8729
0.0817,3095
-0.0404,6134
0.179,1157
0.0861,2882
0.206,476
0.0998,3033
-0.198,9353
0.0761,3995
-0.161,8538
-0.0183,5583
-0.088,8502
0.0713,2591
0.287,303
0.182,2541
0.193,620
-0.456,10668
-0.188,10051
0.0334,4046
0.154,2607
-0.115,9715
-0.195,9639
0.214,943
0.187,1107
0.298,1432
-0.174,9960
0.931,84
-0.0969,7069
-0.042,7256
0.12,1483
-0.0592,7258
0.104,2750
0.00195,5229
0.311,1544
0.099,2749
-0.0929,8482
-0.176,8637
0.109,3054
-0.136,8720
0.0533,4113
0.124,2580
0.113,1280
-0.0883,7946
0.0644,3734
0.239,2490
-0.135,9216
-0.0223,6111
-0.0686,6940
0.0196,4701
0.0332,4349
-0.167,8242
0.432,135
0.306,216
-0.0145,6153
-0.0149,5885
-0.0396,7049
0.21,1697
0.134,2674
-0.0597,7285
-0.0454,8075
-0.0581,6308
-0.121,7912
-0.205,8543
0.684,1248
0.00745,5164
0.0802,3307
0.167,2639
0.135,870
0.239,656
0.0723,3379
-0.252,9925
-0.0365,6594
0.193,2189
-0.212,10239
-0.156,8399
-0.708,8978
0.555,467
0.0325,4551
0.204,2033
0.0029,5206
-0.00606,5154
-0.0879,6949
0.0533,3891
-0.108,9415
-0.255,9558
0.0412,4513
-0.031,5978
0.0413,4447
-0.0201,6223
-0.205,10366
-0.0701,7607
-0.0197,5213
-0.0944,7227
0.619,863
0.0433,3983
-0.0131,5850
-0.143,6955
0.413,344
0.359,1168
-0.201,8067
-0.146,8913
-0.2,10725
0.00477,4942
-0.0423,6782
0.0574,4132
0.289,1857
0.259,759
-0.327,9968
0.127,3402
-0.0805,7023
-0.119,7394
-0.279,10655
-0.0456,6508
-0.0474,7419
-0.172,9455
0.0296,4434
-0.0804,7558
-0.161,7868
0.0137,4865
-0.00205,5657
0.163,1452
0.0419,4297
-0.128,7777
0.0102,4741
-0.0311,7301
-0.121,9184
-0.321,10604
0.0893,3138
-0.0838,7038
-0.314,10228
-0.101,8551
0.0396,4031
-0.0892,7396
0.12,1281
-0.1,7483
-0.0683,7315
-0.0793,7873
0.177,1342
0.0751,3644
0.103,3582
-0.00356,5263
-0.0158,6132
-0.182,10411
-0.1,7133
-0.281,8382
0.406,505
-0.461,10472
-0.0677,5625
-0.0963,8480
0.136,1718
-0.036,6162
0.0465,4459
0.437,2058
-0.323,10714
-0.159,8161
-0.199,10132
-0.136,9148
-0.082,7449
0.426,1126
-0.0207,6331
0.0354,4252
0.0409,3919
-0.0889,8406
0.48,314
-0.166,7571
0.392,1117
-0.113,9285
-0.0773,7487
-0.268,9241
-0.059,6415
0.0233,4678
-0.22,10097
-0.108,7210
-0.027,6672
0.0341,4362
0.236,1068
0.185,2219
-0.0518,6196
-0.00378,5389
0.0325,4177
0.182,2286
-0.147,8860
0.0683,2332
0.0638,4222
-0.12,8976
0.0199,4625
0.243,783
-0.183,7824
-0.153,7344
0.0753,2733
-0.208,10520
0.0309,4175
-0.109,9640
-0.114,8654
-0.244,10582
-0.489,9912
-0.0509,6313
-0.16,9625
-0.16,8803
0.158,866
-0.115,8501
-0.00929,5797
-0.0582,9242
-0.126,9362
-0.0917,7506
-0.0355,6345
0.0145,5160
0.329,1428
-0.187,9226
-0.151,9653
-0.135,7639
0.0845,3686
0.00412,5286
-0.316,8614
-0.249,8851
0.0221,4530
0.0874,2745
-0.0147,5603
0.0697,3760
-0.245,8549
-0.0464,7803
-0.28,10680
-0.0509,7134
-0.0818,6652
-0.111,7687
0.586,359
0.0107,5045
0.167,1142
-4.68e-17,6408
