coef,rank
0.0424,4506
-0.138,8442
-0.107,8955
0.076,3978
0.0421,3951
-0.228,6691
1.29,63
0.00548,5246
-0.097,8433
-0.0319,5736
0.392,322
-0.0994,7083
0.0372,4106
-0.134,9880
-0.164,9707
-0.272,10320
-0.154,6768
-0.2,7046
0.0391,3766
0.0292,4043
-0.0354,6311
-0.000748,5281
-0.149,7146
0.396,1148
-0.241,10454
-0.153,8449
-0.261,9261
-0.0393,5869
0.147,1151
-0.0279,4784
-0.0113,5572
0.292,223
0.0835,3697
-0.224,7904
-0.198,9181
-0.102,7115
0.245,679
0.00198,5197
-0.0712,7216
-0.101,6711
-0.15,8481
-0.217,9390
-0.251,10835
-0.0331,7355
0.0248,4703
0.194,1127
0.241,1524
-0.224,8489
-0.0551,8022
0.0997,1175
-0.165,8409
-0.189,10061
0.0166,4895
-0.0362,5999
-0.148,8133
0.117,1389
-0.091,7734
0.15,2833
-0.108,6534
-0.088,6669
0.0817,2069
-0.0451,7215
0.0146,4969
-0.00924,5317
-0.163,10355
-0.148,10520
0.284,536
-0.194,10680
0.264,513
-0.0534,7206
0.646,7
-0.421,9251
-0.136,9135
-0.17,9759
0.0571,4049
0.013,4927
0.718,310
0.15,1425
0.0401,4143
-0.21,10554
-0.0642,7559
-0.119,8377
-0.0359,5665
0.0826,3964
0.132,1362
-0.0943,8399
0.203,1333
0.0856,3945
-0.0981,7389
-0.073,6263
-0.114,9513
-0.0369,7258
0.158,2273
-0.0862,7143
-0.0292,5582
-0.085,6750
-0.273,9904
0.106,2095
-0.295,9313
-0.158,10500
-0.0725,7075
-0.0955,7439
-0.14,9575
-0.16,9842
-0.214,10316
-0.142,8405
0.0616,4179
-0.146,7923
-0.117,7708
0.602,15
-0.264,10043
0.0944,2977
-0.278,7463
0.273,1547
0.219,449
-0.0483,7705
0.459,380
-0.054,7072
-0.141,10018
-0.0883,7244
-0.175,9420
0.115,1474
-0.0113,5837
-0.12,9453
-0.286,9544
-0.272,8203
0.182,595
-0.14,8373
-0.0542,6556
-0.153,8678
-0.196,9085
0.159,2476
0.0885,2538
-0.102,8414
0.623,161
-0.0626,7507
-0.27,5972
-0.221,7891
0.0401,3784
0.168,1221
0.172,2911
0.0216,4707
0.0179,4893
0.0728,3791
0.522,40
-0.0277,6404
-0.269,9457
-0.267,10356
-0.18,10425
-0.297,9795
0.085,2833
0.151,1044
-0.887,8899
-0.0151,5405
0.205,2944
-0.262,10176
0.102,2402
0.161,1875
0.702,122
-0.0569,6819
-0.0199,5946
-0.132,9128
0.218,1396
-0.159,10794
-0.111,7994
0.329,492
0.0476,3729
0.0172,4669
-0.0598,6850
-0.109,9008
0.114,2935
-0.36,9867
-0.0486,6939
-0.248,10900
0.0482,2646
0.0786,2869
0.102,2154
-0.186,9021
-0.157,6953
-0.197,10892
-0.158,9745
0.0197,4970
-0.0134,5681
0.3,487
0.0417,3518
-0.184,10991
-0.0878,8301
-0.0654,7347
-0.193,8815
-0.0565,7177
-0.227,7247
0.0168,4779
-0.126,9288
-0.000362,5614
-0.103,8487
-0.0381,6038
-0.266,8774
-0.11,8630
-0.0563,6462
0.0277,4661
-0.0595,7720
-0.214,9135
-0.0978,7829
-0.0104,5462
0.105,1636
0.17,1513
-0.27,10318
-0.254,8173
0.0287,4689
0.327,710
0.225,570
-0.0395,7016
-0.11,8377
0.171,2358
0.053,4296
-0.228,9510
-0.0555,8603
0.172,1071
0.329,412
-0.162,8919
0.0955,3500
0.404,820
-0.155,8786
-0.101,9029
-0.00856,5666
0.693,50
-0.0757,6347
0.000555,5541
-0.0372,6755
-0.0565,7836
-0.0433,7300
-0.0823,7183
0.204,1625
0.0588,4129
-0.0599,6258
-0.113,10279
0.344,389
-0.0682,6670
-0.148,7501
-0.066,6468
0.0713,3790
-0.689,9502
-0.298,9050
0.208,982
-0.06,6667
-0.154,8765
-0.0895,8419
0.403,204
0.114,3094
0.131,2221
1.59,424
-0.158,7821
-0.193,10637
-0.0548,7786
-0.191,8026
0.256,2334
0.0864,3934
0.379,1838
-0.0725,7477
0.212,724
-0.0834,7850
-0.0185,6007
-0.247,10154
0.185,1860
-0.199,10131
-0.00458,5371
0.0998,3536
0.143,2137
-0.0686,7320
0.382,760
0.276,724
0.0731,2184
0.202,1001
0.3,580
-0.301,10310
-0.197,9828
-0.0251,5842
-0.203,8857
-0.212,9732
-0.245,10025
-0.209,9214
-0.22,10326
0.0434,4031
0.0676,4262
0.0843,3471
0.288,1283
0.0994,3298
-0.235,10235
-0.047,7609
-0.269,10641
-0.207,9237
-0.195,8671
0.0212,4895
0.687,34
0.208,333
0.0115,4991
-0.296,9308
0.0296,4353
-0.245,9047
-0.275,9171
-0.00261,5355
-0.129,9130
0.0895,2954
0.255,1107
0.112,2829
0.117,3335
0.0518,2908
0.0616,3848
0.0509,3827
-0.0324,5682
0.403,873
-0.121,8878
-0.16,10329
0.486,20
0.258,714
0.161,3268
0.0575,4420
-0.0146,5749
-0.236,9076
0.572,312
-0.0317,5880
-0.101,8015
-0.255,9356
0.713,682
0.0605,3033
-0.0743,7445
-0.0472,6755
0.0873,2991
-0.0907,8857
-0.366,9897
0.108,1601
0.0807,2912
0.0522,4342
0.143,2817
0.0639,3511
0.397,1384
0.0809,2699
0.156,1038
0.293,158
0.0112,4976
-0.195,9952
-0.319,10227
0.0029,5240
-0.528,10770
-0.416,10345
-0.00541,5604
-0.0224,6386
-0.0178,5510
-0.0911,8155
0.276,609
-0.0587,4843
-0.821,10893
3.91,71
-0.0411,4626
0.384,1469
-0.167,6209
0.000968,5333
0.146,2665
0.0668,3714
-0.198,9609
-0.185,10852
0.11,848
0.0234,4251
0.313,919
0.112,2996
0.324,1033
-0.0837,7608
0.0483,3361
-0.196,7146
0.0591,4054
0.0556,4109
-0.0156,5607
-0.111,7239
0.0726,2934
-0.0504,6628
0.233,1869
0.434,591
-0.396,9264
0.0959,3359
-0.131,9484
0.45,631
0.147,533
0.0604,4020
-0.324,8789
0.0944,2717
0.126,2083
-0.0487,6653
-0.0607,6616
-0.068,5462
-0.224,9410
0.099,2232
-0.255,10660
0.0258,4857
-0.0911,6438
-0.115,8060
-0.0111,5105
-0.254,10278
-0.101,8727
-0.499,10450
0.026,4601
0.26,1140
-0.0457,6497
-0.183,9705
-0.111,8557
0.131,2676
0.278,1112
-0.128,7824
-0.183,6972
0.0283,2856
0.0483,3709
0.0252,4683
-0.137,7775
0.231,1538
-0.311,10387
0.133,1428
-0.2,11027
-0.00907,6732
0.239,1015
-0.202,7746
-0.343,10871
-0.223,8024
-0.00522,5584
-0.187,8695
0.451,244
0.0133,4795
-0.0343,5355
-0.065,6773
0.0864,2579
0.124,2331
0.168,2585
0.018,4802
0.315,549
0.00467,4871
0.0564,3705
0.416,253
0.0658,3684
0.0219,4874
-0.0368,6550
0.454,502
0.251,350
0.0621,2858
-0.364,6680
0.726,334
0.222,1764
0.333,1738
-0.152,9950
0.105,3407
-0.0843,6945
0.172,3203
-0.0885,6779
1.08,22
-0.0186,6043
-0.125,6844
0.174,2869
-0.0951,7859
0.33,1462
0.0562,4009
-0.0912,9176
-0.000634,5437
-0.15,8524
0.241,1315
-0.184,9702
-0.26,10732
0.0938,2261
0.111,3431
-0.109,7410
-0.367,10374
-0.127,8563
0.282,1359
-0.247,10396
0.00586,5255
0.0943,3448
0.159,2194
0.103,2229
-0.13,8601
-0.0569,6670
0.261,847
-0.0136,5473
-0.0217,5800
-0.0899,7801
0.0301,4672
0.0649,3073
-0.0212,5221
0.0344,4203
-0.188,8896
-0.0466,5932
-0.0913,7892
0.0773,3011
-0.0226,6199
-0.012,5536
0.355,71
-0.192,9733
-0.193,9897
0.142,13
0.0476,4258
-0.000302,5428
-0.0791,6087
-0.308,8759
0.0439,4128
0.154,1460
0.283,130
0.0847,3253
-0.0344,5916
0.15,3686
0.11,2605
0.0706,2101
-0.0123,5692
0.549,675
0.47,112
0.192,2994
-0.202,9038
-0.224,8705
0.0601,3208
0.164,3397
0.0825,4163
-0.0682,6086
0.204,2869
0.152,756
0.0684,3059
0.06,3470
0.000512,5047
-0.178,7987
-0.0525,6412
-0.0513,7037
0.0412,4389
0.0382,4553
-0.281,9465
-0.422,10594
-0.0542,5178
-0.00548,5468
-0.0354,6496
-0.196,9251
0.359,411
-0.0516,6629
-0.182,8337
-0.0283,6153
-0.063,8429
-0.372,7709
-0.021,4841
-0.106,5823
-0.431,8465
0.071,3186
-0.0234,5695
0.0215,4629
-0.177,8918
0.112,3075
0.177,1662
-0.169,9647
-0.0509,6489
0.0233,4860
-0.0485,6632
-0.346,8906
0.405,2318
-0.088,7853
-0.124,7822
0.254,1027
0.153,1947
-0.0651,6796
0.48,101
-0.0533,6707
-0.225,9390
0.466,53
0.0112,4860
0.0949,3254
0.0548,4171
-0.125,9266
0.0358,4209
0.112,2673
0.117,2374
-0.217,8833
0.0744,2712
0.0951,2736
0.0783,3934
-0.216,9857
0.0585,4042
0.054,3954
0.111,3080
-0.227,10398
-0.127,9884
-0.2,7594
0.436,62
0.151,2398
-0.14,6302
0.168,1312
0.15,1771
0.437,788
-0.0269,6368
0.116,1879
-0.000803,5261
-0.0922,8311
-0.101,8426
-0.198,10073
-0.0138,5733
-0.38,10088
-0.15,7460
0.0959,1276
0.222,1479
0.0489,4317
0.494,42
-0.28,10135
-0.166,9527
0.253,705
-0.0342,6381
-0.165,8412
-0.0882,6562
0.067,3776
0.188,2575
0.0538,3609
-0.023,6265
0.106,3511
-0.00302,5487
-0.00826,5195
-0.0455,4979
0.163,1496
0.0529,3902
-0.0303,6030
-0.0932,7726
0.284,1440
0.0182,4941
0.0543,3761
0.139,1391
0.0109,4846
-0.0104,5776
0.188,1475
-0.061,6974
0.00883,4935
-0.0842,6718
0.179,576
0.0836,3946
-0.0987,5627
0.174,1225
0.308,20
-0.123,10135
-0.0333,6753
-0.0516,6419
-0.0467,6169
0.154,900
0.00472,5139
-0.153,9630
0.209,1847
-0.0288,5893
-0.0603,6132
-0.0623,6773
0.111,2889
0.118,3297
0.185,1559
-0.348,10094
0.329,204
0.0542,3407
-9.98e-05,5203
0.209,2760
-0.125,9518
-0.28,9036
-0.26,9453
-0.0584,8121
0.245,2791
-0.698,9988
-0.323,5735
-0.0144,5214
0.522,1388
0.904,27
0.13,3057
-0.0959,8557
-0.133,9020
-0.0492,7319
-0.0938,10036
-0.188,8954
-0.493,10641
0.323,1758
-0.0158,6040
0.0048,5141
-0.0466,7052
-0.0794,6865
-0.0813,7557
-0.0234,5632
0.124,1762
-0.0764,7484
0.16,2125
0.00934,4607
0.656,70
-0.134,8354
-0.119,7465
0.0603,3361
0.0834,2945
0.0188,4810
-0.0545,7404
-0.216,9363
-0.00194,5468
0.128,1895
-0.0696,6442
0.122,2939
-0.306,8136
-0.106,7851
0.02,4884
-0.331,10910
0.153,1671
-0.123,7466
-0.145,8148
0.0108,5032
0.533,356
-0.0468,6111
0.176,1400
0.0378,4568
0.492,1442
-0.101,7056
0.313,872
-0.193,9768
0.23,863
-0.0193,6080
-0.00676,5313
-0.339,8465
-0.459,6677
0.0164,4926
0.0159,4646
-0.00835,5812
-0.0228,5889
0.064,2386
0.24,2356
-0.0943,7675
0.0347,4382
0.116,3475
0.375,686
0.00591,4876
0.24,1412
-0.146,8447
-0.027,6404
0.542,332
-0.296,9598
1.14,393
0.255,2020
0.134,1192
0.0477,4587
-0.122,7859
0.192,1179
0.305,410
-0.143,6928
0.0852,3334
0.0232,4782
-0.0348,6324
0.0564,3542
-0.173,6678
-0.208,6212
0.0171,4917
0.104,1909
0.0844,2922
-0.0938,7814
0.0673,3764
-0.317,9841
-0.0446,6956
-0.201,10007
-0.0164,5493
-0.288,9243
-0.0955,7777
-0.0442,6996
-0.0412,6944
0.0484,3175
0.0611,3512
-0.28,9657
0.00659,5262
-0.277,10465
-0.0183,5697
-0.0205,6093
0.0189,4847
0.0794,3514
0.0136,5077
-0.0538,5794
-0.13,8477
-0.205,9213
0.0306,4396
0.0292,4756
-0.172,8035
0.0278,4531
0.062,3193
0.416,964
0.204,2828
0.0326,4766
0.0487,4322
0.456,320
0.07,3291
-0.0146,5639
-0.209,8664
-0.0366,6929
0.172,3453
0.116,3878
0.268,931
-0.0528,7861
0.127,2757
-0.3,10114
-0.0971,8019
-0.378,10262
-0.0532,7088
-0.189,10123
0.0462,1673
0.0356,763
0.00192,5141
-0.0594,10981
-0.0182,8710
-1.15,9717
-0.0227,5840
-0.257,6975
-1.22,10905
-0.367,6449
0.313,482
-0.204,9194
-0.212,6875
-0.129,7823
-0.474,9987
0.271,348
0.406,541
-0.102,4675
-0.121,8480
0.0129,4903
-0.0101,5967
-0.0724,6997
0.0549,3950
0.138,3381
-0.0681,6469
-0.317,8786
0.103,3336
0.0797,3238
-0.117,7597
-0.563,8911
-0.0437,5812
0.13,2969
-0.0331,4527
0.152,2246
-0.0798,7819
-0.199,8768
0.136,2492
-0.131,9884
0.0139,4730
-0.183,8810
0.0164,4915
-0.217,10228
0.192,2828
-0.255,10221
-0.00472,5651
-0.0983,10165
0.00427,5030
-0.0853,7668
0.246,1443
-0.318,9797
-0.116,7762
-0.0107,5494
-0.024,5723
0.108,3130
-0.184,9360
0.0253,4775
-0.142,9917
0.227,913
-0.0775,7388
0.0565,3472
-0.368,10239
-0.261,8467
-0.0429,6511
-0.119,8583
-0.504,8333
-0.0244,6165
0.00464,4919
0.286,1005
-0.261,10743
0.245,1067
-0.129,7109
0.0536,3713
-0.229,8549
0.0185,4625
-0.00386,5294
-0.131,9185
0.158,1479
0.128,2405
0.129,2632
0.232,2348
0.0545,3518
-0.108,9194
0.00253,5262
-0.292,9946
-0.0583,7111
-0.22,9663
-0.0873,7874
0.243,277
-0.726,8144
-0.469,6856
0.0984,2441
-0.247,7079
-0.0329,5926
-0.0457,7454
0.121,3405
0.00918,4995
0.00319,5263
-0.195,10948
0.108,2431
-0.198,10436
-0.227,6832
-0.218,6441
-0.374,6884
0.256,1628
-0.207,9334
0.276,847
0.179,3130
-0.0459,6684
0.177,846
0.0405,4443
0.0545,3704
-0.115,8009
-0.224,9680
-0.194,9816
0.189,1568
0.309,314
0.13,2209
0.155,2742
-0.232,10526
-0.122,7371
0.151,2340
-0.13,8093
0.364,356
-0.453,10054
0.613,266
0.0966,3213
-0.126,7429
-0.0198,5808
0.00546,5246
0.18,2169
-0.149,9109
0.018,4818
0.107,2030
0.11,2095
-0.0592,8854
0.15,2492
-0.0934,7845
-0.143,8218
-0.0508,7923
-0.283,10223
0.0905,2258
-0.238,7130
-0.0954,6756
-0.194,8207
0.542,185
0.0541,2995
-0.0794,7058
0.267,2725
-0.0264,5915
-0.0122,5625
-0.173,7602
-0.0804,8127
-0.0213,5809
0.135,3360
-0.199,9449
0.486,119
0.0832,3929
0.139,740
-0.191,10234
-0.146,7469
0.0526,3940
-0.35,10259
0.234,2484
-0.249,9341
-0.299,9932
0.106,3066
0.201,1708
0.103,1960
0.218,1808
0.235,2572
-0.0726,6316
-0.28,9046
0.0729,2900
-0.109,7889
-0.11,8828
0.00903,4895
-0.137,6439
-0.199,5683
-0.152,10186
0.182,1542
-0.444,9916
0.0797,3357
0.407,1127
0.154,2058
0.0795,2843
0.074,2403
0.0033,5382
-0.0355,5940
0.0667,2980
0.0817,2736
0.063,3196
-0.103,8480
0.153,2497
0.16,1329
0.0293,4652
0.166,3085
-0.107,8114
-0.106,8379
-0.103,7983
-0.182,9062
-0.0903,7284
0.262,1530
0.143,2760
0.175,1225
0.000131,5133
0.0548,4294
-0.0881,6734
-0.0764,7332
0.0372,4313
-0.0782,6525
-0.203,8785
0.126,1961
0.441,287
-0.115,8400
0.0972,343
-0.0668,6376
-0.295,6915
-0.116,6054
-0.034,6460
-0.000778,5369
0.326,212
-0.225,9178
0.0663,3681
0.649,904
-0.0646,7680
0.121,2906
0.105,1472
-0.248,9694
0.174,2729
-0.416,8804
0.199,2568
-0.0975,6610
0.136,2115
0.481,342
0.0115,5117
-0.0437,6112
-0.0853,6433
-0.00512,5415
-0.0536,6803
-0.144,6527
0.445,198
-0.161,8504
1.14,122
-0.0683,7292
0.0286,4620
0.282,1264
0.11,2810
-0.248,9281
-0.236,8453
0.0713,3615
0.047,3987
-0.0719,7126
0.0612,3954
0.018,4600
1.11,718
-0.0525,7948
0.0489,4156
0.0333,4808
-0.221,8962
0.0762,3911
0.178,1694
-0.179,9035
-0.496,10777
0.646,103
-0.0375,6374
0.162,571
0.112,2687
0.296,130
-0.0699,7386
0.134,1588
-0.0216,6093
0.562,75
-0.0256,6146
-0.21,10849
0.0259,4448
0.0947,2629
0.0529,4046
0.0365,4332
-0.0929,6761
-0.134,9012
-0.079,8417
-0.386,8682
-0.254,9847
-0.152,8684
-0.307,9745
-0.27,10572
0.233,618
0.169,2489
-0.0395,6662
-0.115,4965
-0.074,6906
0.0311,4694
-0.191,9635
-0.00307,5436
0.173,2755
0.0394,4091
-0.294,10362
0.137,1696
-0.121,7088
-0.0349,5717
0.539,55
-0.236,10694
-0.123,9830
0.263,431
-0.388,10927
-0.361,10193
0.147,2218
-0.0723,7786
0.235,399
0.281,156
-0.0946,8571
0.0244,4615
-0.302,8308
0.0377,3757
-0.0646,7716
-0.232,9740
0.176,1090
0.126,3462
-0.276,9831
0.127,2899
-0.151,9071
-0.0553,6547
-0.099,7491
-0.204,7330
-0.325,9872
0.0718,3150
0.0343,4138
0.385,628
0.129,2459
0.448,149
-0.223,8317
0.0795,2666
0.133,1235
-0.232,9282
0.0207,4936
-0.253,9317
-0.204,7270
-0.0435,6180
-0.0261,6093
-0.0732,7918
-0.39,10748
0.00741,5006
-0.217,8233
-0.0771,9164
0.0955,3297
-0.148,8224
-0.342,8887
-0.415,8247
-0.183,9292
-0.216,10141
0.00985,4704
-0.0853,7837
0.0924,2728
-0.397,8569
-0.142,7464
-0.0595,7611
0.116,1956
-0.296,9990
0.143,2945
-0.31,10375
-0.0109,5578
-0.155,9932
0.186,1039
0.407,691
0.231,1093
-0.124,8530
0.258,2805
-0.207,9146
0.0397,4239
-0.0879,7837
0.155,1760
0.123,857
0.127,2833
0.017,4827
-0.0787,6737
0.216,1555
-0.312,10881
0.242,3146
0.0697,3902
0.154,758
0.0169,4861
0.16,1312
-0.221,9286
0.0284,4695
0.394,1205
0.0485,3920
-0.155,9832
-0.0114,5381
0.12,3028
0.178,2072
0.0875,3699
0.109,2736
-0.151,9579
-0.0197,5521
-0.159,7699
0.0823,3438
0.0988,2078
-0.123,7705
-0.154,8480
-0.0272,5671
0.104,2878
-0.112,8267
-0.0219,6711
-0.0457,6998
0.0801,3616
-0.0406,6558
-0.0717,6673
0.0484,3813
-0.0868,8239
-0.0752,8294
0.0942,2428
-0.115,6417
0.131,2579
-0.0934,8045
-0.0868,8115
-0.176,8771
0.258,2571
-0.0398,6291
-0.0592,6701
-0.361,9078
-0.151,9677
0.0342,4477
-0.165,9518
0.15,2404
0.165,2111
-0.262,10182
-0.11,7049
0.000587,5360
0.076,3148
0.334,521
0.0265,4716
1.19,29
-0.0232,5740
0.217,96
-0.112,8430
-0.0874,7651
0.0165,4623
-0.00483,5627
-0.0469,6876
0.0822,2574
-0.115,8642
-0.175,7745
-0.324,7569
-0.0932,5915
-0.00626,5380
0.0792,3312
0.536,151
-0.0158,6024
-0.132,7531
0.0333,4611
0.226,1757
-0.0381,6226
-0.0947,7946
-0.377,10052
0.335,52
0.342,1402
0.104,2113
-0.0143,6033
0.16,1356
0.19,2228
0.099,2811
0.562,447
-0.158,10794
0.2,1180
0.223,1237
-0.0121,5685
-0.144,9262
0.0117,5001
-0.116,8148
-0.16,6979
0.119,3138
0.211,1846
0.07,3977
0.898,1171
-0.0249,5888
0.257,2084
-0.306,10790
0.283,430
-0.158,8210
-0.0938,6018
0.0993,2613
0.38,365
0.196,1501
0.315,2327
-0.151,9845
0.138,2680
0.0697,2154
0.0628,3472
0.389,776
-0.179,9787
-0.146,7178
-0.174,9571
-0.00729,5860
0.506,125
-0.126,8331
0.243,1889
-0.174,9775
-0.127,9666
0.0226,4906
-0.308,10388
0.0943,2444
-0.00192,5396
-0.000235,5439
-0.287,11013
-0.174,10338
-0.18,9798
0.042,4350
-0.207,8698
-0.0263,6247
0.0313,4446
0.222,1436
-0.0468,6451
-0.306,9523
0.104,3880
0.19,2601
-0.135,9341
-0.145,9429
0.194,1165
0.125,1967
-0.117,6254
0.193,483
0.0781,2656
0.0357,4287
-0.337,10291
0.325,26
0.571,450
0.161,2080
0.0339,3660
-0.052,7541
-0.182,9391
0.175,1529
0.0631,3577
-0.335,10058
-0.0315,6104
-0.0521,7638
-0.132,7894
-0.00123,5339
0.0237,4925
-0.0798,6736
-0.0932,7885
0.0317,4019
-0.212,10452
0.415,78
0.239,1449
0.35,355
-0.00168,5265
0.0947,2377
0.083,3768
-0.0234,5935
-0.0999,7615
0.392,410
-0.0878,8438
0.315,310
0.0608,3952
0.118,2135
0.301,332
-0.362,10431
-0.0153,6043
-0.16,9638
-0.116,8516
0.273,2638
-0.0775,7928
-0.254,10254
-0.0927,8669
0.178,3530
0.0204,4847
0.0263,4450
1.44,617
0.353,138
-0.231,9620
-0.45,9528
-0.0214,5771
0.148,2051
-0.206,8975
-0.115,8075
0.041,3743
-0.187,8622
0.00468,4955
-0.00817,5317
-0.252,8908
-0.241,10794
0.0656,2721
-0.163,8518
-0.161,9145
0.0567,4414
0.207,281
0.142,3687
0.00693,4966
-0.281,8910
0.152,1229
0.24,1407
0.318,281
-0.121,10085
-0.0905,7855
-0.262,10325
0.299,313
0.136,3853
0.284,2507
0.106,1712
-0.0487,7962
-0.19,8614
-0.29,10745
-0.273,8446
-0.243,6635
-0.119,9410
-0.101,8063
-0.183,9094
-0.131,9703
-0.113,7947
-0.144,8621
0.00601,5210
-0.0161,6320
0.0869,2005
-0.185,9982
0.0985,2880
-0.147,9629
-0.0502,8805
0.141,2017
-0.342,10081
-0.0951,9054
0.049,4532
-0.197,10173
-0.0996,8880
-0.147,9903
-0.108,7558
-0.304,9664
0.207,571
-0.205,8504
-0.0285,6730
0.0646,3505
0.00271,5288
0.271,1868
-0.0449,10737
0.207,2218
0.0732,3341
-0.441,9685
0.00111,5246
-0.147,9401
0.309,770
-0.4,8808
0.0504,4076
0.363,1369
-0.088,6725
0.0831,2431
-0.314,9658
-0.235,9093
0.149,2739
0.211,1170
0.0519,4086
0.00651,4846
0.104,2336
0.00431,4561
-0.228,7619
0.0426,3968
0.36,285
-0.128,8962
0.00355,5124
-0.134,9246
0.0539,4367
-0.19,7863
-0.257,9865
-0.0202,6534
-0.15,8307
-0.00707,5413
-0.147,8982
-0.1,7876
0.253,2292
0.101,1685
0.00854,5102
-0.186,9819
-0.15,8637
0.0115,5144
-0.0545,6059
-0.214,8742
0.189,985
-0.124,8052
0.416,167
-0.29,10584
-0.114,6853
0.191,751
-0.179,10354
0.339,809
-0.251,9426
-0.208,8516
-0.161,6580
0.0852,2934
-0.249,9222
0.0702,3546
-0.0835,7709
-0.229,7969
0.0742,3457
0.272,198
0.0479,4218
-0.187,8684
0.0816,3350
0.274,1198
-0.18,7601
-0.0648,7049
-0.0442,7770
-0.298,9461
0.0947,3258
-0.141,7963
-0.263,8692
-0.163,10036
0.143,1799
0.0508,3937
-0.244,10373
0.131,2628
-0.281,10591
-0.0165,6500
-0.0157,6511
0.104,2433
0.0737,3263
-0.686,10586
0.242,562
-0.0422,7045
-0.0716,6369
-0.185,8668
0.251,2093
0.145,3480
0.0148,4818
0.329,673
0.141,1626
-0.161,9081
0.142,1450
-0.203,8700
-0.213,9944
-0.103,7855
-0.00324,5379
-0.052,6130
-0.168,8765
-0.0479,6380
0.0108,4939
-0.0183,6369
0.172,429
-0.285,9006
-0.0375,5250
-0.056,6122
-0.288,9862
-0.109,7102
0.0592,3453
-0.116,9007
-0.0482,7025
-0.146,8412
0.458,183
-0.121,8597
-0.239,9441
0.148,3296
-0.672,10925
-0.0666,5496
0.6,57
-0.109,8815
0.159,2473
0.125,2876
0.0286,3824
0.828,225
0.154,3509
0.106,1553
0.0249,4562
-0.0973,8554
0.0355,4672
-0.549,9530
0.0738,3760
0.0106,5243
-0.0437,6767
-0.36,9994
-0.321,8704
0.0203,4467
0.106,1807
-0.119,8329
-0.169,9654
0.0267,4211
-0.0354,6241
-0.0489,6411
0.0672,3657
0.0809,3028
0.0469,3793
-0.132,7630
-0.322,10936
-0.0594,6005
-0.333,8203
0.103,3070
0.182,2143
-0.128,7947
0.297,368
0.406,1192
-0.0459,6614
-0.103,9816
-0.0403,7524
0.0112,4735
0.664,885
0.483,1164
0.186,2938
0.0133,4870
0.0875,2277
-0.209,9935
0.384,720
-0.0124,5374
-0.22,9967
0.0816,2487
0.00382,5141
-0.264,9591
0.0149,5004
0.0695,3383
0.0659,3842
0.239,1114
0.234,673
-0.029,6161
-0.215,8676
-0.103,8225
0.0668,3952
-0.0908,7844
-0.0982,9210
0.0309,4500
0.268,1663
-0.856,10999
-0.104,5716
0.216,1085
0.421,43
-0.113,7215
-0.173,7826
-0.148,9502
0.0743,2984
0.148,1271
0.0464,3532
-0.00601,5752
-0.333,10552
-0.135,7991
-0.252,9985
-0.101,8501
-0.0572,7227
-0.227,10174
0.0768,3751
-0.115,9973
-0.312,9452
0.0635,2646
-0.149,9202
0.186,2473
0.0081,4867
0.168,1500
-0.0553,6075
-0.162,10359
0.0846,4433
-0.133,8723
0.157,2278
-0.267,9292
-0.274,9483
-0.0412,6790
0.288,154
0.00154,5208
-0.153,9074
-0.0986,6868
-0.0623,7449
-0.0731,8741
0.232,1933
0.159,3252
-0.102,8399
-0.125,8083
0.278,408
0.159,2347
0.157,711
-0.0228,5905
-0.0289,5770
0.0789,3471
-0.0848,7809
0.0397,4437
0.484,59
-0.254,9854
-0.0487,5907
0.00218,5076
-0.0773,7908
0.0487,4128
0.0594,4329
-0.0439,6834
-0.0685,6960
0.144,3323
0.0367,3656
0.0264,4511
-0.0461,5885
-0.117,9454
0.046,4565
0.112,3759
0.0566,3718
-0.19,9464
0.0152,4755
-0.116,8331
-0.0806,7758
-0.0161,5626
0.0422,3951
0.152,1228
0.0106,5120
-0.0912,7090
0.128,2714
0.337,1175
0.219,1346
-0.0252,6456
-0.23,9642
0.105,2861
0.445,218
0.248,1802
0.033,4574
-0.00101,5304
-0.181,6918
-0.223,10655
-0.0699,7192
0.0931,3586
-0.112,8689
0.0211,4439
0.0473,3667
-0.129,7619
-0.122,7462
0.0439,4312
-0.0263,6188
0.0871,3240
-0.0384,6541
0.0755,3995
-0.313,9807
-0.0303,5668
0.181,1574
0.0603,3307
-0.478,8997
-0.253,8895
0.203,2567
-0.324,5762
0.478,58
-0.0845,5619
0.0169,4889
-0.137,7063
0.329,267
-0.111,8224
-0.00377,5573
-0.148,9744
0.0552,4390
0.056,4078
-0.285,10561
-0.115,9629
0.0451,3041
-0.0141,6163
-0.14,7496
-0.272,9511
-0.279,8857
0.116,2821
-0.131,10669
0.0461,3758
0.022,4710
-0.226,7472
0.0398,4382
-0.165,7789
-0.251,10577
-0.128,9432
-0.2,8914
0.316,648
0.339,551
0.0217,4791
-0.0934,8248
-0.181,8223
-0.0362,3991
-0.0808,6879
-0.0378,6424
0.0169,4722
0.363,532
-0.218,9707
0.0297,4495
-0.228,9983
0.328,1641
-0.137,9445
-0.00428,5775
0.0553,4170
0.143,2526
0.655,49
0.341,762
0.271,331
0.26,484
-0.214,7736
-0.228,9423
-0.243,9082
-0.252,6893
0.146,1084
0.0838,3863
-0.292,10429
0.212,1919
-0.336,10490
0.574,1397
-0.0287,6324
0.032,4564
0.241,3349
-0.832,9802
-0.0202,6211
-0.484,8931
0.0471,3231
0.0384,4102
-0.497,9208
0.0949,3946
0.0197,5089
-0.209,8963
0.378,505
-0.133,9588
-0.00708,5609
0.0245,4758
0.235,2464
-0.0219,5833
0.124,1651
0.0879,3164
0.0783,3863
-0.13,8680
0.436,187
0.0291,4169
-0.0344,6249
-0.138,8227
0.126,3460
0.03,4309
-0.2,9273
-0.282,10997
-0.0839,6844
-0.197,8463
0.587,22
0.195,2571
0.471,517
-0.0282,6050
0.0238,4406
0.07,2980
0.108,3433
-0.194,9752
-0.159,9145
-0.0938,10605
-0.0152,6433
0.502,730
-0.229,9983
0.0763,2550
-0.248,9980
-0.134,9746
-0.0632,7538
-0.458,9249
-0.0677,6315
-0.0108,4611
-0.0117,5547
0.234,1498
-0.0976,7162
0.0285,4598
0.0815,4280
-0.232,9322
-0.308,10657
-0.0701,7626
-0.297,10426
-0.0214,5255
-0.108,6614
-0.166,8778
0.0798,3837
0.133,1685
-0.435,10907
0.0376,3424
0.265,698
0.112,3067
0.179,2294
0.084,2961
-0.097,8157
-0.114,8590
-0.0786,6954
-0.148,6786
-0.138,10180
-0.119,8458
-0.0545,7181
-0.103,7418
-0.138,7106
0.106,2624
0.777,121
-0.0879,7773
0.356,464
0.259,590
-0.0746,7529
0.0613,3018
0.135,2119
0.0163,4785
0.236,735
0.391,347
0.0663,3265
-0.0964,8040
0.0278,4679
-0.0287,6681
0.0843,2428
-0.0747,6851
-0.0649,6335
-0.0468,7425
-0.185,10230
0.157,1895
0.0887,3390
0.236,1030
-0.178,8990
0.0716,3776
-0.314,9361
-0.111,7956
0.0829,2672
0.133,2612
-0.111,6384
-0.198,8785
-0.244,9828
-0.0125,5396
0.0774,3507
-0.0433,6187
-0.0511,5204
0.252,89
0.214,2371
-0.307,10409
-0.0991,8697
0.254,2837
0.114,2679
0.185,1425
-0.066,5787
0.0359,4116
0.102,3495
0.0204,4742
-0.222,9742
-0.139,8897
-0.133,7338
0.0199,4698
0.101,2079
0.0169,4732
0.426,770
-0.149,8389
-0.00537,5533
0.00395,5210
-0.17,10770
-0.0843,8152
-0.0772,6766
-0.0388,6737
0.2,1661
0.00314,5245
-0.154,8281
0.269,455
-0.165,8140
0.204,2393
0.125,1676
-0.011,5597
-0.21,9381
-0.221,8211
0.0333,4083
-0.224,8614
0.578,41
-0.0466,7891
-0.207,8797
0.0776,3627
-0.0173,5992
-0.0475,6933
-0.0215,5588
0.0995,1844
0.0255,4722
0.215,1705
0.436,790
-0.239,9055
0.292,2460
0.138,1856
-0.125,9706
0.0158,4693
0.505,293
-0.128,7739
0.31,1124
0.0308,4528
-0.0195,5837
-0.289,9600
0.0307,4609
-0.168,8003
-0.349,9829
0.0579,3583
0.0151,4850
-0.0545,6581
0.0823,3192
-0.188,8202
0.254,2469
0.141,858
0.13,2972
0.284,1124
-0.104,8851
-0.126,7822
0.674,526
-0.00101,5410
0.143,2802
-0.0246,6119
0.341,566
-0.0516,6274
-0.177,9920
-0.13,9259
0.221,2051
0.131,2967
-0.185,10279
-0.203,7522
0.207,2315
-0.0755,9144
0.0408,4088
-0.255,10843
0.0289,4223
0.114,2715
0.176,1237
0.258,1017
0.0735,2432
-0.158,9259
0.218,1699
-0.505,10928
0.301,269
0.0971,2826
0.316,482
-0.347,9390
-0.0453,6556
-0.0203,5980
-0.294,8599
0.0478,3846
0.0895,2676
0.0779,2383
-0.0591,7530
0.0029,5328
-0.0179,5882
0.315,1309
-0.112,6782
-0.215,10349
-0.122,7474
-0.241,8835
0.104,2986
0.216,2122
-0.0453,8630
0.694,45
0.0838,3484
-0.146,8277
0.0487,4293
0.172,1672
-0.104,7306
0.273,983
0.55,225
-0.107,8191
0.388,32
-0.0987,8288
-0.196,10537
0.131,2559
-0.0517,7147
0.848,106
-0.0145,5349
0.0621,2996
0.107,1711
-0.22,8829
0.109,1926
0.125,3169
0.0408,3310
0.0378,4332
-0.0818,8582
-0.0161,5887
-0.0214,5809
0.44,1104
-0.252,9176
-0.464,10683
-0.236,9355
0.123,2045
0.0766,3875
2.17,108
0.445,414
0.263,1083
-0.0425,6725
-0.225,9526
-0.166,10299
0.0459,3892
0.301,1852
0.0481,2844
0.199,26
-0.118,6973
-0.226,8990
0.0902,1531
-0.491,9013
-0.0438,7257
0.149,979
0.142,2738
0.0541,3758
0.417,1194
0.343,1219
-0.17,9813
-0.0601,7107
-0.154,9151
0.118,2594
0.0432,4779
-0.293,10201
-0.08,7595
-0.08,8305
0.0891,3145
-0.258,9378
0.161,3286
-0.0711,6902
-0.221,10959
-0.132,9125
-0.0995,9005
-0.138,7235
0.32,1586
-0.171,9232
0.127,1380
0.0411,3322
0.31,871
-0.0734,6097
-0.248,9842
0.315,1476
-0.176,8445
-0.206,9208
-0.152,8403
0.349,296
-0.137,7409
0.206,1856
-0.0758,7966
-0.0305,5643
0.342,827
0.108,1810
-0.157,7236
0.13,3362
-0.0737,8425
0.318,603
-0.259,9637
0.191,2180
-0.209,9745
-0.0436,5830
-0.186,9643
-0.105,7910
0.146,2257
-0.193,7760
-0.0679,4530
-0.374,10313
0.0561,3833
0.271,1207
0.213,1281
-0.136,8529
0.0477,4092
0.00646,5025
-0.198,9561
-0.0163,5937
-0.212,10102
-0.039,4927
0.604,108
-0.299,10157
-0.226,10017
0.0309,3862
-0.122,7404
-0.224,8929
0.061,3476
0.116,3299
0.0288,4072
-0.2,10936
-0.183,7617
0.114,3139
0.217,1508
0.188,2272
-0.198,9484
0.444,119
0.0558,4299
-0.17,7970
0.125,3076
-0.0716,6099
0.204,1357
0.0268,4302
-0.355,9999
-0.148,8159
-0.248,9345
-0.46,8807
-0.0347,6814
0.0728,2921
-0.233,9012
-0.0698,7656
0.0203,4780
0.0662,3975
-0.0459,6489
-0.0351,6574
-0.0982,7665
-0.0683,7391
-0.0857,6019
0.221,947
0.196,1021
-0.0468,6713
-0.26,9822
0.00968,5046
-0.124,7058
-0.0353,6290
-0.0327,6518
-0.0901,9316
0.125,3138
-0.178,8100
-0.15,6034
1.02,823
0.235,1038
0.0522,3453
0.0493,4434
-0.187,9826
0.0119,4954
-0.224,7559
-0.0307,6462
0.163,819
-0.264,10415
-0.306,9976
-0.115,8352
0.00624,5006
0.0786,2298
-0.178,9264
-0.591,10549
-0.322,10646
-0.128,8103
0.251,1604
-0.128,9131
0.0901,2473
0.0599,3778
0.321,713
0.266,2110
0.577,27
0.00808,5196
-0.285,7826
-0.033,6660
0.15,2735
-0.0796,6253
0.05,4301
0.0599,3738
0.0764,2778
0.439,408
0.503,72
0.298,909
0.439,2565
-0.0889,6816
-0.149,8354
0.335,1705
0.0256,4737
-0.0874,6504
-0.0433,6894
0.0531,3992
-0.0235,5797
0.0133,4609
0.135,2231
0.187,1521
-0.0744,6068
0.158,1678
0.129,3487
0.0943,3289
-0.307,10461
-0.00635,5396
0.0546,3911
0.103,2171
0.0588,4084
-0.101,7759
-0.0408,5463
0.0713,2155
0.102,3190
-0.0815,8126
-0.0932,6954
-0.0869,7042
0.0791,3463
0.134,2709
0.192,1419
-0.104,6861
-0.194,9012
0.0416,4470
-0.0651,6834
-0.0324,6519
0.285,741
0.124,972
0.0415,4332
-0.299,10455
0.263,676
0.115,2212
0.134,1393
0.119,1641
0.194,2103
0.229,1302
-0.111,6847
-0.191,10067
0.0094,4968
0.000994,5441
-0.0297,5934
0.179,1703
-0.269,9212
0.468,911
0.0761,3021
0.112,1694
-0.0156,5826
-0.273,10621
-0.27,7603
0.495,1244
0.0178,4706
0.0705,2560
-0.0449,6553
0.114,2868
0.612,904
-0.208,10235
-0.0394,6550
0.0784,2475
0.0873,3499
-0.0623,6520
-0.0954,8406
0.00257,5385
0.0941,1892
-0.0211,6197
-0.0428,6674
-0.0468,7011
-0.0605,6878
0.244,490
0.00305,5273
0.237,635
-0.114,6828
0.217,1182
-0.14,7804
0.296,1467
0.173,1933
-0.0717,6728
0.0893,3448
1.33,51
0.503,1901
0.0944,3270
-0.163,9663
-0.134,7306
-0.377,9144
-0.184,10906
-0.0248,6132
0.0363,4194
0.149,1097
0.0946,2403
0.0322,4468
-0.199,9967
-0.319,10370
0.0895,2971
-0.0297,6045
-0.172,8698
-0.116,7486
-0.184,9168
0.136,3007
-0.141,7592
0.125,3254
-0.0548,6404
0.0212,4808
-0.0524,5373
0.755,260
-0.201,8800
-0.0395,6553
0.02,4787
0.403,649
0.0885,2354
0.315,1618
0.0297,4096
-0.169,9663
-0.163,10805
-0.0522,5948
-0.216,9028
0.0659,2328
0.119,3181
-0.149,9437
-0.113,8048
0.312,1064
0.167,1919
-0.127,6894
0.0137,5005
-0.0938,7966
-0.233,10844
-0.0622,7171
-0.048,7771
-0.126,9573
-0.202,10403
0.0935,3913
-0.256,10613
-0.31,10902
-0.188,9305
-0.072,6828
-0.223,9767
-0.0659,6198
0.022,4578
0.136,3118
-0.433,8169
0.054,3379
0.0664,3752
-0.2,9196
0.145,1641
-0.078,8384
-0.0746,7327
-0.108,8076
0.0174,4902
0.34,646
0.177,2492
0.157,1652
-0.0604,6580
0.0283,4402
0.223,2008
-0.0648,7149
0.00781,4924
-0.214,10501
0.137,2007
0.0263,4554
-0.0421,6067
-0.1,7263
-0.116,8206
0.362,40
0.0275,4294
-0.413,9030
0.288,991
-0.194,9071
0.000479,5343
-0.154,9407
0.565,126
-0.0373,6144
0.186,1435
-0.191,8425
-0.0136,5869
-0.0833,7900
-0.0213,6609
-0.0549,7371
0.0928,3672
0.0747,3723
-0.261,9622
0.221,1764
-0.0889,8401
-0.165,7928
0.0863,3023
0.103,2465
0.493,314
-0.0329,7027
-0.166,10171
0.371,1320
0.0278,4952
0.309,889
-0.0125,6034
-0.0702,8996
-0.153,10244
0.157,2442
-0.0413,6106
0.0831,3042
-0.0144,5816
0.321,1003
-0.0157,5799
-0.218,6648
0.657,860
-0.172,6237
-0.241,8441
-0.107,5160
0.364,64
-0.261,9508
-0.106,7280
0.104,3195
-0.0846,6080
-0.00739,5710
0.00773,5242
0.0464,4145
-0.157,8923
0.0542,3806
0.939,3
-0.167,9695
-0.134,9217
-0.19,8133
0.171,1930
-0.056,5866
-0.23,10800
-0.19,9830
0.123,2222
-0.227,8688
0.261,2479
-0.221,8955
0.0847,2118
-0.202,8848
-0.042,6780
-0.548,8440
-0.304,10410
-0.0251,5823
0.0162,4759
0.0956,2621
0.0261,4612
-0.0509,6378
0.0527,3807
0.0931,3600
-0.325,8020
-0.168,9306
0.0107,4796
-0.268,10697
0.125,3321
-0.435,10679
0.393,1013
-0.0492,7254
-0.114,8582
-0.298,9857
-0.329,8906
-0.154,9117
-0.112,7408
-0.121,7950
-0.0163,6195
0.146,2276
-0.0238,5769
-0.177,10149
-0.287,8131
-0.105,8754
-0.104,8617
-0.105,7230
0.203,1315
0.0576,4409
-0.0417,6034
-0.11,7428
-0.103,7227
0.0564,3808
0.203,2067
-0.18,8641
-0.612,10446
-0.207,8572
0.296,290
0.498,56
-0.165,9129
0.00424,5401
0.172,2430
0.121,1794
0.025,3813
0.0221,4881
-0.204,8800
0.15,3813
0.126,3043
0.05,3951
0.0609,2979
0.0192,4830
-0.287,9034
0.291,1338
-0.0513,6128
0.0885,3690
0.387,1235
0.0642,3385
0.467,261
-0.328,7864
-0.0561,7292
-0.261,10994
-0.114,8542
0.146,2216
-0.26,10542
-0.119,7982
-0.0213,6206
-0.162,8798
0.0111,4977
0.132,2953
-0.184,8988
0.337,1120
-0.045,6257
-0.0113,5880
0.218,339
0.285,1344
-0.12,7740
0.205,3153
-0.135,7455
0.197,1063
0.158,1400
-0.0598,6256
-0.111,7910
-0.16,7331
-0.0857,7102
0.0202,4227
0.0984,2137
0.214,1608
0.129,2373
0.276,676
-0.235,9972
-0.212,9805
0.00922,5097
0.12,1994
-0.705,10564
0.124,3584
0.0255,4835
0.000647,5524
-0.223,10237
-0.0711,7694
-0.0947,7154
-0.0538,6602
-0.126,7870
0.192,817
-0.0678,7408
-0.242,10254
-0.0514,6676
0.126,2579
-0.317,10210
-0.0478,7890
0.214,1515
-0.205,8613
0.247,1452
-0.0469,6173
1.08,236
-0.0851,7776
-0.307,10702
0.105,3384
0.0383,4580
0.0407,4405
0.203,1474
-0.107,9024
-0.0309,6741
-0.103,8081
-0.221,9507
-0.152,8159
0.217,1027
0.0735,1880
-0.112,8402
-0.164,9188
-0.126,8793
-0.0856,7753
-0.0795,7148
-0.0887,6907
0.0127,4857
0.0956,2670
-0.0982,6959
0.144,1814
0.186,2238
-0.273,11008
0.00604,5274
-0.00647,5680
0.192,1705
-0.433,10164
-0.6,10773
0.123,2213
0.0247,4666
-0.0753,8164
-0.17,9732
-0.0723,6847
0.0879,3382
-0.0159,5988
-0.098,9183
-0.0176,5842
0.0688,4067
0.185,2186
-0.018,5410
0.129,2375
0.257,959
-0.0856,7288
-0.0488,5679
-0.00907,5568
0.19,3326
0.0476,4502
0.556,17
-0.197,9286
-0.303,10611
-0.273,9199
-0.215,9489
0.0978,2968
-0.235,11010
0.0969,3192
-0.0569,6585
-0.0156,5487
-0.535,9507
-0.102,7431
-0.16,9231
-0.213,8073
0.00848,4925
0.0279,4487
-0.0914,7971
0.0218,4819
-0.22,10239
-0.0569,7038
-0.162,9238
0.0122,4832
0.279,1820
-0.219,10507
0.129,1855
0.0389,4820
0.0906,2327
0.346,1439
-0.2,7921
-0.0348,6324
-0.0188,6540
0.0566,4491
0.0795,3534
-0.0268,6520
-0.16,10389
-0.0989,9162
0.241,686
0.069,3718
0.226,1230
-0.253,8938
-0.102,10529
-0.0832,8981
0.0829,2923
-0.279,9401
-0.249,8361
0.0373,4399
0.0146,4777
0.0094,5047
-0.187,10026
-0.0728,7579
-0.34,10229
0.0127,5223
0.0105,5332
-0.0892,9230
0.262,306
0.281,1457
0.0881,3274
0.352,1417
-0.00989,5539
-0.0188,5457
-0.1,9852
-0.0353,5799
0.0742,3406
-0.129,6059
-0.0908,8496
-0.201,10844
-0.0625,6953
-0.106,7716
-0.2,8693
-0.129,7983
0.0458,4115
-0.00484,5792
0.198,389
-0.189,8327
-0.385,7462
-0.136,6758
0.0957,3457
0.0196,4952
-0.136,9512
0.03,4567
-0.0959,6662
0.0352,4287
0.11,3629
-0.14,10269
-0.00831,5273
-0.1,7727
0.124,3046
0.14,3027
-0.00343,5513
-0.158,6215
0.00207,5297
-0.635,10926
0.0982,2781
-0.197,8542
-0.0757,6445
-0.034,7054
-0.0431,6483
0.287,1879
0.759,681
0.0153,5008
0.0798,4062
-0.0209,6228
-0.0364,7045
0.275,3442
-0.421,6692
-0.172,6324
-0.0682,5694
-0.217,5816
0.0295,4552
-0.263,9898
0.108,3110
-0.56,10869
-0.231,9274
0.125,1905
-0.0514,6399
-0.131,5163
0.253,2477
0.00727,4656
-0.102,6820
0.256,131
0.0993,2478
-0.319,6855
1.02,594
0.569,499
-0.0936,6837
-0.242,9409
-0.277,10826
0.243,2225
-0.104,6913
0.01,5052
0.177,2603
0.144,2159
0.207,1447
-0.0305,4539
-0.374,8974
0.0363,4662
0.465,643
0.00153,5230
0.11,2705
0.48,1443
-0.104,7318
-0.148,8656
1.51,73
-0.285,10258
-0.157,9521
0.267,2392
-0.122,7921
0.376,1249
-0.197,6827
0.31,91
-0.192,10047
-0.0153,5742
0.0247,4470
-0.293,9301
0.00212,5051
0.0945,2562
-0.135,9576
-0.135,7983
0.451,360
-0.113,8884
0.0648,3740
-0.138,8527
0.252,2170
0.0336,4363
-0.0322,6607
0.0278,3983
-0.387,10616
0.345,311
-0.132,8166
0.186,1117
0.00637,5039
0.108,2440
0.993,344
-0.266,7247
-0.133,6642
-0.0242,5294
-0.328,9577
-0.195,9887
-0.0936,7550
-0.00892,5115
0.0592,3792
0.218,1164
-0.112,9681
-0.254,10007
-0.206,9358
0.00429,5237
-0.363,10200
-0.176,10037
-0.143,8998
-0.0774,6175
0.251,791
0.0893,3499
-0.0162,5326
-0.0456,7329
-0.0242,6727
-0.0469,6633
0.174,2076
-0.201,10460
0.198,1355
0.29,408
0.035,4388
-0.0772,8659
0.582,75
0.0515,3596
-0.0578,6055
-0.0276,7098
-0.113,8446
0.203,1004
-0.164,9653
0.0514,4268
0.0584,3939
0.0486,3175
0.0167,3829
0.378,167
-0.245,9322
-0.073,7934
0.173,1197
0.137,2807
-0.0664,7217
0.0565,4185
-0.291,9438
-0.0157,5599
0.276,915
-0.026,6240
-0.338,9802
0.00121,5280
1.36,1
0.819,26
0.215,1822
0.0617,2714
0.0156,5094
-0.196,9300
-0.0156,5705
-0.0986,7184
-0.0459,5877
-0.0375,6433
-0.148,9298
-0.118,9699
-0.0611,6897
0.184,1554
0.00241,5289
0.00772,5011
-0.0958,7839
-0.128,8016
-0.282,9428
-0.0751,6684
0.316,2274
-0.0957,8978
-0.0514,7349
0.166,835
-0.242,10487
1.07,141
0.0219,4621
-0.0819,9337
0.526,74
-0.314,10325
0.444,1261
-0.246,10145
-0.0403,6254
-0.186,9468
-0.0223,6150
-0.156,9341
0.356,804
0.35,1610
-0.434,9631
0.0584,3407
-0.0336,6938
-0.335,9433
-0.0777,6054
-0.0234,4938
-0.457,9604
0.157,2411
0.408,892
-0.216,9232
-0.109,8216
-0.0719,6087
0.061,2961
-0.0288,6241
-0.151,9594
-0.0786,7461
0.052,3867
-0.0595,5355
0.715,754
0.0876,1190
0.243,1468
-0.098,9051
-0.236,10384
0.12,3414
-0.0702,6681
0.0375,3539
-0.0731,7352
0.274,658
-0.0449,5788
-0.0226,5695
-0.1,8352
0.0659,3223
-0.128,10004
0.328,694
0.249,1808
0.221,2706
0.156,2258
0.0729,2448
-0.229,8688
0.0264,4845
-0.124,9713
0.199,2213
-0.244,6863
0.0528,3559
-0.118,9985
-0.0481,6355
-0.165,8833
0.135,858
0.172,1923
0.0143,4732
0.137,2056
-0.31,8305
0.172,2593
0.00605,5277
-0.0689,6993
-0.175,8401
-0.0944,9882
-0.0689,7122
-0.179,9870
-0.225,9981
-0.273,9460
0.135,2454
-0.0311,6649
-0.0481,6695
0.0535,3316
0.058,3918
0.0796,3721
0.134,1574
0.0772,3354
-0.0691,7461
-0.294,9803
0.0288,4901
0.0237,4662
-0.229,10574
-0.341,10492
-0.0884,6843
0.132,1054
0.0235,4650
-0.0574,6115
-0.0375,5552
0.0391,4397
-0.0947,6960
-0.147,9085
-0.0323,5634
-0.134,8502
0.106,2986
0.205,1620
-0.0806,7634
0.0217,4844
-0.142,6704
0.598,309
0.0593,3034
-0.224,10411
-0.206,9280
-0.182,8381
-0.202,3484
0.186,384
-0.0854,7906
-0.246,10559
0.101,3123
0.258,1487
0.0637,3234
0.0141,4983
0.101,2588
-0.00451,5490
-0.0351,5704
0.859,5
-0.162,10362
0.13,2262
-0.0219,5640
-0.123,10006
0.167,980
0.0914,2764
0.152,2334
0.0414,4373
0.125,1394
-0.182,8333
-0.339,10397
0.193,2297
-0.312,10367
-0.176,7404
0.00792,4847
-0.0303,7172
-0.178,8747
-0.0871,7617
-0.0526,6566
0.0585,3730
0.0457,4255
0.0251,3951
0.0503,4257
-0.134,6866
-0.584,9437
-0.384,10701
-0.189,8418
-0.262,5183
0.199,1442
0.0843,3735
-0.0618,6854
-0.104,9036
-0.247,10179
0.0729,3829
-0.0646,7017
-0.173,8859
0.113,2721
-0.036,6843
-0.08,7372
-0.175,8086
-0.191,8000
0.319,875
0.0477,4107
-0.178,8672
-0.011,5391
0.0792,2550
-0.143,9257
-0.0621,6573
0.0638,2598
-0.0741,8529
-0.175,10029
-0.0857,8909
-0.0161,5670
-0.0246,4931
-0.0556,7177
0.0789,3220
0.0033,5199
0.033,4503
0.199,2076
0.0147,4796
-0.182,9017
-0.0601,7894
-0.0948,7627
0.18,2702
-0.18,9547
-0.064,6992
-0.176,9207
-0.215,8137
0.102,3415
-0.0184,5458
-0.161,9474
-0.0899,9277
-0.105,9181
0.0797,3875
0.182,2771
-0.325,9971
0.234,2005
0.0792,2991
0.469,306
-0.0289,6237
-0.0397,6558
1.01,35
-0.0705,7481
-0.0509,6712
-0.0801,6724
0.0667,3730
0.163,1476
0.16,2263
0.0534,3799
0.0844,2391
-0.141,9468
0.119,2439
-0.105,6769
-0.368,10481
-0.172,8548
-0.0624,8421
-0.0574,6248
0.131,567
0.0791,3814
-0.164,8544
0.0221,4500
-0.047,5910
0.181,1412
-0.0301,6042
0.132,2108
0.00163,5171
-0.011,5647
0.204,441
-0.0671,7364
0.0996,2844
-0.269,8508
-0.113,8503
0.114,886
0.0888,2150
-0.0714,6915
0.105,3428
-0.0679,6702
-0.0321,6524
-0.0255,6281
-0.0395,7144
0.147,2880
-0.272,10134
0.121,3353
-0.294,9168
-0.0209,5976
-0.0631,7205
0.42,449
-0.035,5647
0.249,532
-0.0723,7545
-0.227,10139
-0.206,9770
-0.146,8955
0.0131,4997
-0.0975,7141
0.047,2966
-0.15,8741
0.164,1712
-0.164,6938
0.136,3517
0.628,323
0.194,983
-0.0608,7952
-0.174,8244
-0.0867,6471
0.161,3089
-0.16,6651
-0.111,8580
-0.121,9018
0.229,839
-0.0014,5034
0.213,1920
0.183,2898
-0.192,10718
-0.183,10731
0.344,2555
-0.122,7179
-0.157,8611
-0.0294,6055
0.0206,4434
-0.0534,7061
-0.205,9238
0.00113,5396
0.0934,2476
0.0982,3837
-0.0885,8830
0.0705,2874
0.0213,4700
0.0893,3132
-0.0572,6793
0.484,351
-0.138,10126
0.043,3451
0.183,864
-0.216,9011
0.0419,4511
0.014,4848
0.166,2777
0.366,787
-0.212,8670
0.0844,2884
-0.306,10218
0.0572,4443
0.258,809
-0.00786,5863
-0.0894,8858
0.189,887
0.244,1648
-0.139,8110
0.691,65
-0.00385,5774
-0.0146,5800
0.113,2672
-0.0471,7092
0.475,200
-0.0147,5816
-0.0401,6941
-0.303,8959
-0.652,10802
-0.0492,5833
-0.507,10050
-0.177,8753
0.0678,2816
0.289,632
-0.122,7497
0.00698,5147
-0.0359,5604
0.0629,3548
0.0314,4605
0.0825,2169
0.447,956
-0.0404,6195
0.0465,4474
0.0878,1957
-0.0775,8836
-0.0534,6305
-0.252,10827
0.252,2755
-0.408,10308
0.202,698
-0.172,8140
-0.25,9461
-0.19,7374
-0.185,8721
-0.0207,5941
0.033,4067
0.459,1186
0.168,1475
0.209,717
-0.2,8258
-0.0557,6586
-0.0269,6131
0.0557,3968
0.349,97
-0.219,7345
-0.104,6778
0.0325,4306
0.0794,3527
0.071,2002
0.226,2083
-0.0206,5869
-0.0536,6446
-0.0762,8269
-0.112,8345
-0.136,9715
-0.00398,5492
-0.0415,7080
-0.172,8174
-0.0706,7013
0.204,895
0.0235,3584
0.378,1160
-0.12,8443
-0.03,6166
-0.257,9697
0.0847,3047
0.157,2106
-0.0423,7081
-0.168,8001
0.0828,3195
0.08,3251
0.0771,2851
0.121,2096
0.117,3333
0.299,1396
0.0435,3738
-0.14,8055
0.502,387
0.0918,2442
-0.181,7301
0.000165,5202
0.078,3417
-0.48,10106
-0.0774,7328
0.00883,4861
-0.0727,8655
0.217,1129
-0.146,8674
0.0207,4686
0.109,2618
-0.017,5805
-0.0555,6649
1.56,245
0.247,1451
0.138,1720
0.0546,3368
-0.194,10059
-0.088,8394
-0.123,9052
-0.106,5386
-0.432,8497
0.124,643
-0.134,9209
-0.111,7631
0.169,1901
-0.322,9917
-0.0818,7169
-0.0275,5674
-0.141,8708
-0.151,9014
-0.055,5747
-0.35,10419
0.497,6
0.165,1465
-0.0586,8130
0.0761,3069
0.128,2075
-0.0987,7137
0.602,76
-0.163,9307
-0.0148,5772
0.349,593
-0.084,7926
0.485,64
-0.242,10738
0.111,2055
-0.16,9333
-0.0124,6008
0.129,1848
0.419,85
-0.358,10545
0.0837,2429
0.126,273
-0.239,10331
-0.226,9934
0.186,2987
-0.0959,7161
0.0249,4847
0.0136,4961
-0.188,9081
-0.112,9551
-0.214,10279
0.0812,1584
-0.0806,7528
0.0685,2560
-0.218,10099
-0.0347,6572
-0.00327,5071
-0.261,9465
-0.119,9163
-0.0405,6301
-0.383,10561
-0.263,10807
0.346,2732
-0.201,9667
-0.102,8006
0.198,1996
0.511,374
0.187,2059
0.515,134
0.124,3291
0.0486,4145
0.141,1213
-0.104,8182
-0.178,6399
-0.14,8005
0.018,4675
-0.0483,6510
0.0451,3172
0.148,2157
-0.0859,7700
0.528,392
0.0899,4073
-0.0697,7670
0.0911,2289
0.239,785
0.0276,4613
-0.193,9092
-0.227,8774
0.308,217
-0.0187,5620
-0.0874,8014
-0.0231,5807
0.0931,3574
0.0924,3692
-0.0042,5764
0.305,42
-0.107,8018
0.0419,4433
-0.0543,6763
-0.00967,5480
0.0311,4145
-0.0608,6811
0.0685,3092
0.0301,4462
-0.125,7331
-0.202,9147
-0.000432,5373
0.325,575
0.161,2803
0.0703,3696
0.416,550
-0.21,10710
0.203,1570
-0.0552,7516
0.0394,3882
0.134,1360
0.191,1460
-0.314,10265
-0.289,10820
-0.0395,6652
0.365,201
-0.0664,7894
-0.229,9647
-0.415,10222
0.074,1088
-0.0962,8772
-0.0589,6055
-0.097,7230
-0.214,10401
0.161,2838
-0.0886,8030
0.0709,3055
-0.0661,6721
-0.179,8829
0.00607,5318
0.00545,5119
-0.123,9173
-0.112,9613
0.125,2686
-0.101,6005
-0.342,10878
-0.145,7101
-0.0753,6807
-0.038,7212
0.0381,3684
0.142,1879
0.045,4421
0.125,3664
-0.0853,8947
-0.171,8820
0.045,4253
-0.12,7824
-0.042,6030
-0.192,8361
-0.0574,6789
-0.0419,7996
-0.18,10054
-0.254,9892
-0.124,8597
-0.107,7398
-0.239,10707
-0.127,8331
0.143,3031
-0.0258,5717
-0.111,7688
-0.0294,6380
0.0162,5055
-0.257,10703
-0.118,8272
-0.126,8328
0.798,350
-0.148,9665
-0.229,8534
-0.22,7676
0.0691,2162
-0.0276,6681
0.156,1580
-0.0632,6578
-0.032,5837
0.134,3672
0.0179,4815
-0.154,9149
0.00713,5447
-0.0783,7005
2.23e-05,5199
0.184,2811
0.0205,4701
0.109,1768
-0.0137,5671
0.194,1352
-0.00266,5214
-0.177,8133
0.278,664
-0.0585,7808
-0.119,7140
-0.148,8993
-0.193,9641
-0.0438,5474
0.016,4050
-0.393,10934
-0.143,8731
-0.0593,6338
0.0354,4258
0.0716,3185
-0.0793,7604
0.0154,4730
0.321,1817
-0.0867,8258
-0.0901,7484
-0.0548,6374
0.0246,4582
0.153,1332
0.107,2423
0.108,3887
-0.189,8596
-0.0573,6881
0.197,2185
-0.0583,7420
-0.115,7467
-0.197,8437
0.147,2873
-0.000518,5266
-0.237,9986
0.0856,3125
-0.286,9900
-0.197,8954
0.0627,3461
-0.116,7716
0.0136,4780
-0.166,9189
-0.126,7922
0.0992,2724
-0.044,6029
0.0208,4700
0.0452,3498
0.0847,2948
0.219,1595
0.305,1279
-0.316,9033
-0.0376,5053
0.148,1935
0.17,1206
-0.0705,7526
0.124,3373
0.239,1146
0.221,789
-0.18,10262
0.209,1053
0.881,4
-0.103,6812
-0.0396,6268
0.056,3076
-0.134,8541
-0.0667,6045
0.00469,5149
0.27,815
-0.117,7734
-0.216,10624
-0.0951,9429
-0.0692,7850
0.387,854
0.275,684
0.203,1516
-0.128,9031
0.0875,2996
0.0456,4118
0.115,3501
-0.114,7643
-0.321,10521
0.246,2881
-0.0032,5300
-0.0859,8914
0.094,3184
-0.0108,5435
0.0727,2363
-0.28,9568
0.167,679
-0.193,10562
0.102,2981
-0.11,9810
-0.166,8797
0.342,240
0.0345,3427
-0.0698,7806
-0.0704,6325
-0.237,10965
-0.444,10378
-0.103,9158
0.0531,3186
0.0722,3083
-0.0901,7667
-0.0368,7224
-0.28,10027
-0.208,10728
-0.1,8826
-0.235,10616
1.07,21
-0.142,8546
-0.0533,6864
0.697,1220
-0.0706,6429
-0.158,8096
-0.0981,7790
-0.179,6693
0.199,3185
0.0139,4704
-0.111,7318
-0.0485,6577
0.27,641
-0.0457,6679
-0.206,10273
-0.0892,7570
-0.0923,7631
-0.214,10325
-0.248,8168
-0.162,7299
-0.0783,6164
-0.277,9725
0.0762,2825
-0.135,7321
-0.154,8190
-0.0872,9178
-0.193,9753
0.824,91
-0.0473,8394
0.0638,3132
-0.214,9251
0.0149,4930
0.0106,5057
-0.152,7507
0.0656,3616
-0.133,8896
-0.192,9210
-0.141,5920
0.381,872
-0.124,8036
-0.117,8951
0.124,2372
0.119,2474
-0.103,7605
0.529,1332
-0.0651,6712
-0.124,8209
-0.343,10519
-0.204,10226
0.0111,5104
0.114,2180
-0.0714,7489
0.333,60
-0.288,10365
-0.189,9305
-0.27,10057
0.0439,4259
-0.218,8139
0.00132,5171
-0.243,9853
-0.114,7668
0.117,2308
0.0323,4472
-0.0697,6967
-0.0577,8190
-0.106,8916
-0.205,9520
0.0838,2924
0.139,3710
0.0312,4257
0.05,3920
0.0695,1423
0.0455,4443
0.114,3648
0.0194,5112
-0.00975,5652
-0.143,10069
0.305,399
-0.119,9283
0.22,1122
0.00239,5398
-0.00475,5510
0.0598,3060
0.0793,3699
0.0131,4947
-0.017,5193
0.545,1044
-0.166,8378
0.295,819
-0.105,9073
0.0426,4143
0.107,3315
0.0682,3594
-0.164,7120
0.358,288
0.0956,1474
-0.054,7395
0.0802,3286
0.0867,2270
0.0353,4505
-0.0653,7903
-0.0423,7310
0.402,1826
0.13,3697
-0.219,7338
-0.231,7610
0.418,54
0.096,3162
-0.0914,7450
-0.147,9166
-0.204,8421
-0.171,10176
-0.0351,6977
-0.18,9815
-0.237,9720
-0.0224,6198
0.0124,4984
0.104,3785
-0.0867,7449
0.0379,4173
0.0321,4273
-0.117,9826
-0.0648,6528
0.0505,3825
0.251,949
-0.0974,8247
0.158,2183
0.0886,3037
-0.0408,6201
-0.15,9953
-0.203,10706
-0.178,10332
0.192,1142
-0.178,7486
-0.0162,5856
0.0134,4954
-0.133,9913
0.134,1761
-0.246,9408
-0.141,9499
0.236,220
-0.198,8203
-0.0728,9072
0.182,841
-0.127,8698
0.0199,5056
-0.295,8891
0.13,3201
-0.278,10978
0.118,2965
-0.137,7407
-0.0411,5710
-0.094,6737
0.0658,3576
-0.0946,7833
-0.109,8808
0.035,4435
-0.121,8566
0.00711,5184
0.396,1079
0.0333,4190
-0.154,8888
0.123,2946
0.236,1952
-0.351,9722
-0.241,9672
0.288,439
-0.0607,6930
0.21,1764
-0.186,9971
0.0165,5174
0.0714,3078
0.0936,2116
0.0154,5019
0.144,2023
0.223,1493
-0.0345,6283
0.115,2226
-0.122,8913
-0.184,10319
-0.198,8795
0.246,1414
0.934,583
0.211,1900
-0.0286,6272
-0.0557,7468
-0.055,6062
0.0366,4414
0.0519,3700
-0.0396,7289
0.0127,5038
0.0676,2686
-0.286,10466
-0.00872,5576
-0.177,6619
-0.144,7093
-0.101,8914
-0.238,9792
0.728,508
-0.00908,5544
0.124,3272
-0.284,10650
-0.215,9262
-0.056,7781
0.166,1308
0.733,246
-0.181,10649
0.0911,3570
0.0333,4062
0.16,1201
-0.111,6446
0.0154,4987
-0.00818,4825
-0.261,10245
-0.189,10189
0.244,944
-0.191,8321
-0.132,7789
-0.398,9909
-0.173,9871
-0.129,9865
-0.00679,5562
-0.113,8393
0.167,1401
-0.0561,6471
0.113,2972
0.198,1814
0.0239,4477
0.214,976
-0.101,7654
-0.118,6858
0.0518,4540
0.165,951
0.0278,4517
0.089,3115
-0.212,10067
0.07,3543
0.116,2071
0.0811,3155
0.179,300
0.564,40
0.649,40
-0.179,8986
-0.361,10635
-0.212,10119
0.201,285
-0.162,9316
0.0117,4849
0.562,1108
-0.254,7942
-0.0443,6389
-0.145,8649
0.0142,2378
-0.123,7850
0.191,1302
-0.0568,7493
-0.116,5589
0.238,531
-0.1,8437
-0.336,10478
-0.0305,5846
0.221,961
-0.117,7407
0.00864,5172
-0.0528,7004
-0.0375,6571
-0.508,10700
0.436,225
-0.459,8229
0.187,1472
-0.0777,7622
0.126,2106
-0.0604,7071
-0.0296,6382
0.15,2329
-0.0377,6493
-0.088,7745
-0.0306,5416
0.547,111
-0.234,8668
0.0425,4626
0.137,1368
-0.0469,6959
0.15,1204
0.291,704
0.323,2105
0.00807,5162
-0.14,9049
-0.0717,7415
-0.434,10218
-0.125,9152
-0.0177,5661
-0.0878,7993
0.243,1758
-0.146,8897
0.0934,3539
0.0956,2883
0.219,1562
-0.176,8758
-0.0595,7895
-0.128,9637
-0.25,9865
0.0715,3728
-0.403,9349
-0.0179,5571
-0.0682,7205
-0.109,9052
0.334,641
-0.0593,6304
0.237,2478
0.184,2529
-0.0126,5639
-0.0293,6573
0.235,2335
0.087,2802
0.0739,3804
-0.249,9483
0.0987,2785
-0.184,10017
0.221,1803
0.259,1285
-0.322,10668
0.136,2632
0.161,2565
0.087,2444
-0.0775,6538
0.252,1589
0.244,2779
-0.0103,5429
-0.0373,6343
0.214,349
0.127,2211
-0.11,6457
-0.0475,7285
0.37,933
0.059,3419
-0.0321,8092
0.0455,4056
-0.262,9038
0.0884,4065
-0.205,10672
0.0475,3982
0.00856,4920
-0.0782,6811
0.484,469
0.173,3617
-0.14,7465
-0.0337,6345
-0.163,8243
-0.0334,5962
-0.352,10179
0.243,1450
0.531,1320
-0.16,9115
-0.134,9196
-0.193,8828
-0.118,8431
-0.213,8676
0.601,114
-0.0501,6869
-0.0723,7532
-0.0699,6949
0.0696,3388
-0.0222,6071
-0.155,9007
-0.119,7460
-0.186,10030
0.00169,5528
-0.193,10022
0.0877,3111
0.0849,3959
-0.0381,6938
0.00278,5240
-0.128,8540
0.0799,3149
0.356,2254
0.0818,3110
0.0774,2860
-0.141,8592
0.167,2946
-0.0992,8397
0.22,1371
-0.0818,9794
0.0294,4726
0.214,1408
-0.0203,6089
-0.129,8664
-0.0258,5506
-0.269,10207
0.155,1531
-0.0979,8239
0.778,22
-0.152,9236
-0.211,9340
-0.154,6764
-0.0523,7782
-0.0668,6805
0.25,1467
-0.132,9951
1.16,172
0.0278,4402
0.0795,3788
-0.043,6886
-0.168,8819
-0.00149,5165
-0.145,7206
0.265,2294
0.151,2825
0.256,845
0.156,2922
-0.193,10185
-0.161,7637
-0.348,9773
0.081,1779
-0.081,8623
-0.0641,7636
-0.0999,8376
0.0778,2740
-0.357,10850
0.0897,2937
0.0724,3405
0.107,3536
0.134,3187
0.824,222
-0.0813,7272
0.188,577
-0.0176,5999
0.124,2860
-0.21,8444
-0.0565,5950
0.226,1017
-0.049,6753
0.192,2270
-0.163,8835
-0.152,6289
0.0332,4272
0.0136,5028
-0.0576,6647
0.168,2040
-0.0286,5664
-0.124,6537
0.0208,4857
0.185,666
-0.244,10454
-0.0258,5478
-0.0859,7244
-0.253,9879
-0.0863,8101
0.0657,3405
0.248,111
-0.168,8734
0.143,2232
0.326,806
-0.413,10311
0.0307,4171
0.032,4172
0.00467,5177
0.0753,3696
-0.018,5617
-0.151,8604
0.0354,4028
-0.0927,9744
0.189,2842
0.184,2194
0.317,1338
0.172,1319
0.0541,3318
-0.0736,7564
0.225,451
0.39,669
0.418,198
-0.186,8306
0.09,1605
0.15,1217
-0.137,8317
0.102,3110
-0.0449,6673
0.272,1017
0.19,506
-0.0509,7006
0.0846,2449
-0.103,7424
-0.323,10324
0.0266,4777
-0.00697,5639
0.0446,3321
0.136,2040
-0.198,8266
-0.145,8256
0.251,1852
-0.0828,8963
-0.0262,6380
0.0265,4555
0.133,2634
0.529,61
-0.018,5786
-0.174,10084
0.0863,3125
0.1,3126
-0.336,10901
-0.0362,6208
0.0673,3756
0.184,974
0.166,1042
0.153,2954
0.257,827
0.00884,5007
0.00554,5011
0.0406,4448
-0.011,6261
-0.114,8394
0.00627,5090
0.116,3037
0.0533,4149
-0.0326,6729
-0.297,10329
-0.0317,6438
0.271,1056
0.0731,2333
-0.184,8948
-0.0944,8255
-0.0126,5774
0.343,333
-0.145,9781
0.489,454
-0.509,9264
-0.0834,8929
0.0786,3098
-0.109,7238
-0.297,9642
-0.106,6141
-0.0747,5797
0.139,2595
0.0357,3897
-0.158,8496
0.113,2693
-0.0725,5792
-0.198,7040
-0.232,9887
-0.0118,5799
-0.116,8482
-0.156,8886
-0.15,7850
0.00266,5340
0.0129,4929
-0.201,9064
-0.0691,6697
-0.223,7675
-0.228,8586
0.291,1388
0.134,2189
-0.288,10222
0.157,2020
-0.12,7783
-0.282,10477
-0.195,10090
-0.0684,9328
-0.157,9646
-0.136,7818
-0.18,8306
0.0898,2823
-0.179,5747
-0.128,9583
-0.0578,6554
0.0778,2914
0.0802,3901
0.161,3039
-0.0729,7574
0.252,311
0.0747,4014
-0.34,10044
-0.0225,6290
-0.0835,6768
-0.0275,5892
-0.00944,5533
-0.036,6259
-0.0354,6381
-0.00636,5404
-0.32,9419
0.24,2150
0.0162,4766
-0.123,7908
-0.273,10079
-0.0661,6057
-0.173,6244
-0.00601,5757
-0.134,9170
0.038,4430
-0.0546,7099
-0.11,7963
-0.38,7041
-0.235,10569
0.0642,3497
0.00571,5086
0.0898,3330
0.0827,2196
-0.163,9500
-0.000359,5462
-0.169,9164
-0.0597,6083
0.139,1658
-0.172,10610
0.136,2335
0.013,4952
-0.126,8665
-0.114,9056
0.126,2669
0.0468,4290
0.134,2639
0.0622,4242
-0.0197,5646
0.157,1109
-0.18,10323
-0.171,8538
-0.216,9246
0.253,1517
-0.0923,8251
-0.0332,6250
0.0367,4165
-0.0556,6501
-0.117,7243
-0.158,8797
-0.103,9207
-0.0473,7434
-0.136,7885
-0.0622,6450
-0.103,8828
-0.205,10355
-0.0094,5910
-0.0051,5617
-0.0419,6565
-0.275,7740
-0.342,10108
-0.169,7899
0.175,502
-0.068,8618
-0.0548,5913
0.0218,4758
0.0961,3825
-0.31,10601
0.256,710
-0.085,9156
-0.069,7774
0.0874,2944
0.0674,2265
-0.339,10495
0.101,2888
-0.111,7432
-0.215,10299
0.0924,3718
0.16,2458
-0.24,9457
-0.0777,8168
0.193,1089
-0.171,8982
0.0447,4069
-0.107,7512
0.0246,4763
-0.222,10378
0.112,2169
-0.0828,6891
0.51,1094
0.311,1175
0.59,1669
0.0108,5033
0.244,1247
-0.00825,5477
0.264,1654
0.0712,4300
-0.145,7047
0.101,1425
-0.176,10657
-0.197,9449
0.0279,4319
-0.211,7992
-0.267,9641
0.054,3882
0.114,3698
-0.0447,6330
-0.146,9134
-0.203,10385
0.222,2539
-0.101,8220
-0.112,9022
0.304,853
-0.262,9172
-0.367,10913
0.453,867
-0.245,9891
0.0303,4661
-0.205,9821
-0.161,9343
-0.0437,6330
-0.165,8983
-0.0244,5944
0.0211,3741
0.289,2717
-0.00566,5398
0.245,1186
0.0511,3372
0.0477,4094
-0.144,10188
0.0618,3900
-0.407,9743
-0.0616,6839
-0.127,7124
-0.204,8863
-0.0228,5630
-0.00483,5378
-0.115,7449
-0.417,10781
-0.207,8282
-0.17,7959
-0.0206,6113
-0.0715,7060
0.103,2424
-0.0422,6308
0.395,296
0.0111,5006
0.0588,1963
0.248,718
-0.0387,6552
0.486,1557
0.214,838
-0.131,8418
-0.404,10899
0.0343,4294
-0.107,7195
0.105,4187
-0.135,6844
0.00397,5399
0.0275,4831
0.0753,3614
-0.185,7351
-0.197,9257
0.00189,5180
-0.115,9634
0.0373,4138
-0.422,10500
-0.0146,5535
-0.304,10226
-0.137,6589
-0.0027,5416
0.0775,3372
1.22,36
0.12,2854
0.115,3203
-0.169,8495
0.258,655
-0.0827,8504
-0.202,9802
0.479,367
0.0904,3537
-0.0281,6360
-0.058,7746
-0.197,9388
0.0449,3618
-0.0998,7874
0.047,4264
-0.119,7393
-0.0845,8033
0.234,304
-0.0337,6198
0.145,2106
-0.0625,6166
-0.04,6440
0.246,595
-0.221,9615
0.443,1486
-0.18,9249
0.0631,3566
0.356,554
-0.0274,6338
0.642,85
-0.222,10308
-0.0878,6912
-0.0292,6100
-0.0033,5046
-0.0745,8971
-0.0665,7607
-0.184,7407
-0.0716,7956
0.0781,3538
-0.122,5843
-0.148,9995
0.105,2511
-0.00577,5392
0.11,3632
-0.204,7943
0.0572,4040
0.241,680
0.107,2212
0.342,1324
0.56,306
-0.141,6971
1.01,23
0.0768,3986
-0.0177,5953
-0.0245,5400
-0.109,7888
0.126,3507
-0.141,7672
0.0689,2421
-0.213,9407
-0.218,8783
-0.202,9268
0.0572,4175
-0.236,10191
0.112,796
0.0173,4471
-0.167,7637
-0.0689,7095
0.144,2911
-0.197,8810
-0.184,7939
-0.027,6647
0.181,2643
-0.16,9120
-0.183,9676
-0.0386,6346
-0.166,9375
0.115,457
0.0858,3168
0.234,633
-0.0585,6642
0.0996,3216
0.0612,3191
-0.0477,6083
0.0673,1350
0.205,707
0.0487,4043
-0.0575,6440
-0.267,10597
0.0394,4287
0.0906,2347
-0.113,7985
0.121,2378
0.0631,4051
0.0024,5287
0.0873,2650
0.0445,4372
0.0938,3660
-0.279,10088
-0.295,8603
-0.338,9081
-0.0283,7375
0.0623,2910
0.012,4633
-0.0307,5815
-0.634,9368
0.0445,4473
-0.106,8676
-0.0382,7535
0.18,2571
0.0669,3819
0.578,218
-0.0749,7056
-0.118,9426
-0.117,9518
-0.249,8640
-0.0261,6216
-0.396,10721
-0.0199,5517
-0.187,9501
-0.207,9131
-0.206,9640
0.0574,3917
-0.403,10919
0.472,693
0.0786,2732
0.0231,4421
0.055,3611
-0.00746,5621
-0.0686,4869
-0.0957,7758
-0.0975,8398
0.0956,2212
-0.102,6746
-0.165,6956
0.14,3192
-0.108,9464
-0.0457,7617
-0.0765,6549
0.155,1060
-0.279,10249
0.19,2313
-0.112,7571
-0.121,9449
0.0925,3039
0.431,1083
0.00879,5384
0.0555,4219
0.969,8
-0.306,10615
0.0743,3258
0.0622,3167
-0.0791,6969
0.0986,2113
-0.104,7977
-0.171,8811
-0.0542,7204
-0.0292,5801
0.112,2459
0.643,290
-0.0795,8216
0.00888,4970
-0.134,8269
0.261,1099
-0.27,9279
0.316,985
0.0198,4537
-0.2,10347
-0.0287,6433
-0.178,8768
0.283,735
-0.0172,5399
0.404,1633
-0.0356,6124
0.0724,2464
-0.133,7387
-0.275,10535
-0.359,10820
0.0712,4326
0.442,66
0.194,1731
-0.13,8737
-0.162,8530
-0.115,8176
-0.0206,6055
0.0651,3201
0.203,2108
0.0228,5022
-0.168,9544
0.319,2670
-0.254,7577
-0.0522,6927
-0.0329,6707
-0.155,9679
0.337,696
0.179,1210
0.0474,4069
0.0892,2653
-0.0693,9018
0.0914,3792
0.105,2020
0.271,444
-0.114,8027
-0.208,10769
-0.0102,5824
-0.085,6930
-0.292,10033
0.0597,4048
0.0688,2768
0.253,525
-0.025,6241
0.00121,5457
-0.0732,7344
-0.614,11014
0.152,1504
0.0228,4273
0.254,1695
2.38,548
-0.211,10002
-0.195,6356
-0.0233,5900
0.00654,5137
-0.0727,6365
-0.214,7491
-0.326,9672
-0.104,8996
-0.0746,7002
0.276,165
0.028,4265
0.0739,3625
0.0721,3011
-0.0957,7130
0.175,3293
0.0515,3343
0.199,1298
-0.2,8847
-0.184,9558
0.0749,3549
0.163,2329
0.0218,4537
0.131,2175
-0.105,8902
-0.123,6832
0.0313,4233
-0.137,8953
0.0329,3957
0.191,711
0.325,555
-0.0442,7012
0.039,4690
-0.103,7462
-0.0691,6933
-0.00743,5416
0.00246,5351
0.0364,4083
-0.153,9291
0.107,2786
-0.279,9920
-0.00225,5455
0.176,1945
0.184,1138
0.171,1746
-0.235,9566
-0.135,9718
0.0363,4329
-0.165,9124
0.147,1924
0.409,1558
-0.067,6638
-0.19,9712
-0.269,10039
-0.103,6113
0.0321,4497
-0.102,7793
0.0745,3897
0.0974,3277
-0.0657,8001
0.03,4408
-0.163,9270
-0.167,7391
0.000188,5348
-0.00221,5327
0.199,506
0.209,1496
-0.137,7927
0.117,3392
0.336,1326
-0.204,10080
-0.198,9362
-0.245,7264
-0.0618,5581
-0.431,6448
-0.206,6776
0.166,1449
-0.12,6215
0.418,911
-0.18,9774
-0.43,10255
-0.153,8442
-0.0679,8092
0.0528,3360
0.0401,4608
0.00687,5293
0.207,675
-0.184,8021
0.0768,3566
0.0615,2513
0.121,2533
0.32,954
-0.164,8166
-0.281,10346
0.203,556
0.102,1986
0.174,2187
0.0128,4778
-0.0613,6822
-0.261,9149
-0.0388,6798
-0.112,8183
0.0715,3525
0.249,1157
-0.101,7859
0.0303,4759
0.193,808
-0.113,8555
-0.00541,5317
0.0923,2887
-0.0716,6659
-0.119,7882
0.196,1132
-0.0387,7182
-0.254,6283
-0.199,7773
-0.33,10026
-0.252,9482
-0.158,9786
-0.0984,7693
0.157,958
0.00856,5303
-0.036,5673
-0.277,9247
0.282,403
0.0123,4637
-0.14,8283
0.626,392
-0.205,10385
0.182,798
-0.033,6458
0.0349,4119
0.183,2146
-0.0878,9120
0.0537,3259
-0.255,8664
0.106,2644
-0.0988,9678
-0.0967,8290
0.0374,4620
0.0467,4340
-0.261,8969
-0.0496,5644
-0.0828,7095
0.395,338
-0.276,9989
0.0104,4932
0.292,767
-0.312,9364
0.382,43
-0.0581,3852
-0.00795,4863
-0.253,7511
0.335,355
-0.272,10538
0.00887,4962
-0.112,10232
0.11,1762
0.0327,3705
0.0882,3490
0.0362,4552
0.729,40
0.462,994
0.0357,4680
-0.0685,6814
0.113,4293
-0.0115,5226
-0.0311,6186
-0.0277,5559
-0.117,7965
0.17,2088
-0.191,10115
-0.0673,7183
0.0984,3719
-0.306,9966
0.0351,4203
0.163,1934
-0.338,10409
-0.0263,6223
-0.417,10016
-0.182,8270
-0.0917,9181
-0.00339,5464
0.00629,5058
-0.116,8606
-0.52,10775
0.0689,3731
-0.0812,8869
0.0255,4444
-0.136,8564
-0.136,8920
-0.238,9433
-0.14,7202
-0.127,9377
-0.181,9660
-0.121,7988
0.28,1414
-0.15,6669
0.217,1936
-0.336,10873
-0.113,9293
0.183,1757
0.226,1413
-0.322,10270
-0.316,10286
0.11,2347
0.343,449
0.117,2674
-0.347,10469
-0.0214,5367
0.0874,2805
-0.149,8978
0.0434,4323
0.102,3425
-0.0352,5979
-0.0205,6160
0.129,2503
-0.0252,6129
-0.0229,6929
-0.0471,6294
-0.23,9679
-0.16,8085
-0.145,8075
0.551,231
-0.0675,7452
-0.203,8957
-0.291,9879
-0.319,10591
-0.159,7641
0.152,2629
-0.0716,7532
-0.221,9031
1.1,838
-0.0571,5942
0.152,3143
-0.17,8570
-0.232,9756
0.111,3115
0.0434,4360
-0.0803,7333
0.0888,2775
-0.0635,6895
0.138,3270
0.0906,2611
0.00591,5375
-0.217,9553
-0.234,10157
-0.0667,8086
-0.0496,6125
0.0597,3460
0.101,3876
0.141,2730
0.0583,3316
-0.057,6751
-0.0186,5862
-0.188,8150
0.00646,5332
0.0955,2839
0.0988,2228
0.0539,3635
-0.0152,6373
0.368,726
0.122,3516
0.00302,5180
0.231,1153
-0.113,8051
-0.236,9238
0.208,1373
0.105,2117
0.0137,4859
0.0274,4247
0.138,1102
0.0492,3529
0.0613,3915
-0.38,10679
-0.426,10088
-0.35,6731
-0.0689,7317
0.272,609
0.0403,3926
-0.114,7042
-0.116,8150
0.422,387
0.022,4750
-0.423,10494
0.0257,4156
0.098,2989
0.0773,3841
-0.189,10605
0.0678,3154
0.506,24
-0.372,10638
0.0281,4652
0.156,2910
-0.031,6804
0.34,575
-0.686,10631
-0.0158,4064
-0.116,5381
0.225,1934
-0.194,8530
0.0465,4330
-0.164,7950
0.169,899
-0.265,9520
0.0832,3663
-0.293,10933
0.0808,3532
-0.0685,6963
1.36,90
-0.207,8537
-0.228,6872
-0.217,7535
0.126,3182
-0.119,6885
0.00973,4920
-0.253,8828
-0.108,7534
0.141,1059
0.214,601
0.496,404
0.154,2088
-0.00247,5533
-0.209,7471
-0.0922,9732
0.0544,3586
-0.171,9253
-0.0174,5670
0.307,562
-0.0977,7308
0.303,640
-0.0741,7338
-0.321,8193
-0.165,7380
-0.168,6646
0.0215,4596
0.0337,4374
-0.118,9054
-0.219,8657
0.135,2552
-0.0924,7669
-0.00407,5295
0.117,862
0.0142,4679
-0.643,10101
-0.0275,5910
0.0314,4836
-0.225,9328
-0.16,9531
-0.152,10257
0.000452,5525
0.0252,4722
-0.32,8739
0.0229,4209
0.131,2637
0.078,2407
-0.065,7633
-0.0985,6613
0.557,526
0.216,1435
-0.0213,5720
0.113,2617
0.0538,3740
0.546,143
0.249,910
-0.114,7868
0.0732,2625
-0.0536,7153
-0.197,9851
0.0243,5037
-0.141,8526
0.191,1781
0.0616,3711
-0.182,9985
0.0303,4341
-0.175,7831
-0.294,9465
0.311,1850
0.114,2462
0.0671,3502
-0.103,8021
0.108,3484
-0.357,8548
0.292,1758
0.0206,4478
0.125,1474
-0.2,9690
0.158,1524
-0.146,10730
0.0495,4459
0.0617,2449
-0.0607,7197
0.169,2288
-0.127,8055
-0.227,9292
0.0325,4830
-0.144,8651
0.0601,3417
-0.00967,5198
-0.0542,8010
-0.244,7785
-0.0491,6767
0.0749,2644
-0.0272,6154
-0.21,9574
0.0973,3253
-0.094,6135
-0.0618,6082
0.23,1075
-0.108,9633
-0.243,10625
-0.195,8765
-0.308,6949
0.2,1290
0.484,840
0.124,1207
-0.25,8010
-0.0656,7201
-0.0519,6369
-0.249,9274
0.131,1198
0.0407,4641
0.132,2719
0.17,1624
-0.221,7103
0.0278,4230
-0.0545,7400
0.0825,2610
0.432,796
-0.094,7378
-0.194,7967
-0.02,5849
-0.127,9057
-0.0105,5881
0.0371,4325
0.0958,3280
0.201,423
0.0212,4948
-0.136,9096
0.108,2976
0.297,2233
0.0712,3357
0.0595,4373
0.0721,4077
-0.129,7560
-0.121,7983
0.0806,2620
-0.0722,7845
0.124,2215
-0.451,10779
-0.0533,6982
0.0196,5065
0.0369,4593
0.0911,2924
-0.194,8527
-0.312,9757
-0.0374,5474
0.112,3386
-0.0422,5993
-0.0115,5365
-0.548,7559
-0.117,8874
-0.139,9543
-0.0924,8287
0.128,2424
0.25,1336
-0.204,8344
-0.056,6039
-0.302,10480
0.046,4117
-0.418,9624
-0.0193,6227
-0.187,8853
-0.0663,6947
0.201,824
0.195,1299
-0.146,9341
-0.0489,6769
-0.0233,5671
0.237,957
-0.111,9197
-0.0941,8761
0.255,913
0.11,3386
-0.165,8092
-0.0502,6051
-0.0653,8863
-0.173,8854
0.132,2599
0.074,4120
0.656,114
-0.22,9801
0.0789,3488
0.099,2566
0.0379,4720
-0.171,7816
0.212,2291
-0.352,10446
0.0432,3557
0.13,996
-0.206,8642
0.194,2695
0.372,1179
-0.116,6710
0.503,942
0.0103,5047
-0.0309,6036
-0.032,6305
-0.284,7580
-0.302,4913
0.109,1562
-0.072,7353
0.236,1125
-0.0562,6912
0.0583,3926
0.0282,4555
0.115,1223
-0.0691,7995
-0.0429,6877
0.112,3058
-0.531,9114
-0.13,8148
-0.143,8620
-0.122,9142
-0.225,9949
0.193,3328
-0.204,8222
0.0741,3311
-0.0962,8858
0.0418,3764
-0.142,7620
-0.0688,6119
-0.113,8495
0.12,2315
0.178,1492
-0.454,10640
0.411,573
-0.0622,6662
-0.19,9119
-0.0398,5944
-0.0129,5627
-0.0569,7985
-0.0723,6519
0.262,657
0.184,1852
-0.0792,5789
-0.0676,8195
-0.166,9556
-0.255,10508
0.155,2008
0.0323,4859
-0.0843,7338
0.0643,3246
-0.184,8849
-0.108,7612
-0.375,10994
-0.0546,6465
-0.0721,8594
0.0842,3092
0.02,4289
0.237,1137
-0.189,8049
-0.332,9513
0.00718,4944
0.00669,5186
-0.0116,5975
0.165,1905
-0.376,10489
-0.169,8654
0.109,2088
-0.0592,7167
-0.115,8279
-0.242,9191
0.0214,4857
-0.0836,8979
0.234,871
0.0783,3091
0.065,3251
0.342,1293
-0.0631,6451
0.179,2196
-0.121,7727
-0.133,8302
0.0149,4684
0.271,1379
-0.333,9746
-0.0766,6717
-0.122,7295
0.0193,4820
-0.0931,8983
-0.215,8927
0.3,1212
0.211,1997
-0.311,8902
0.084,3132
-0.0356,6378
0.0799,3427
-0.341,9796
-0.0675,7333
-0.256,9944
0.0573,3289
-3.51e-05,5429
-0.204,9854
0.0328,4702
0.22,2068
0.349,1339
0.182,1469
0.159,1142
-0.203,8870
-0.142,8012
-0.21,8892
0.0107,4704
0.0392,4263
-0.0423,7324
0.00833,5006
-0.313,9405
-0.0962,7889
0.112,3490
-0.148,9591
-0.121,10039
0.24,1467
-0.0604,6155
-0.17,8719
0.139,2426
0.129,2188
-0.0463,7781
-0.0821,7020
0.223,867
-0.299,9983
0.113,2054
0.0874,2380
-0.0548,8268
0.0788,3877
-0.12,9467
-0.154,8634
-0.175,6951
-0.0461,6882
0.387,59
0.0424,3971
-0.204,9056
-0.0439,5739
0.0428,4124
-0.131,9127
-0.13,8471
-0.063,7402
-0.312,8455
-0.172,7031
-0.0751,7039
0.099,2876
-0.209,10003
0.0989,3690
-0.254,9463
-0.0419,6628
-0.0811,5925
-0.316,10816
0.0115,4988
0.0216,4695
-0.301,10592
-0.127,8561
0.186,1910
0.00461,5288
-0.109,8733
-0.4,10632
0.033,4214
0.104,3191
-0.281,9156
0.0142,4885
0.0629,3062
-0.158,8183
0.549,375
0.187,1651
-0.188,6571
-0.117,8128
0.0923,1749
-0.0274,5924
-0.15,7604
0.352,345
0.131,2507
0.0984,2528
0.105,2813
-0.164,9360
0.237,1138
-0.0161,5326
0.182,1171
-0.0245,6122
-0.0892,6298
0.136,1508
-0.138,8313
-0.604,9681
-0.0961,10130
0.0144,5187
-0.0675,7636
0.123,2719
-0.224,10639
-0.492,10926
0.0762,3551
-0.00888,5679
-0.252,9211
0.0807,3970
0.303,1082
-0.21,8603
0.445,231
-0.282,10568
0.0499,4276
0.172,1137
-0.294,10209
0.106,2728
0.0548,3227
-0.0584,8054
0.436,1013
-0.308,10445
-0.113,7770
-0.4,9005
0.0984,2014
0.0935,1783
-0.11,6751
0.00873,4996
-0.192,7988
0.759,402
-0.0584,8316
-0.204,9924
0.0303,4043
0.121,3042
0.142,2735
0.0324,4466
0.209,1073
-0.186,10228
0.227,1977
0.0324,4149
0.281,2310
0.0552,4145
-0.152,9258
-0.0856,7973
0.0604,4013
-0.132,8289
-0.0703,6737
-0.254,8755
0.154,1251
-0.241,8019
-0.345,10353
0.0371,4577
0.0892,3603
0.0181,4360
0.02,4990
-0.124,8116
-0.0338,5251
-0.275,8675
-0.44,10446
-0.131,7659
0.178,1088
-0.171,9799
-0.1,7515
-0.0836,8598
0.00684,4863
0.0177,5167
-0.1,8906
-0.228,10719
-0.361,9270
-0.465,6457
-0.135,6977
-0.0541,5310
0.229,1492
0.262,371
-0.287,9757
0.656,49
0.0572,3562
-0.133,8084
-0.0469,6802
-0.0961,8594
-0.0449,6472
-0.00398,5577
-0.0297,5947
-0.317,6838
0.108,2331
-0.132,9754
-0.0574,6767
-0.179,9381
-0.138,8301
-0.0105,5280
-0.00103,5625
-0.0613,9701
-0.165,6707
0.146,2137
-0.0023,4652
-0.26,9500
0.0579,3813
-0.0383,7692
0.156,3840
0.139,3286
-0.257,11005
-0.157,9312
-0.122,9867
-0.0419,7087
0.011,3839
-0.123,8368
-0.0955,8811
-0.054,6498
-0.0677,7998
0.0399,3878
-0.221,9330
-0.203,8463
-0.0633,6639
-0.0598,7561
0.264,395
0.281,487
-0.375,9892
0.488,1436
0.258,2014
0.0387,4384
-0.0959,8196
-0.00135,5459
-0.0264,6282
0.0736,3613
0.135,2534
-0.261,8177
0.388,2804
-0.178,9722
-0.0141,5922
0.15,2827
-0.0184,5564
-0.018,5689
0.184,3429
-0.144,8504
0.107,1702
-0.226,9102
-0.185,8504
0.18,1339
-0.277,8134
0.00149,5436
0.234,1601
-0.0451,7245
0.0273,4808
-0.135,8880
0.29,1664
0.0103,4964
0.0934,2209
0.203,1366
-0.0547,6486
0.587,666
0.692,741
-0.13,10683
-0.0666,6808
-0.117,8873
0.00691,5078
0.104,3393
-0.415,9976
-0.0539,6617
-0.403,10038
-0.152,7602
-0.222,8407
-0.203,8704
-0.221,9022
-0.0309,6671
0.0751,1773
-0.0691,6266
-0.0916,9230
-0.209,8186
0.698,440
-0.245,10348
0.0949,3328
0.102,2515
-0.458,10889
-0.212,8115
-0.069,7596
0.583,57
0.141,421
-0.27,10488
-0.307,10172
-0.167,8666
-0.306,10165
-0.0992,7956
-0.0387,6209
-0.218,9615
0.314,1211
0.128,856
0.358,456
-0.0041,5572
-0.0308,6737
0.0621,3681
0.0749,3822
-0.0901,6802
-0.396,10306
-0.138,8811
0.0696,2785
-0.089,6691
-0.188,10353
0.0648,4211
-0.246,10343
0.0313,4672
-0.149,7847
0.213,986
0.0214,4649
-0.206,10136
0.0197,4703
-0.2,10347
-0.0684,6914
0.0753,2533
-0.185,8442
-0.118,7153
-0.0582,7438
0.0929,2898
0.066,4296
-0.129,9096
-0.149,8851
-0.111,8517
0.0971,2069
0.244,963
0.0955,2810
0.436,300
-0.127,7632
-0.0998,7545
0.132,2999
0.16,2660
0.0822,3737
-0.121,7234
0.045,3809
-0.272,9222
-0.223,9471
0.225,1167
-0.261,10354
-0.0841,6983
-0.122,5503
0.256,1144
0.107,2862
0.00807,5176
0.304,2958
-0.19,8006
0.258,1989
0.563,1009
-0.38,7871
-0.347,9809
-0.128,8964
0.369,1129
0.328,1034
-0.000695,5531
0.0577,3039
0.0903,3156
-0.434,10042
0.197,2948
0.00598,5208
0.0566,2402
-0.166,10480
-0.0597,6570
-0.0415,6670
0.304,335
0.266,1384
-0.204,9610
-0.0757,8357
0.935,160
-0.256,10805
-0.0505,7477
0.475,866
-0.0391,6113
-0.058,7825
0.122,3563
-0.188,8755
0.355,524
-0.185,9355
-0.119,8461
0.145,2614
-0.0268,5484
-0.199,10430
0.0669,3516
0.0597,4287
0.0731,3111
-0.262,10496
-0.0464,5720
-0.284,9158
0.112,3069
0.302,1120
-0.0411,7219
-0.237,10276
-0.0375,5529
-0.0597,6459
-0.22,9383
-0.174,8813
-0.0394,6444
-0.00088,5461
-0.0607,7360
-0.231,8855
-0.369,8306
-0.118,7756
0.121,2586
-0.00927,5876
-0.0791,7196
-0.236,8199
0.498,514
-0.11,7960
0.194,719
-0.387,10988
-0.19,9634
0.137,2643
0.268,1327
0.126,2270
2.83e-05,5298
0.162,1607
0.187,1893
0.17,1674
0.33,1247
0.0512,4428
-0.184,10168
-0.296,10872
-0.149,8625
-0.00526,5736
0.124,2182
-0.0721,8627
-0.0439,6272
0.167,1478
0.108,3228
0.0271,4084
-0.0324,6422
-0.258,10317
-0.0151,6158
-0.119,8597
-0.147,9674
-0.156,10336
-0.0404,6428
-0.398,10882
-0.0752,7831
-0.0618,7166
-0.00322,5419
-0.0836,6603
-0.0844,7195
-0.0154,5983
0.548,205
-0.0903,7228
-0.0527,6694
0.0564,4404
-0.0745,7131
-0.127,5450
-0.184,10208
0.0637,2740
-0.0637,7883
-0.315,9332
0.0519,3761
-0.0873,6870
-0.00581,5565
0.0687,3131
-0.0577,7106
0.242,1100
-0.0196,5230
-0.164,8099
-0.159,10361
-0.113,9416
-0.252,10517
0.12,2207
0.332,1388
-0.248,9825
-0.0231,5717
0.0773,2634
0.0387,4311
0.0402,4027
0.0417,4183
0.00753,5022
-0.203,8528
-0.0926,7222
-0.0411,6245
0.11,3754
-0.177,5773
-0.155,5705
-0.0431,6925
0.0257,3902
-0.362,10374
0.317,1814
0.117,2109
0.298,1948
-0.0548,6324
-0.0908,8492
-0.108,7128
-0.0353,6293
0.034,4461
-0.0901,6767
0.0882,4247
-0.144,7939
-0.315,10384
-0.00721,5260
-0.0512,7172
0.0286,4438
0.121,688
-0.157,10466
-0.223,9241
-0.0255,5784
-0.25,10077
0.0178,4700
-0.0686,8630
-0.0379,7151
0.2,783
-0.108,7839
0.381,869
-0.0104,5660
0.0136,4824
-0.042,6763
0.0464,3879
0.0359,4361
-0.0188,6114
-0.57,10216
0.226,677
-0.136,8728
-0.108,6991
0.473,1515
0.118,2518
0.067,3568
-0.0962,8762
0.0259,4337
0.207,2170
-0.153,9672
0.14,2319
-0.0897,7972
0.105,2652
-0.115,8344
-0.149,10002
0.0252,4694
0.0791,2326
-0.0211,5733
-0.0607,7462
0.139,1585
-0.136,9043
0.0681,3884
-0.342,9215
-0.175,5830
0.106,1630
-0.202,10649
0.287,501
0.198,1253
-0.0619,6519
0.0375,4678
0.621,0
-0.0741,7920
0.124,2504
-0.0774,7057
-0.0168,5360
-0.141,7942
-0.0571,7613
-0.00396,5719
0.0376,4306
-0.193,9748
-0.182,6874
0.078,2453
0.0188,4748
0.0662,3899
-0.119,9032
0.155,3094
0.0637,3816
-0.166,8566
0.177,1397
-0.0261,6307
0.118,2796
-0.443,10367
-0.152,8960
-0.176,4166
-0.213,10654
0.122,1543
-0.152,7787
-0.32,8417
-0.197,9837
-0.0984,6461
-0.387,10923
-0.124,8929
0.502,266
0.333,889
-0.169,8062
0.096,3083
0.143,1030
0.0683,3829
0.138,3412
-0.38,10045
0.115,3609
0.0343,4359
-0.12,9773
-0.115,10265
0.0598,4013
0.342,1842
0.129,2698
-0.0608,6577
-0.342,7885
-0.0298,6840
0.0143,5102
-0.0973,7586
0.176,3088
0.00606,5132
-0.19,7693
-0.147,10112
0.147,1802
0.515,431
1.47,242
-0.136,8079
0.305,193
0.108,2911
0.408,594
-0.0932,6661
-0.203,8290
0.224,3050
-0.0737,7851
-0.0714,7269
-0.273,9617
-0.157,9293
0.156,2304
0.0348,4210
-0.0355,6409
0.00146,5285
0.535,100
0.0395,4068
0.319,1816
0.0746,4096
-0.0696,7862
-0.122,9140
-0.299,9125
0.00981,5062
-0.111,7988
-0.00548,5383
0.105,1935
0.431,463
-0.119,8751
-0.109,7550
0.103,3077
-0.259,8983
0.00853,5271
-0.218,9681
-0.297,9749
-0.00864,5779
-0.00669,5373
-0.00724,5864
-0.0337,6238
0.113,1557
-0.0907,6564
0.154,956
0.213,1277
-0.0454,6136
-0.104,8873
-0.0761,8346
-0.233,9108
0.452,245
-0.107,8419
-0.103,7428
0.219,1667
0.108,2159
-0.219,8121
0.853,802
-0.124,8126
-0.0692,6679
-0.0314,6235
-0.0398,6841
-0.356,10085
0.215,2639
0.0772,3100
-0.196,6874
0.0771,3707
0.0283,4117
-0.116,8074
-0.0492,5223
-0.293,10088
-0.0781,5898
0.00515,5041
0.0936,3137
-0.384,10927
0.0526,4280
0.00256,5326
0.121,2846
-0.101,8470
-0.0877,7318
0.0172,4942
-0.136,8562
-0.261,9798
-0.218,9727
-0.0928,7970
-0.247,9321
0.168,2892
0.0531,4028
-0.23,9039
-0.571,10436
0.321,344
-0.00176,5243
-0.196,9269
0.0336,4520
0.256,564
0.036,4213
0.0497,4216
-0.0911,5569
-0.173,10500
0.161,1988
-0.0532,7722
-0.0799,7087
0.0531,3690
0.0995,1826
-0.213,9251
0.163,2133
-0.21,9868
-0.112,6656
0.171,1297
-0.0484,6221
-0.142,5233
-0.196,8362
0.253,721
0.39,1154
-0.202,9957
-0.452,10544
-0.0475,5905
0.21,1741
-0.136,7868
-0.0361,6341
0.106,1134
-0.114,9588
-0.119,8275
-0.195,9101
0.583,791
0.0214,4723
0.159,1610
0.0192,4202
0.354,823
0.0781,3884
-0.716,8824
0.0197,4686
0.267,315
-0.00717,5828
-0.077,6975
0.0922,2260
0.0746,4275
0.188,2763
0.209,1214
0.121,2607
-0.102,7915
0.433,296
-0.161,8951
0.145,2731
-0.0615,8018
0.136,1196
0.0587,3683
-0.225,10509
-0.127,8167
0.393,351
0.145,1447
-0.00254,4985
-0.157,9394
-0.0288,6214
-0.0842,6427
-0.0954,7428
-0.0884,8491
-0.137,8500
-0.11,7501
0.0632,3692
-0.0663,6543
0.608,747
0.174,1813
-0.0637,8445
0.131,1542
-0.108,8946
-0.0622,6807
0.0989,2757
0.0133,5042
-0.0824,7368
-0.222,8145
0.384,642
-0.103,7329
-0.383,9691
0.271,483
0.0247,3937
-0.187,9486
-0.0161,6032
0.342,641
0.0639,3102
0.292,342
-0.148,9328
0.328,859
0.0785,3123
0.186,2129
-0.0975,8557
-0.184,10010
-0.0241,6504
-0.189,9127
-0.0859,7822
-0.139,8633
-0.0379,5948
0.144,2812
0.118,2888
0.105,2926
0.896,341
-0.0903,7146
0.421,923
0.0458,3403
0.222,852
0.00767,4983
-0.372,9623
0.0233,5114
0.416,2107
0.0328,3929
-0.126,8330
-0.258,9550
-0.0574,6655
0.134,1938
0.459,1798
-0.053,6919
0.0773,1866
0.119,3265
0.358,1013
-0.144,8002
0.323,1904
-0.153,9344
0.000237,5195
0.0861,3261
0.272,710
-0.244,7208
-0.389,10611
0.0747,3321
0.0367,4225
-0.216,8293
0.0765,3677
-0.0607,7011
0.0705,4234
-0.0983,8688
-0.0981,9491
0.155,2656
0.0685,3578
-0.226,9932
0.00585,5197
0.137,1997
0.109,2491
-0.181,9833
0.0731,3491
0.0902,2577
0.114,2074
-0.109,7906
0.0599,3752
-0.0805,6715
0.287,944
-0.115,9459
-0.562,10428
-0.000913,5515
0.262,705
0.371,740
0.0111,4932
-0.338,8743
0.203,1949
-0.0178,6057
-0.0609,7244
1.11,144
-0.0442,5708
0.315,1813
0.0241,4137
0.0564,3142
0.207,1485
0.0477,4079
-0.0834,7191
-0.128,7737
-0.0905,7546
-0.0326,5548
0.002,5352
-0.0526,6495
0.346,1310
-0.116,7897
0.0777,3604
0.0487,4323
-0.249,8395
0.0315,4522
0.427,380
-0.177,8068
-0.335,10034
0.412,510
0.273,2182
-0.345,8520
-0.746,10475
0.0315,4562
-0.0793,8854
-0.0946,9168
-0.081,7327
0.278,343
-0.179,7883
-0.14,7996
-0.0394,6603
-0.122,8332
-0.194,8531
0.263,1305
0.169,1686
-0.199,10171
-0.203,8710
0.529,463
0.209,1660
0.0253,4393
-0.0728,6023
0.0626,3422
-0.116,8523
0.03,2933
0.0263,4526
-0.329,10278
0.34,878
-0.225,9871
-0.0378,6721
0.0763,3214
-0.251,10469
0.0881,2313
0.0554,4099
0.298,858
-0.0834,8528
0.101,2856
0.0983,4197
0.0443,4285
-0.0425,5931
0.0298,4490
-0.13,8565
-0.137,9140
-0.113,7674
-0.121,7784
0.0676,4543
0.16,3771
-0.0183,6556
0.267,601
0.114,2707
-0.145,7451
0.0259,4584
0.767,855
-0.115,7610
0.0961,3246
0.314,233
-0.233,8504
-0.142,9756
-0.0817,6619
-0.0764,7266
0.124,2748
-0.0276,6115
0.000885,5015
0.162,2559
0.062,3874
0.344,345
-0.09,8517
-0.268,9582
-0.125,7043
-0.262,10468
-0.00545,5286
0.0321,4398
0.0285,4616
-0.126,8919
-0.211,8955
-0.096,5984
0.365,1729
-0.0562,7020
-0.0516,7725
-0.0296,6100
-0.188,9214
0.08,3346
-0.188,7097
0.0835,3081
0.212,1551
-0.158,9536
0.0935,2782
0.188,939
-0.0848,8479
-0.245,10484
0.247,1209
-0.171,7517
-0.0689,7043
-0.176,9675
-0.255,9039
-0.121,8490
-0.145,8150
-0.124,6555
-0.0354,6730
0.142,3448
-0.62,10795
-0.0206,6113
-0.0134,5463
-0.208,9178
-0.0745,7891
0.0401,3804
-0.0467,5561
-0.0653,7116
0.373,6
0.094,4169
-0.0552,6528
-0.122,7842
-0.0767,7231
-0.116,8640
0.254,1341
-0.113,8230
-0.0345,5282
-0.111,8798
-0.0132,5919
0.264,192
0.0158,4676
0.0815,2873
0.011,4751
0.813,81
-0.412,7523
0.0978,2545
0.0909,2671
-0.046,6669
0.266,971
0.26,2348
-0.0785,8424
0.117,2174
-0.101,8521
0.0844,3792
-0.0323,8291
0.0855,997
0.0789,2868
-0.0468,6344
0.0636,3314
0.229,1571
-0.0972,10225
-0.103,10481
0.523,2384
0.155,3559
0.07,2505
0.111,1976
0.755,2
0.422,239
0.0372,4499
-0.19,8841
-0.195,9493
0.102,2655
-0.0489,6632
-0.112,6385
-0.174,9306
-0.323,10495
-0.169,9002
0.215,226
0.0157,4736
-0.027,5761
-0.0746,6362
-0.218,8630
-0.322,10492
0.131,2380
0.0317,3910
-0.0138,5754
0.132,2916
0.628,763
-0.199,8377
0.074,3095
-0.0178,5937
0.0501,3745
0.0542,3543
0.192,1601
0.535,1739
-0.335,10741
0.254,292
-0.329,10888
0.0349,4488
0.00439,5121
-0.263,7574
-0.236,10840
-0.0405,6346
-0.181,9161
-0.155,9398
0.19,2790
-0.0415,6551
-0.0252,6721
0.0426,3791
0.0356,4307
-0.1,7241
-0.166,9534
-0.0088,5509
-0.081,7566
-0.0802,9568
-0.0475,6293
0.0619,3458
-0.416,10005
0.107,2276
-0.065,8316
0.0402,3855
-0.0503,6747
-0.332,7534
0.0447,3723
-0.219,8814
-0.102,9193
-0.0121,5830
0.0126,5113
-0.262,9906
-0.095,7713
0.0666,3969
-0.381,10455
0.00931,5021
-0.123,7303
0.135,2030
-0.268,9233
0.183,2685
-0.0619,7351
-0.0714,6128
-0.128,8973
0.0712,3604
-0.143,8358
-0.134,7523
-0.141,8629
0.137,907
0.313,377
-0.208,9514
0.28,519
0.281,621
-0.125,10263
0.0201,4761
0.18,1356
-0.14,7198
0.298,3351
-0.0461,6731
-0.181,10387
-0.181,9461
-0.212,10318
0.035,4694
0.251,1520
-0.288,10000
-0.13,8554
-0.0587,6791
1.61,233
1.37,828
0.0627,4457
-0.368,8569
0.249,1650
0.131,3791
-0.15,9879
-0.0937,6802
-0.217,8063
-0.288,10486
0.0523,3499
0.519,52
0.226,695
0.58,591
-0.118,8899
-0.112,6599
0.101,2658
0.278,150
-0.0931,8649
-0.258,8102
-0.188,7625
0.00217,5389
-0.216,10277
0.117,2056
-0.111,7983
0.0393,4628
-0.254,9929
0.0907,3569
-0.00465,5313
0.0613,3847
-0.134,9232
-0.0334,6140
0.0222,4833
-0.178,8060
0.2,1107
-0.0917,7579
-0.176,9127
-0.196,9357
-0.19,7529
0.134,1328
0.0578,3757
0.0785,2379
-0.136,7474
-0.0335,6662
-0.265,10212
-0.119,7538
0.443,254
-0.121,9451
-0.0545,6804
0.208,2780
-0.134,9021
-0.0963,8661
-0.213,10133
-0.0874,7676
-0.176,9110
-0.521,7469
0.0407,4363
0.021,4590
0.0228,4579
0.196,1590
-0.178,6003
-0.204,9826
0.0241,4536
-0.188,10262
-0.0326,6715
-0.0263,6370
-0.407,9605
0.0215,4693
-0.0625,7196
0.195,1325
-0.278,10604
-0.0177,5674
0.259,1410
-0.215,9267
-0.0046,5384
0.0472,4265
-0.182,9289
-0.173,9643
0.119,3751
-0.0287,6413
-0.012,5639
-0.112,9115
-0.0678,7678
-0.158,8977
0.203,2151
0.127,3189
0.154,2249
-0.249,10569
0.176,2016
-0.0311,6204
0.67,126
0.18,2869
0.0881,2740
-0.176,9725
-0.355,10180
-0.0974,7534
-0.111,7398
0.356,226
-0.0687,7269
0.0254,4277
-0.014,5467
-0.0769,6017
-0.152,7431
-0.0343,5932
0.0392,3944
-0.0433,6874
-0.19,9449
-0.241,9440
0.0813,3425
-0.333,10005
-0.0526,7477
0.137,2672
-0.0122,5542
0.1,2519
0.0177,4776
-0.155,9138
0.134,2181
-0.0467,6134
-0.179,9657
0.452,331
-0.12,8068
0.192,1775
-0.129,9621
0.0331,3717
0.0457,4496
0.0637,3765
0.21,1808
0.0725,3580
-0.055,6798
0.337,504
-0.229,10501
-0.107,8386
-0.0347,6112
-0.0443,7020
-0.0589,8632
0.00823,4819
0.0234,4560
0.101,3723
-0.0822,7332
-0.115,9495
-0.0315,7339
0.203,1283
0.135,2575
-0.0614,6992
-0.161,7345
-0.126,9477
-0.0682,7804
-0.079,8084
-0.26,9138
1.31,360
-0.0997,6542
0.315,634
-0.0597,7186
-0.279,10621
-0.0232,6454
-0.141,7499
-0.125,7499
0.00545,5197
-0.0558,7890
-0.00898,5630
0.283,603
-0.255,10861
-0.0105,5604
0.0291,4256
0.0513,3697
0.11,3438
-0.259,10070
-0.195,9193
-0.0728,6183
0.149,2248
-0.198,9125
1.57,104
0.404,887
0.0345,4461
0.361,1339
0.484,74
-0.0981,8802
-0.108,8377
-0.264,10593
-0.00574,5424
-0.463,7652
0.0683,2950
0.0711,4136
-0.000963,5172
-0.149,7835
-0.127,7703
-0.107,7677
0.14,1474
0.224,942
-0.302,10959
0.381,2627
0.334,721
-0.109,8256
-0.031,5878
0.0311,4450
-0.144,7715
0.068,3711
-0.437,9518
-0.182,6714
0.0169,4605
-0.164,10858
-0.252,10497
0.012,4858
-0.0577,5288
-0.108,8053
0.0267,4518
0.415,170
0.522,28
0.337,886
0.248,1267
-0.258,10713
-0.0339,6422
-0.0697,7951
0.186,1534
-0.194,9034
-0.0499,7727
-0.0541,7050
0.0428,3305
-0.123,8051
0.449,394
0.205,987
-0.0471,6610
-0.141,8647
0.00905,4829
0.109,2131
-0.0269,6108
0.0202,4672
0.000877,4734
0.214,2279
-0.0453,7342
-0.0977,7787
-0.0312,6157
0.129,3577
0.141,1289
-0.141,5907
-0.0161,6531
0.0353,3429
-0.271,9427
0.112,3631
0.348,686
-0.0984,7449
-0.0383,5806
0.0199,4524
-0.131,8720
-0.358,10773
0.0659,4191
-0.102,7971
-0.058,8251
-0.156,7876
-0.137,8506
-0.0694,8157
0.284,1275
-0.28,9619
-0.00313,5536
0.142,1570
-0.296,10396
-0.365,9354
0.512,747
-0.25,6826
0.00888,5198
0.00796,5202
-0.0769,7274
0.145,2332
0.522,1417
0.015,5014
-0.213,10314
0.00578,5057
-0.389,10288
-0.224,9623
0.0982,2391
0.233,620
0.107,1129
-0.0561,7406
-0.0941,6787
-0.0756,7871
-0.0545,6222
-0.0989,7322
0.0458,3504
-0.0438,5910
-0.0291,5629
0.581,412
0.3,385
0.563,360
0.43,545
-0.294,10490
-0.156,9507
-0.0412,7078
0.0754,2846
-0.0198,5889
-0.162,8976
0.167,1096
0.0574,4282
-0.189,9924
0.161,1024
-0.0728,6914
0.043,4216
-0.236,10021
-0.00497,5378
-0.0957,9678
-0.116,9541
-0.191,10344
-0.196,8952
0.0612,4080
-0.278,10829
0.28,485
-0.206,9645
0.0119,5133
0.227,2033
-0.087,7251
0.223,1995
0.142,1527
-0.00652,5311
0.118,2379
0.439,37
0.1,3883
0.487,1
-0.0471,6414
-0.185,7988
0.217,1072
0.0114,4911
0.0463,4365
-0.131,7071
-0.0269,5697
-0.0604,8205
0.0018,5312
-0.237,10662
-0.0276,5827
0.207,2159
-0.143,9638
-0.155,10166
0.148,2467
0.213,1941
-0.254,8648
-0.0603,6233
0.0214,4323
0.11,2119
0.0234,4250
-0.195,8160
-0.199,8637
0.149,3117
0.16,2005
0.147,981
-0.156,10027
0.0752,2379
-0.183,9250
-0.0234,6286
0.33,94
0.124,2557
-0.0628,6955
-0.159,9162
-0.145,9358
0.0115,5031
0.0343,4097
0.0582,3977
0.131,2679
-0.00621,5382
-0.25,9505
0.0426,4207
-0.248,9647
-0.191,10148
-0.166,9004
-0.139,9120
-0.257,9084
0.445,294
-0.217,9446
-0.0726,7225
-0.213,10227
-0.259,8680
-0.436,9916
-0.0334,6946
0.376,309
-0.103,7083
0.178,2132
0.0909,3564
0.271,207
0.0499,4239
-0.277,9276
0.406,811
0.0717,4052
0.209,2225
-0.297,10107
-0.378,10949
0.0709,2857
0.2,1176
-0.431,10943
0.223,2085
-0.284,10031
0.247,1438
-0.0214,6181
0.0678,3377
-0.00668,5250
-0.262,10509
-0.178,9416
-0.0347,6739
0.159,720
-0.142,6776
-0.116,7367
-0.245,10171
-0.249,10305
-0.0627,8651
-0.216,10244
0.354,425
-0.0756,7564
-0.0106,5690
0.24,1408
-0.0267,5761
0.0955,2529
0.204,1044
0.224,1329
-0.0925,7312
0.0146,4780
0.104,3304
0.228,888
-0.222,8675
-0.00707,5334
0.0486,4524
-0.213,6620
0.0959,2203
-0.079,9302
-0.123,8615
-0.0354,5818
0.145,1493
2.57,161
0.0117,4800
-0.0313,6607
-0.221,9981
0.647,209
-0.229,7964
-0.109,7543
0.0241,4646
0.0687,3697
0.0981,3065
0.113,3083
0.283,208
1.85,192
-0.328,10667
0.0572,3539
-0.0479,6422
0.18,2103
-0.051,6402
0.378,1220
-0.0812,9244
0.036,4331
0.0725,3225
-0.0466,6769
0.153,1719
-0.304,8532
0.112,1619
-0.186,8504
-0.199,6301
0.143,1844
-0.00638,5466
-0.0128,5626
0.129,1180
-0.105,9572
-0.289,10069
0.158,1684
0.308,675
-0.32,10733
0.224,331
-0.0623,8243
-0.00488,5563
0.531,80
0.0917,3642
-0.0849,6043
-0.174,8821
-0.144,10005
0.258,1316
-0.43,10151
-0.138,8518
-0.149,8582
0.0671,2947
-0.12,8383
-0.0386,5765
-0.201,9921
-0.258,8305
-0.234,9843
-0.0378,7776
-0.174,10271
-0.112,7413
0.245,1081
-0.209,8143
0.0975,3385
-0.00977,5461
-0.199,10817
0.042,4130
0.287,899
0.0116,5201
-0.114,7808
0.0404,3563
-0.0412,7157
-0.338,9269
0.018,4782
-0.15,8661
-0.612,10521
-0.00605,5581
0.161,1786
-0.316,10392
0.276,2264
0.0194,4710
0.382,1443
0.123,2367
0.0724,3338
-0.303,10220
0.168,2702
-0.0813,7551
0.0894,4119
-0.101,8958
0.0592,1950
-0.488,10928
0.222,1146
-0.0796,5778
-0.101,7421
0.0455,3224
0.0282,4344
0.348,1021
-0.244,9181
-0.462,9909
-0.272,9455
-0.218,9928
-0.0764,6233
0.0702,3294
-0.0339,6460
-0.0398,6751
-0.0783,6380
-0.0218,6421
-0.0304,6113
-0.363,10810
0.207,1015
1.76,409
-0.138,5735
-0.0451,6627
-0.149,9259
-0.221,10628
-0.451,10625
-0.153,8875
-0.0608,5779
0.116,2795
-0.332,10872
0.184,1645
-0.585,8703
-0.169,9318
0.249,2089
-0.00483,5828
0.343,672
-0.00746,5486
-0.116,7524
-0.11,8087
-0.173,8086
-0.067,7569
0.0954,3407
-0.0247,5778
-0.0709,6927
-0.0904,7420
-0.246,8682
-0.0153,5956
-0.136,8660
0.0326,4658
0.162,2102
-0.178,8225
0.0519,4505
0.224,157
0.142,1347
0.0665,3681
-0.0144,5770
-0.183,7991
-0.266,9957
-0.0736,8168
0.00512,4994
0.0798,3896
-0.0268,6069
0.161,447
-0.362,9331
0.056,3100
-0.0696,8905
-0.124,9393
0.0279,4340
0.223,1370
-0.301,10826
-0.0278,5645
-0.146,9877
-0.1,8792
0.275,1989
-0.214,8931
-0.347,8597
-0.219,6312
-0.006,5742
-0.0357,7109
0.393,632
0.301,127
0.168,2012
0.207,2755
-0.11,9153
0.0693,1639
-0.413,9081
-0.154,5776
-0.372,8162
0.134,3287
0.233,2681
0.0248,4425
-0.0546,6133
-0.129,7817
-0.131,9075
-0.0121,6114
0.0329,4408
-0.258,10259
0.187,2082
0.664,24
-0.00243,5269
-0.158,8347
-0.146,10206
-0.0662,7054
-0.309,9675
0.359,1804
0.0758,3896
0.0286,4545
-0.146,8302
0.105,3323
0.0911,3026
0.151,2548
0.0321,4630
-0.384,10825
0.0178,4863
0.0505,3511
-0.704,9974
-0.362,9830
-0.0269,5546
-0.252,9749
0.0854,2350
0.0455,3755
-0.565,10022
0.202,3072
-0.493,7976
-0.366,8946
-0.0975,8504
-0.0781,4387
0.198,3251
-0.372,10481
-0.175,9527
-0.0566,5964
-0.293,10585
-0.191,9490
-0.184,9471
0.00498,5191
-0.182,10257
-0.143,9330
-0.297,10077
-0.158,8834
0.238,82
0.0974,4021
0.0309,4851
0.154,2256
-0.103,9267
-0.227,8133
-0.00711,5465
0.0137,4853
-0.114,6960
0.122,2479
0.0357,4026
0.297,407
0.0279,4514
0.0477,4276
0.124,984
-0.192,10720
-0.0805,6592
-0.124,7614
0.0752,4231
-0.0214,5431
0.316,1194
-0.0289,6521
-0.377,8426
-0.118,6189
0.251,2107
0.268,977
-0.0413,6442
-0.0223,6083
-0.0492,6928
-0.0133,5741
0.224,982
0.108,2722
-0.0325,6809
-0.203,10019
-0.017,5722
-0.112,8065
-0.0917,6995
-0.146,7578
0.115,1614
-0.187,10927
-0.254,8360
-0.253,7034
-0.275,6827
-0.00152,5174
0.0842,3281
-0.0398,6278
-0.102,7019
-0.0972,7833
0.111,2600
-0.17,9914
0.111,1679
-0.14,6831
-0.00656,5316
-0.247,8589
-0.2,9056
0.0767,2663
0.172,1499
-0.19,8664
-0.0276,6061
0.301,2099
-0.112,6748
-0.104,9138
0.258,1095
0.171,1853
-0.00353,5280
-0.0926,7649
0.194,909
0.093,2564
-0.173,9703
-0.144,7383
0.0491,4415
0.125,2604
-0.3,7375
0.056,3200
-0.185,8499
-0.205,8494
0.116,2332
-0.2,8859
-0.0624,8041
0.0401,4607
-0.0502,6284
-0.167,8745
-0.0556,7366
0.111,2783
-0.0763,8343
0.1,2169
0.0735,2019
0.00296,5292
0.164,2098
-0.18,8673
0.447,2630
0.102,2509
0.0744,2846
0.185,1746
-0.0655,7523
-0.21,7635
0.874,363
-0.054,7191
-0.00577,5820
-0.122,7336
0.148,1954
-0.122,7673
0.0201,4590
0.397,255
0.0748,3329
-0.209,9220
-0.255,10112
-0.288,10851
-0.102,7432
-0.0146,6010
-0.00929,5843
-0.04,6266
-0.0267,6043
-0.297,9952
-0.0503,7104
1.03,127
0.325,201
0.305,896
-0.219,8936
-0.0641,7241
0.404,736
-0.0722,8005
0.0493,3678
0.0631,3648
0.0724,3944
0.0506,4668
-0.174,8237
-0.0298,6547
0.541,27
-0.235,9715
-0.0074,5646
-0.518,8826
0.249,514
-0.3,10456
-0.166,10331
0.06,3418
0.0202,4772
-0.0899,7280
0.82,568
-0.14,8944
-0.0439,6732
-0.0547,7657
-0.113,7955
-0.236,9682
-0.144,9372
0.083,2177
-0.0202,6280
-0.369,10034
-0.122,7462
0.188,2443
-0.0544,6241
-0.107,8641
-0.155,8498
-0.294,9033
0.0889,3261
0.288,1819
-0.0112,5630
0.12,2107
-0.0347,6658
-0.0327,5833
-0.267,9218
-0.152,6076
-0.158,8417
0.0431,4480
-0.023,6278
-0.242,9991
0.27,1630
-0.365,8049
0.0356,4308
-0.236,9191
-0.0763,7062
0.0645,3171
-0.0848,6934
-0.0544,7755
0.0617,4133
-0.092,8154
0.265,792
-0.0765,6692
-0.0966,6207
0.722,178
-0.125,10012
-0.02,6023
0.498,2132
-0.27,9132
-0.0202,5766
0.252,281
-0.0466,6810
-0.0653,8252
-0.00344,5706
-0.0987,8333
0.209,1511
-0.0532,7343
0.0738,2650
0.201,849
-0.128,8698
-0.167,9953
-0.224,9175
0.0913,2070
0.175,764
0.351,5
-0.232,9232
-0.0351,6576
0.0254,4797
0.154,2877
0.11,2925
0.367,93
-0.0543,7364
0.154,1965
-0.283,10684
-0.235,9279
0.12,2740
-0.0331,6978
0.0204,5051
0.0966,3306
0.0659,2826
0.391,89
-0.0948,8377
0.117,835
-0.081,7541
0.254,1277
0.505,341
0.262,2381
0.0731,3055
-0.092,9165
-0.33,10061
0.27,665
-0.0665,6393
0.735,1242
-0.0845,7973
0.272,623
-0.129,6262
-0.328,10770
-0.165,8605
-0.0623,7445
0.0553,4132
0.0101,4883
0.319,919
-0.0962,7794
-0.124,6093
-0.0161,5316
-0.086,8321
-0.0052,5729
-0.117,8876
-0.0221,5968
0.0786,2161
0.226,1754
0.104,2045
0.107,2132
0.554,102
0.0824,2778
0.107,3990
0.0688,3933
-0.18,10373
-0.0509,8127
0.161,1902
-0.0186,5972
-0.186,8107
0.0318,3992
-0.152,9791
-0.0461,6709
0.0343,4778
0.171,2744
-0.0746,6828
-0.0511,6855
-0.331,7203
-0.0405,6854
-0.246,10294
0.0301,4703
0.163,2843
-0.0839,7965
0.188,725
0.156,2541
-0.298,8107
0.111,3176
-0.129,8987
-0.213,9187
-0.0418,6373
0.0484,4217
-0.0861,8519
-0.165,9073
-0.0322,6356
0.509,1341
0.0349,2910
0.021,4448
-0.0971,8412
-0.353,10879
0.363,1219
-0.117,8377
-0.198,9465
0.0871,2623
-0.175,10104
-0.391,10947
-0.00492,5207
0.355,1710
-0.199,8995
0.0159,4831
0.129,2907
0.0269,4523
0.514,585
-0.22,9960
-0.021,6110
-0.123,8719
0.25,431
0.128,2818
-0.589,11014
-0.00833,5597
-0.385,10444
0.0777,3242
-0.188,9503
0.369,695
0.0579,3577
0.122,1514
-0.112,9169
0.0344,4591
-0.474,10962
-0.288,8759
-0.195,8424
-0.173,8108
0.054,3018
0.0113,5175
-0.183,9868
0.0607,4054
0.781,432
0.25,2548
-0.0384,7445
0.153,2209
-0.141,7495
-0.0744,7011
0.514,1563
-0.245,10219
0.236,444
0.122,1355
0.278,2460
0.371,396
0.167,2826
0.0847,3609
0.248,864
-0.0943,6752
-0.133,9238
-0.0391,6093
-0.0188,6031
-0.213,7813
0.163,255
-0.069,8596
0.359,310
0.184,2391
-0.333,10300
0.0141,4988
0.106,2538
0.00872,5189
0.0786,3195
-0.00936,5476
0.303,1297
0.0409,4266
0.0442,2541
0.137,2776
-0.208,8322
0.0652,3335
-0.145,8640
-0.227,9064
0.291,647
-0.0498,9731
-0.0755,7264
-0.125,7718
-0.00371,5405
-0.138,8832
-0.0268,6664
-0.158,8916
0.342,2993
0.171,1766
0.0633,4036
-0.0767,7711
0.0221,4334
0.207,1139
-0.0439,6274
0.22,1516
-0.228,9859
-0.0699,7236
-0.0938,8893
0.252,7
-0.108,6962
-0.00408,5314
-0.203,8038
0.427,44
0.0623,3491
0.207,981
-0.0508,6954
0.00166,5103
-0.0289,6620
-0.247,8329
-0.081,9933
-0.0685,7477
-0.244,9361
0.0242,4748
0.261,1133
0.356,325
-0.0106,5759
-0.105,9084
-0.0918,7032
0.159,2760
-0.0979,8673
-0.163,9000
-0.0266,6764
0.0411,4065
-0.126,8172
0.176,1061
1.59,247
0.0697,3788
-0.141,8138
-0.0244,6811
-0.25,9573
-0.209,9722
-0.21,9732
0.58,22
0.0294,4488
-0.0406,6251
-0.0416,5968
-0.165,6582
-0.0816,7042
0.0249,4783
-0.109,8872
0.0773,3628
-0.151,5788
-0.0715,6569
0.592,312
-0.147,7962
0.0686,1562
0.271,295
-0.23,9481
-0.0967,8396
-0.246,10391
0.248,1128
0.0352,3742
-0.107,9080
0.424,510
0.083,3595
-0.0415,6143
-0.21,9517
-0.0633,8232
0.276,524
-0.177,8714
-0.222,9228
-0.259,10626
0.162,2394
-0.0445,6815
0.0115,4755
-0.289,8655
-0.0238,5492
-0.695,8716
-0.394,10363
-0.15,9582
-0.0826,7801
0.074,3981
0.2,2322
0.0604,3118
0.263,1136
-0.329,11012
-0.0415,6496
-0.0426,3517
0.0413,4618
0.0505,3466
-0.171,8442
0.131,2884
-0.166,9408
-0.00795,3917
-0.244,9065
-0.0982,7776
0.905,268
-0.158,8268
-0.00871,5979
0.299,2547
0.133,1634
-0.206,8034
0.0717,3268
0.0777,3000
-0.244,10478
0.474,463
0.0329,4207
-0.0193,5146
-0.00846,5513
-0.0708,6416
0.404,436
-0.158,8088
-0.17,8324
-0.22,5776
-0.153,8797
-0.143,10203
-0.169,8252
0.0338,4675
0.594,1030
0.102,3561
0.0133,4916
-0.128,8168
-0.112,8878
0.402,909
-0.194,9335
0.133,3698
-0.21,7861
0.141,1237
0.245,705
-0.171,8462
0.231,201
-0.156,6419
-0.0621,6671
0.0495,3230
0.0816,3084
0.753,625
0.48,254
-0.159,5616
-0.0302,5702
-0.0201,5785
-0.0871,9247
0.137,2671
0.0812,2921
-0.242,8894
-0.0432,6713
-0.185,9877
-0.0631,7700
-0.171,7882
0.115,2857
0.133,2897
-0.298,10171
0.193,874
-0.00762,5542
-0.221,9161
-0.141,7596
-0.0598,5536
-0.115,6906
0.2,606
0.0671,2041
-0.158,8840
-0.599,10249
-0.0319,5442
-0.368,10760
0.33,332
0.0485,2964
-0.0315,5823
0.442,222
-0.0161,5767
0.279,825
0.465,85
-0.036,7068
-0.079,6205
0.0536,3981
0.334,898
-0.0803,7169
-0.124,8132
-0.0526,6650
-0.121,9034
-0.114,10147
-0.139,8113
0.155,3317
0.0398,3787
-0.343,10497
-0.0551,6817
0.489,331
-0.238,8826
-0.158,8718
0.168,749
-0.145,8369
0.086,3163
-0.161,7684
-0.191,9135
-0.441,8362
0.133,2228
-0.347,10303
-0.344,9677
-0.149,6597
-0.169,8362
0.134,2298
0.0964,2863
0.0887,2389
0.0816,2710
-0.0992,7902
-0.105,6822
0.26,993
0.0275,4506
-0.268,10581
-0.173,9364
0.104,1751
0.809,298
-0.124,7901
-0.00215,5700
-0.0881,8297
-0.126,8297
-0.016,5626
0.124,2940
-0.0587,6880
-0.0153,5721
0.0277,4454
-0.0748,7756
0.189,1714
-0.138,7547
-0.252,9248
-0.108,8471
-0.312,11017
0.37,868
-0.502,8787
0.04,4011
0.2,1330
0.127,2162
-0.0152,5468
-0.0433,6478
0.00736,4907
-0.171,9079
0.257,243
0.0672,3233
0.0697,1850
-0.041,7761
-0.0988,9078
0.161,855
-0.137,9351
0.0302,4519
-0.117,7145
-0.0375,6433
-0.00708,5334
0.265,715
-0.188,9468
0.124,2142
0.0049,5140
0.0114,5149
-0.178,9071
-0.116,9879
0.171,1723
-0.297,8167
-0.373,10681
-0.0236,5831
0.197,1341
-0.0117,5819
0.28,3007
0.245,732
-0.0439,6030
0.251,599
-0.00946,5854
-0.172,6787
-0.0274,5804
-0.00613,5350
0.0273,4749
-0.407,10857
0.0102,5078
0.0131,5101
-0.0853,7290
0.0466,4368
-0.149,10435
0.131,2903
-0.289,9798
-0.264,5947
0.203,3089
0.12,2558
-0.0965,8034
-0.0976,7724
-0.0044,5389
0.333,1225
-0.48,9708
0.019,4887
-0.15,9307
-0.176,10654
-0.171,8287
-0.131,8785
-0.000591,4830
-0.0502,7342
0.0133,4774
0.281,1066
-0.026,5916
-0.0693,7287
-0.0827,7667
-0.15,10033
0.267,1586
0.341,1470
0.108,2240
-0.00523,5320
-0.0604,7088
-0.225,10627
0.0168,5127
0.108,3168
-0.148,7791
0.199,2842
-0.213,7482
0.0769,2491
0.0269,4425
-0.106,8501
0.111,3788
0.262,1311
-0.375,10087
-0.016,5983
-0.181,8575
-0.204,10055
0.273,726
-0.0375,6648
-0.267,10680
-0.0529,6999
0.0431,4308
-0.212,9303
-0.108,8215
-0.378,9759
-0.141,6944
0.198,701
0.00321,5131
0.0937,3022
-0.262,9541
-0.234,9464
0.626,1052
-0.0132,5676
0.115,2617
0.157,2006
0.285,1587
-0.0606,6594
-0.137,7741
-0.0701,9633
-0.0453,6739
-0.306,10698
-0.166,8636
-0.0333,6116
0.111,1366
0.0515,4040
0.172,1224
-0.0254,5788
0.178,2911
0.117,3991
0.335,960
0.206,765
-0.0877,8334
0.148,2635
-0.0483,6612
0.125,3115
0.0881,3620
0.181,1308
-0.104,8740
-0.34,10673
-0.394,10765
-0.494,7141
-0.0387,6307
-0.0614,7747
0.0836,3630
0.206,1558
0.0231,4751
0.0298,5039
0.179,2886
0.16,535
-0.017,6255
0.336,612
-0.184,9142
-0.388,9623
0.304,278
-0.00436,5448
0.159,2502
0.26,1977
0.434,220
-0.187,8743
0.43,39
-0.0302,6750
0.0977,2533
-0.372,9884
0.0316,4483
-0.195,9924
-0.168,6465
-0.0497,7113
0.0965,3206
0.0336,4395
-0.148,9301
-0.0112,5672
0.338,2078
-0.18,7581
-0.15,9117
-0.411,9960
-0.135,9174
-0.0952,5889
-0.0834,6621
0.114,1757
-0.0262,5755
-0.0348,6824
0.238,1423
-0.347,9296
-0.0366,5049
0.153,610
-0.164,10006
0.0961,3647
0.38,1584
0.181,2895
0.0928,3042
-0.0977,9375
-0.2,10634
0.00698,5133
-0.0723,7110
0.274,2610
-0.0218,6185
-0.293,10518
-0.0763,7039
0.0832,2642
0.386,765
-0.191,9302
-0.00825,5724
-0.182,9592
0.0705,3869
0.094,3826
-0.0712,7501
-0.0724,7091
-0.0906,7667
-0.172,8621
0.0614,3855
0.0177,4642
-0.169,9405
0.236,1070
0.01,5220
-0.024,6105
0.095,3719
0.0542,4110
-0.154,10025
0.0418,4410
0.297,439
0.0371,3248
0.0632,3092
0.362,1017
-0.292,10370
0.143,2712
-0.069,8234
0.224,1356
-0.0739,7095
-0.0122,4422
-0.0114,5344
-0.0694,6005
-0.198,8029
0.205,2375
-0.212,10627
-0.0148,5486
0.107,3492
0.0682,3453
-0.273,9120
0.134,1734
0.00272,5129
0.493,996
-0.355,10888
-0.57,8332
0.116,2459
0.0755,3357
0.11,1886
-0.12,7582
0.226,1761
-0.201,9134
-0.261,10516
0.0773,2263
-0.199,10458
-0.143,6607
-0.0455,6105
0.0835,3448
-0.404,6452
-0.0289,5602
0.136,1704
-0.143,8255
-0.277,9966
-0.232,5778
-0.387,10609
0.0062,4748
0.127,1222
-0.0338,6552
0.051,3844
0.0253,4345
-0.173,9828
0.0413,3962
0.198,1385
0.24,1412
-0.261,8195
-0.0545,5734
-0.00976,5334
-0.0951,7892
0.041,4152
-0.0743,6732
0.0435,4602
-0.0155,6049
0.118,3165
0.159,1326
0.0203,4888
-0.207,9432
-0.123,9638
-0.117,7202
0.161,2842
-0.0141,6046
-0.0425,7392
-0.202,9518
-0.0513,6499
0.0285,4759
0.347,651
-0.0723,8757
-0.121,9596
0.164,1329
0.00568,5044
-0.273,8175
-0.254,10247
-0.0179,6235
-0.0629,7689
0.0831,3684
0.345,1085
-0.216,8926
-0.44,8504
-0.0197,6265
0.00347,5086
-0.148,7071
0.0231,4668
-0.326,8087
-0.00108,5567
-0.063,8066
-0.0539,7996
-0.315,9943
-0.0196,6165
0.0197,4548
0.161,2351
-0.0881,6958
-0.0891,8819
-0.0354,6153
0.902,252
0.217,839
-0.52,9333
-0.0715,7317
0.0238,4517
0.254,1464
-0.0239,5670
-0.0794,7378
-0.304,8528
-0.00723,5620
0.0814,3028
0.323,2508
-0.264,5294
-0.0616,7484
-0.0771,7217
0.186,2586
0.135,3557
-0.103,7372
-0.188,10142
-0.21,10273
-0.0952,6975
-0.116,7072
-0.0994,6214
-0.446,10617
-0.0776,8865
0.038,3774
-0.0777,7181
0.2,964
-0.277,10850
0.1,2856
-0.103,9362
-0.0709,7867
0.206,2244
0.0322,4842
-0.157,8046
-0.307,10695
0.0136,5064
-0.0748,8358
-0.118,7783
-0.0302,5942
-0.0136,5514
0.404,651
0.0179,4865
-0.149,9280
0.319,2734
-0.317,9033
-0.0721,7703
0.02,4870
0.0368,4104
-0.239,10866
0.329,2858
-0.191,9307
-0.199,8166
-0.0453,7856
-0.148,10597
0.00925,4909
-0.166,4837
1.93,360
-0.0702,5241
-0.302,8827
-0.0916,8256
-0.0977,8331
-0.925,10577
0.488,1524
-0.137,5205
-0.261,8316
-0.0758,5442
1.26,309
0.177,1916
0.0513,4178
0.0404,3881
-0.117,9666
0.0264,4803
-0.563,10332
-0.32,8417
-0.497,9173
-0.0771,6923
-0.193,9248
0.251,487
0.334,619
-0.118,7685
-0.213,9542
0.373,368
0.106,2819
0.644,129
-0.115,7915
0.114,3674
-0.0404,7417
0.0711,2351
-0.0289,5887
-0.255,10510
-0.11,8885
-0.0228,5905
0.0687,3861
0.0508,3712
0.0379,3704
0.116,3339
-0.191,8269
-0.326,9766
-0.18,7924
0.244,954
0.0463,4386
-0.145,5653
0.228,2059
0.215,1672
-0.166,8095
0.131,802
0.407,1329
-0.222,7662
-0.166,4297
-0.145,7596
-0.0585,8660
-0.0225,7846
-0.217,9324
0.106,3188
-0.005,5291
-0.196,9723
0.228,445
0.114,3161
-0.139,8692
-0.193,9150
0.0165,5195
-0.129,7735
-0.346,10825
0.233,83
0.233,2496
0.179,2245
-0.0758,6342
-0.152,10297
-0.0372,6793
-0.101,7550
0.0686,3518
0.287,433
-0.342,9890
0.571,361
0.777,107
0.00635,5211
0.0675,4244
0.127,3035
-0.0595,6810
-0.0835,8409
-0.00888,5937
0.09,2580
0.462,627
0.343,969
0.014,4748
2.23,10
-0.046,7483
-0.0527,7194
0.778,195
-0.355,10425
0.115,3018
-0.302,10586
0.188,1059
-0.043,5931
0.378,683
-0.0137,5235
-0.169,8460
-0.1,10060
0.00103,5477
0.117,2136
-0.241,7894
-0.0859,7807
0.117,3083
-0.0499,7888
-0.266,10759
-0.0517,7338
0.0524,3514
0.0327,4574
0.106,2789
-0.113,7999
0.187,1813
-0.154,10427
-0.121,9075
0.181,1142
-0.095,6422
-0.039,5955
-0.148,9565
-0.0715,7459
-0.0304,6139
-0.198,9555
-0.157,8556
0.232,948
0.143,1376
0.0309,4500
-0.0895,7164
-0.0616,6772
-0.0249,5976
-0.0504,6817
0.416,158
0.0353,3641
-0.0466,6768
0.0706,3633
0.147,1141
-0.108,8516
0.0276,4446
0.0367,4643
-0.148,8781
-0.00717,5773
-0.244,5330
-0.0551,7661
0.283,725
0.097,2880
-0.149,5296
-0.21,8384
-0.0666,6442
-0.0992,8355
-0.157,9957
-0.0974,7522
-0.0623,6799
-0.173,8959
-0.106,8070
-0.0104,5718
0.039,4155
0.0799,4088
-0.105,8339
0.0684,4099
-0.236,9856
-0.395,10671
0.0434,3605
0.191,1134
-0.218,9664
-0.0988,8621
0.539,877
-0.00761,5658
-0.0158,6151
-0.117,6732
0.295,1992
-0.0364,5621
0.168,1173
-0.087,7027
0.528,113
0.0706,4167
-0.222,8612
0.464,549
-0.0624,6989
-0.0474,6782
0.0301,4444
-0.156,8923
0.0643,3416
0.00195,5210
0.372,131
0.149,2213
0.11,3304
0.251,724
0.0424,4249
-0.0227,6086
0.112,2391
0.149,2295
-0.00232,5459
0.103,2538
0.168,2159
-0.0554,6734
0.00358,5105
-0.0768,9648
0.065,3768
-0.0942,7940
0.0563,4129
0.358,1854
-0.119,8612
0.0916,3093
0.276,1536
0.0248,4583
-0.0987,7953
-0.128,7436
0.0657,3612
-0.258,10323
-0.0227,5957
-0.0247,5522
-0.678,9470
-0.205,8964
-0.237,9016
-0.0128,6056
-0.329,10771
0.0714,4744
0.93,7
-0.0103,5557
0.00392,5417
-0.0315,7086
0.533,503
-0.077,8332
-0.134,8556
-0.118,8727
-0.121,9408
-0.242,10744
0.0481,4180
-0.253,9725
0.037,3994
-0.0429,6518
-0.133,9554
-0.0849,8885
0.0581,3781
-0.00458,5383
-0.0301,5924
0.22,333
-0.0194,5470
0.21,809
-0.204,9827
-0.0816,7145
0.648,793
1.01,6
-0.0282,6340
0.296,445
0.231,1517
-0.0522,6427
0.15,3148
-0.0122,5767
0.0306,4020
-0.0547,7514
-0.294,10256
-0.264,8411
0.335,366
-0.0838,7593
-0.0875,9771
0.117,2427
0.371,24
-0.212,9442
-0.0892,7330
0.514,277
0.0596,3330
0.191,1554
-0.22,9895
-0.19,10080
-0.214,8046
-0.101,5530
0.0615,3639
-0.101,9301
-0.116,7779
-0.0513,6109
-0.109,6994
-0.263,10193
-0.0872,7887
0.13,536
-0.0114,5669
0.127,2442
-0.301,10332
0.103,2500
0.0642,3732
0.0194,4734
0.066,3928
0.394,115
0.0333,4543
-0.507,8758
-0.0133,5834
-0.0229,6026
0.192,2363
0.237,204
-0.153,9199
-0.088,7275
-0.0606,7918
0.00796,5029
0.0726,3789
0.187,1317
0.0638,3987
0.311,689
-0.0896,8585
0.0432,4035
0.0248,4329
0.0294,4438
-0.1,6539
0.0375,4234
-0.118,7529
-0.0444,6212
0.0899,2685
-0.0326,5520
-0.115,7548
-0.0756,9345
0.248,424
0.113,2106
-0.172,9348
-0.354,8597
-0.185,9210
0.0648,2362
0.0427,3950
-0.168,9251
-0.102,8840
0.309,67
0.173,3253
0.143,1399
-0.238,9615
-0.285,10876
-0.156,7626
-0.161,7210
-0.177,7719
0.0722,2482
-0.117,9156
0.011,5117
-0.224,9453
-0.0471,5725
0.0282,4415
-0.126,9366
-0.0852,7865
-0.0523,6235
0.0518,4107
-0.154,8259
-0.361,9764
0.0983,3425
-0.18,9657
0.321,2065
-0.123,8522
0.0775,3675
0.328,2155
-0.00202,5241
0.33,767
-0.177,7728
-0.0137,5847
-0.322,10554
-0.13,7730
0.023,4702
0.181,1736
0.169,1461
0.265,1179
-0.0268,5833
-0.0598,5894
0.0574,3869
-0.175,10226
-0.124,7850
-0.377,9928
-0.266,9395
-0.188,8605
-0.057,7434
-0.112,9146
-0.288,10855
-0.103,7166
0.00949,4933
0.488,189
-0.0986,7076
-0.0114,5819
0.051,4348
-0.146,8299
0.0925,3427
-0.227,8918
-0.239,11001
-0.178,10842
-0.0875,7438
-0.0642,7175
0.0284,4249
0.354,1129
0.0889,3945
0.117,1921
0.0744,3129
0.0357,4482
0.3,1319
0.398,483
0.0985,2336
0.00721,5110
-0.106,7317
-0.198,10353
-0.0211,5671
-0.109,8235
0.0765,3377
0.174,1450
-0.0199,4470
-0.137,8242
0.0472,4578
0.223,2624
0.186,1427
0.0325,4075
0.17,2341
-0.0321,5810
0.111,3314
-0.0782,5760
0.0325,3716
-0.103,8561
0.379,1296
-0.0639,7476
-0.199,7387
-0.216,9602
0.139,1621
0.185,748
0.308,812
-0.318,9758
0.243,2097
-0.252,8942
0.157,1699
-0.282,10447
-0.638,8228
0.00217,5282
0.418,20
0.431,314
0.0414,3414
-0.0823,9105
0.577,88
0.0311,4602
0.0888,3955
-0.054,7271
-0.054,6700
-0.121,7943
0.381,1151
0.067,3686
-0.175,9771
0.22,1562
-0.0947,8569
-0.0375,6450
0.432,2294
-0.12,8695
-0.127,9473
0.0729,3994
0.178,792
-0.073,9474
-0.398,7896
-0.745,8801
-0.16,9393
-0.103,7224
-0.0738,7006
-0.0504,7301
0.367,361
-0.172,8828
-0.0909,7085
-0.0512,8002
0.04,3206
-0.0931,7715
-0.0634,6637
-0.175,6724
0.0936,3510
0.0997,3644
-0.169,8421
-0.319,10264
-0.0445,6946
-0.23,10621
0.012,5105
0.186,1308
-0.0153,6643
-0.103,8335
-0.252,9147
-0.0214,5822
-0.075,5692
-0.0182,5650
-0.0715,7511
-0.248,7868
0.124,2584
-0.3,10149
0.318,1744
0.148,3227
-0.0483,6812
-0.227,6662
-0.161,9440
-0.209,9029
-0.286,10268
-0.104,5953
-0.204,9849
0.179,624
-0.0351,6458
0.106,3176
0.0187,4732
-0.0517,6525
0.369,144
-0.0858,7540
0.0762,3456
-0.00256,5353
0.0563,3878
0.153,2936
-0.182,5576
-0.354,9938
0.109,2804
-0.215,9604
-0.317,10899
0.189,2594
0.0453,3679
-0.0342,6699
-0.0198,8372
0.0443,4588
-0.235,8945
0.0628,4083
-0.203,9432
-0.167,9427
-0.113,9107
-0.244,10841
-0.117,8583
0.319,790
-0.099,6367
0.0885,1904
0.107,2729
-0.182,9754
-0.0921,7933
-0.0575,6546
0.1,3329
0.0343,2964
0.297,70
0.337,395
-0.048,7395
-0.196,10224
-0.125,6862
-0.0868,7081
-0.072,7007
-0.122,7152
-0.109,7549
-0.122,8915
0.0018,5290
-0.0811,7329
0.371,313
-0.00738,5222
0.3,842
-0.102,8524
-0.0452,7092
-0.0293,5718
-0.401,9100
-0.169,6875
0.137,2313
0.234,585
-0.0845,9240
-0.206,6695
-0.193,9304
-0.149,7602
-0.249,10085
0.174,860
-0.205,9885
0.047,3542
0.0526,3696
0.0865,3351
-0.335,10146
0.0895,2618
0.102,848
-0.0638,6367
-0.227,9478
-0.312,10368
0.281,2316
0.237,637
0.304,173
-0.093,7220
-0.0109,5874
-0.183,7143
0.0305,4663
-0.193,10154
0.253,1012
-0.578,8318
-0.06,7078
0.29,1797
-0.0209,5527
-0.00759,5584
0.0558,3823
0.125,2054
-0.201,8458
-0.238,9217
-0.114,8443
-0.0843,8282
0.00861,5180
0.134,2643
0.116,3083
0.529,1486
0.0854,2738
-0.291,10063
-0.2,9710
0.0427,3542
-0.0966,9225
-0.172,9546
-0.332,10683
-0.0677,7805
-0.0963,6975
-0.15,9503
-0.21,9711
0.00405,5282
-0.209,9637
0.457,119
0.984,48
0.275,383
-0.043,5884
-0.0212,5720
0.279,809
0.15,1185
-0.0765,8392
0.104,3538
-0.11,7867
0.0397,4425
-0.0101,5607
0.0998,2960
-0.158,10762
0.644,168
0.0603,3555
-0.103,7782
-0.139,7364
-0.266,10241
-0.107,8061
0.263,970
-0.2,9319
-0.282,8817
-0.213,9985
0.07,2412
0.0862,3899
0.108,3474
0.172,908
-0.235,9648
0.097,2800
0.64,89
-0.0632,7083
-0.164,8884
0.616,704
-0.428,8942
-0.0947,8414
-0.117,9249
-0.068,6999
0.0295,4605
0.0673,3507
-0.383,10356
-0.193,7494
0.0695,3076
-0.0852,8933
-0.259,9357
0.00453,5222
0.265,856
-0.298,10803
-0.11,8307
-0.0972,7598
-0.134,9020
-0.0336,6297
-0.233,9897
0.274,1079
-0.0331,6829
-0.144,8995
0.152,2630
-0.128,9158
-0.0271,5487
-0.289,9692
-0.0836,7270
-0.0107,5734
0.0911,3300
-0.138,8127
-0.278,10149
-0.0399,6936
0.394,983
0.305,412
-0.113,7153
0.0666,3925
-0.0361,6266
-0.227,9538
-0.0516,7608
0.0367,4071
-0.169,8630
0.00796,5007
0.118,3711
0.54,22
0.0143,4922
-0.0553,6678
-0.082,7533
0.0886,3816
0.0724,3368
0.0819,3610
0.0203,4817
-0.0216,6441
-0.506,10567
-0.0576,6324
0.0362,4148
-0.305,9242
0.0323,4366
-0.0619,8066
-0.06,6936
-0.0638,6860
-0.0797,8106
0.194,1046
-0.0635,7160
-0.0789,6744
-0.0246,6341
-0.137,7907
-0.343,8895
0.119,1518
0.063,3741
0.224,873
-0.0883,7811
0.272,1148
-0.131,7033
-0.303,9751
0.378,138
0.084,3130
0.049,4274
-0.269,9811
0.082,2767
0.0218,4648
-0.0497,8064
0.0371,3831
0.565,298
-0.246,7714
-0.143,7674
0.236,1266
0.0173,4796
-0.154,10098
-0.0948,7665
0.158,1516
-0.143,6983
-0.174,8262
0.0896,3324
0.0154,4574
0.0515,4303
-0.0867,7906
0.411,2341
-0.199,8700
-0.0888,9108
-0.131,8838
0.134,1479
-0.0507,6540
0.0773,2466
-0.131,8492
-0.0845,7660
-0.206,9735
1.51e-05,5201
-0.229,9090
0.0547,3842
-0.132,8741
-0.143,10039
0.096,2497
-0.0149,5705
-0.229,7629
-0.218,7750
-0.199,9449
0.00024,5325
-0.0334,6278
-0.169,8035
-0.0683,6382
-0.0399,5927
-0.152,7656
0.0127,4903
0.0163,4887
0.272,1530
-0.0683,7387
-0.177,9265
-0.295,9372
-0.0993,9753
-0.0306,7103
0.309,567
0.396,563
-0.139,8998
-0.0918,8337
0.00385,5249
-0.019,6025
-0.303,10879
0.187,2039
-0.401,9042
-0.17,6987
0.172,1630
0.0146,4917
-0.0699,7772
0.0847,3184
-0.108,7717
-0.184,9629
0.027,4312
-0.0419,7284
0.37,1181
0.00628,5246
-0.0151,5304
-0.0295,6090
-0.00893,5711
0.0559,3919
0.21,1540
0.106,3156
0.129,3598
-0.197,7203
0.194,1635
-0.0312,7750
-0.196,9756
0.00225,5401
-0.238,10140
-0.211,7417
-0.18,8569
-0.154,9543
-0.0744,6136
-0.242,9123
-0.373,10291
0.27,724
-0.0702,7098
0.0135,4949
-0.0183,5798
0.222,2243
0.166,2273
0.115,3195
0.222,348
0.249,193
-0.129,6885
0.0666,3723
-0.104,6611
-0.0974,7971
0.111,1965
0.0116,5180
-0.162,8706
0.0038,5235
0.266,1021
0.298,2691
-0.265,9950
-0.0714,7770
0.0489,3962
0.0425,4487
-0.115,8698
0.0139,4434
0.00416,5510
0.093,2150
-0.0539,7123
-0.378,9944
-0.0124,5536
0.0502,3552
-0.237,9153
-0.185,9483
-0.0365,6289
0.246,476
-0.0454,5761
-0.19,7561
-0.169,9430
0.112,1007
-0.0269,6089
-0.153,9197
-0.208,8018
0.0664,3685
-0.202,9238
-0.0542,7472
0.0522,4311
0.0511,4269
0.642,881
0.137,3414
0.0243,4365
-0.0965,8726
0.235,1991
-0.371,10158
-0.182,9639
-0.0257,6270
0.0436,4163
-0.0741,7893
0.0832,3309
0.203,752
-0.0874,7318
-0.193,8231
0.129,3118
-0.306,10793
0.214,1096
-0.0435,6147
0.27,1145
0.0278,4604
-0.096,8376
-0.253,9210
0.213,2330
-0.227,9045
0.204,845
0.0327,4396
-0.0501,7814
0.0603,2925
0.0108,4941
-0.273,8711
0.188,1832
0.166,2230
-0.106,10207
-0.163,9988
0.104,3749
0.105,2980
0.112,2981
0.447,220
-0.108,7210
-0.0345,7028
-0.0172,5908
0.217,2718
-0.0546,6192
0.13,2574
0.0412,4414
-0.028,6369
0.121,2346
0.766,187
0.374,1175
-0.0989,8061
-0.0259,6061
0.147,1349
-0.195,9361
0.153,2032
-0.167,8896
-0.121,8619
-0.111,8360
-0.0624,7483
0.0162,5074
-0.156,7827
0.043,4447
0.274,2119
0.0115,4908
0.0545,3308
-0.073,8508
-0.0443,5597
-0.186,8254
0.038,4274
-0.104,8721
0.235,1209
0.0254,4795
-0.0282,6300
0.273,46
-0.0154,5872
0.147,1464
0.149,2179
-0.0466,7084
0.207,2491
-0.125,7102
-0.145,9469
-0.0579,8364
-0.0281,5891
0.047,3897
0.0371,4372
0.365,1864
0.0815,2751
0.178,796
0.171,1380
-0.00251,5303
0.671,457
-0.192,6843
-0.19,8583
-0.0598,8015
-0.161,7666
-0.125,8351
-0.153,7924
-0.444,9526
0.14,460
-0.154,9655
0.541,510
-0.142,8552
0.137,2561
-0.176,9863
-0.043,7683
-0.144,9916
-0.0569,6369
-0.0776,6303
-0.413,8491
0.395,317
-0.0517,9621
0.105,1853
-0.224,9893
0.0543,3297
0.315,2924
0.0849,3838
0.0983,3201
0.175,1385
-0.0135,5782
0.0666,4023
-0.0884,8127
-0.322,8655
-0.0851,8286
-0.0106,5979
-0.176,8798
-0.203,8431
0.204,3170
-0.103,7454
-0.00337,5440
-0.0716,5757
0.0436,4385
0.158,1925
0.189,1894
0.136,2432
-0.0153,5976
0.0834,3198
-0.00965,5636
0.186,1918
-0.244,9493
0.281,1406
0.0238,4819
-0.0842,8494
0.0315,4189
-0.412,9703
-0.431,8299
-0.383,9940
0.188,878
-0.0126,6279
-0.072,6906
0.397,877
-0.168,7732
-0.129,8956
-0.0086,5303
-0.0341,6321
-0.162,9406
0.0465,4251
-0.0911,9429
0.153,1307
-0.0144,5898
-0.0247,6712
-0.573,7765
-0.237,4676
0.0382,4308
-0.0353,5620
-0.12,8290
-0.159,9497
-0.366,9291
0.633,489
0.0926,3833
-0.0851,6091
0.0351,4033
0.286,657
0.132,2884
0.00723,5198
0.286,1876
0.212,1579
0.0957,3150
-0.043,6122
0.0681,2640
-0.0611,7593
0.0631,3230
0.0694,3315
0.136,1516
-0.0333,6638
0.01,4952
-0.185,7068
0.362,1053
0.00581,5079
-0.065,7480
0.0615,3750
-0.0427,6296
-0.118,7022
0.127,3217
-0.376,10657
-0.0902,9866
0.164,1590
0.0422,4459
0.115,2313
-0.226,6622
-0.364,10913
0.126,2515
0.138,2677
0.191,1873
-0.0415,7068
-0.159,8111
-0.303,8957
0.0245,4272
0.0983,2333
-0.302,9934
-0.254,8885
-0.286,10896
0.134,3579
0.0103,4887
0.112,2385
0.441,468
-0.139,8385
-0.217,9554
-0.274,6764
0.137,1717
0.109,2812
-0.217,8513
0.35,177
-0.123,8075
0.146,2878
-0.144,10171
-0.213,10168
-0.0286,6149
-0.0245,5935
-0.000502,5399
-0.219,8004
-0.173,8532
-0.184,8980
0.0295,4523
-0.653,9697
0.431,497
2.07,168
0.28,764
0.228,54
0.032,3502
-0.14,7306
0.0136,4552
-0.251,8947
-0.112,9284
0.0105,4945
-0.0683,6852
0.162,2741
-0.184,8956
0.118,3367
-0.0315,6667
-0.0328,6403
-0.106,8876
0.182,2948
0.444,159
0.465,507
0.317,444
-0.137,9358
-0.0486,5793
0.0237,4541
0.323,1047
-0.0817,6873
0.551,114
0.0707,2652
0.402,679
-0.269,10250
-0.14,6685
1.56,133
-0.0036,5757
-0.0802,9180
-0.0747,7423
-0.0299,5967
0.167,2925
0.459,365
0.13,1685
0.479,226
0.252,1939
0.39,943
-0.199,8419
0.0265,4482
-0.0373,6467
-0.0454,6552
0.0195,5038
-0.047,7494
0.0272,4954
0.194,874
0.095,2884
0.0423,4042
0.11,3117
-0.17,9117
-0.163,8137
0.418,572
-0.122,8957
-0.248,10202
0.129,2250
0.167,1995
-0.106,6727
0.00226,5250
-0.0632,7887
-0.0777,7790
-0.00692,5763
-0.159,9367
-0.165,9681
-0.113,6086
-0.156,10369
-0.0386,6077
0.096,2961
0.0168,4954
-0.155,7151
0.324,1737
0.102,1785
-0.0539,7058
0.0169,4552
0.744,95
0.541,608
-0.225,10158
-0.244,9930
0.141,902
-0.0604,7308
-0.0418,6266
-0.135,6552
0.255,341
-0.000951,5155
0.0357,3974
0.0974,3114
0.427,967
-0.122,7584
-0.174,6583
-0.0643,8203
0.204,1852
-0.212,8564
0.0689,4114
-0.194,10561
-0.101,8682
-0.0367,6247
-0.146,9854
0.00944,5011
-0.211,10494
0.176,2895
0.0653,3884
-0.0451,6285
-0.0549,6192
-0.16,7148
-0.269,9137
0.213,938
0.012,4970
0.243,1325
-0.285,8151
-0.0776,9671
0.448,197
-0.0839,7962
0.0183,4257
-0.0691,6810
0.101,2625
0.115,3393
0.0438,4206
-0.0896,9359
0.505,67
0.136,2400
0.195,2445
-0.221,8024
-0.0233,6152
-0.0984,7660
0.0245,4440
-0.0213,5447
-0.185,9498
-0.255,9566
0.0193,4792
-0.119,9722
-0.0231,6288
0.0844,3668
-0.0823,7747
0.0563,4169
-0.153,10710
-0.131,9667
-0.282,10681
-0.0788,7792
0.269,1160
-0.0381,7162
-0.0294,6230
0.0961,2509
-0.0206,5771
-0.272,10831
-0.0869,7124
-0.36,8838
-0.107,7905
0.0315,3772
0.08,3308
-0.0369,7500
0.0965,3769
0.042,4430
0.0399,3843
-0.103,9231
0.211,1269
0.0636,4166
-0.112,6924
-0.169,8757
-0.12,8515
0.17,718
0.078,3159
0.344,449
-0.173,8901
-0.0676,7102
-0.0774,8095
0.159,1830
0.135,2632
0.109,3026
-0.073,7217
-0.0959,6815
0.0889,1332
-0.0925,8207
0.0265,4905
-0.000925,5426
-0.149,8721
-0.0723,6231
0.0824,2492
-0.217,10262
0.228,1040
-0.00423,5585
0.0955,3022
0.00965,5169
-0.0168,5877
-0.154,9587
0.702,670
-0.0709,7218
-0.0423,6189
0.314,1526
-0.0653,6823
-0.0417,6747
0.117,2649
-0.0934,7575
0.633,974
-0.0106,5834
0.116,2956
0.131,2484
0.235,1003
-0.323,10015
-0.312,10264
0.00406,5471
-0.078,7665
-0.0184,5766
0.327,650
0.142,2865
0.0871,3226
-0.0169,5947
0.0843,2996
0.0433,4471
0.136,2501
0.111,3650
-0.1,6762
-0.158,8702
0.0696,3835
0.521,325
0.147,1932
0.139,2536
0.467,1139
-0.0185,6620
0.213,1846
-0.0482,6139
0.196,2550
-0.336,10306
0.146,2339
-0.0733,8057
-0.173,10153
0.486,364
0.0235,4872
0.121,2832
-0.0786,7916
0.00237,4983
-0.105,7763
0.272,1414
0.0964,3568
0.124,2194
0.156,2585
-0.0357,6259
0.176,1927
0.362,157
0.223,1629
-0.21,9258
0.337,844
-0.0573,7175
0.0606,3843
0.0981,2664
0.0722,3397
-0.0229,6400
-0.098,8467
-0.0446,7301
0.0133,4830
0.113,2019
-0.0139,5666
-0.127,10392
-0.171,8603
-0.0117,5582
-0.097,9731
-0.113,7990
0.456,454
1.18,59
-0.221,9416
0.074,3311
-0.00206,5568
0.0177,4882
0.0546,4139
0.197,1294
-0.0995,6910
-0.0117,5433
-0.132,9553
-0.103,8142
-0.0799,7342
0.144,3004
-0.0531,6834
-0.0694,8211
-0.084,7348
0.108,2935
-0.155,7674
-0.0512,7469
-0.0291,5504
-0.117,10253
-0.0198,6417
0.158,2962
-0.0425,5455
-0.0887,6850
-0.199,6996
-0.0422,6213
0.0148,4897
-0.151,7435
-0.11,7735
0.106,3353
-0.205,8182
0.0551,3261
-0.0602,7265
0.101,2679
0.196,1230
0.295,1788
1.97,5
-0.19,8806
-0.0935,8873
0.168,1700
-0.0314,6062
0.0578,3938
-0.0473,7097
0.0976,2964
-0.082,6938
-0.246,9670
0.123,2246
-0.0899,7973
-0.233,6615
-0.159,9715
0.112,2525
-0.384,9449
-0.00543,5647
0.0663,3830
-0.169,8264
0.143,1526
-0.103,7820
-0.141,8508
-0.251,9169
0.0974,2612
0.344,252
0.116,1985
-0.138,10767
-0.0804,7405
-0.128,7403
-0.0628,6529
0.281,967
0.135,939
0.026,4694
-0.528,10331
-0.398,10454
-0.252,9914
0.0993,2581
-0.00732,5511
-0.147,8356
-0.0821,7052
0.183,1725
-0.00394,4706
0.106,2604
-0.406,9678
-0.144,10028
-0.103,8364
-0.159,8565
-0.117,8352
0.148,2309
-0.0304,6694
-0.128,7137
0.218,1562
-0.296,10330
-0.164,8162
-0.0826,6847
-0.155,9153
0.0805,3205
-0.019,5573
-0.313,10709
0.0953,2298
0.181,1255
-0.0577,6990
0.714,5
0.0327,4141
0.0909,2824
0.119,1314
-0.0384,6421
0.0299,4456
0.0573,3126
-0.0863,8874
-0.169,7938
0.0729,2197
0.062,4029
-0.00772,5490
0.105,3371
-0.0567,7094
-0.138,8541
-0.101,8635
-0.185,9801
0.0215,4437
-0.138,10228
-0.0422,6270
0.111,2712
-0.156,8021
0.252,2820
-0.084,9037
-0.053,8427
-0.118,8358
-0.244,9652
-0.0719,7329
0.12,3704
0.251,151
-0.137,8672
0.0673,4066
0.116,3332
0.0601,4115
0.0496,4350
-0.00761,5465
0.233,646
-0.438,8764
0.952,354
0.0985,3225
0.0614,4112
0.131,2954
0.163,2767
-0.152,8198
0.112,3788
-0.108,8817
-0.181,8867
-0.205,9473
-0.071,6825
0.644,274
-0.111,7409
-0.116,9337
-0.14,8702
-0.0393,6671
0.123,2082
0.036,4411
-0.351,10911
-0.0289,7222
-0.0829,7836
-0.137,8300
0.124,3689
-0.191,10605
0.168,264
-0.171,8819
-0.0293,5699
-0.084,6743
0.321,2224
-0.362,9027
-0.0536,9461
-0.0522,8636
-0.0427,6038
-0.329,9986
0.115,2402
0.0529,4388
-0.127,7902
-0.0801,7778
0.154,1562
0.243,1550
-0.0395,6764
-0.0314,5775
0.0115,5028
0.06,3221
-0.0186,6176
-0.137,8544
-0.142,8345
0.0235,4702
0.2,2826
0.00485,4912
-0.145,10072
-0.00555,5250
-0.31,8557
0.324,241
0.00296,5241
0.37,184
-0.163,10241
0.0878,2643
-0.058,6199
-0.038,6713
0.117,3014
0.0264,4560
-0.00903,6072
0.153,1577
-0.0573,7214
0.372,1287
-0.279,8889
0.298,162
0.169,1905
-0.248,10024
-0.242,10042
-0.0779,7359
-0.106,9264
0.0586,4354
0.402,159
-0.112,7730
0.202,1297
0.183,2872
-0.114,7935
0.124,1421
0.0532,3150
0.161,3001
-0.0235,5973
-0.069,7174
-0.136,10008
0.222,910
0.0284,4575
-0.0702,7744
-0.236,9452
-0.0924,7770
0.165,3261
-0.0696,6944
0.0613,3474
0.205,2117
0.157,1743
-0.156,6457
0.517,1181
-0.0268,6272
-0.192,10560
0.146,2082
0.0622,3297
0.204,1470
-0.0845,7551
-0.212,8531
-0.0383,6816
0.136,1343
0.565,110
0.00799,4929
0.0119,5061
-0.0525,6433
0.247,1088
-0.0309,6033
0.0742,3702
0.158,1804
0.448,375
-0.0669,9380
0.377,1588
-0.198,9806
-0.0575,7032
-0.0649,6710
-0.157,5596
0.297,17
0.122,1124
0.0111,4931
0.295,1787
-0.387,10006
1.5,260
-0.166,9529
-0.00647,5399
-0.162,9275
0.102,2058
0.197,2376
0.0722,3584
-0.0738,6717
-0.0774,6988
-0.105,7588
-0.169,7316
-0.108,7327
0.00395,5269
0.0155,4926
-0.117,7271
-0.0928,7856
-0.0362,5720
0.147,2664
-0.0579,6918
-0.359,10319
-0.0394,7253
0.204,819
0.0979,2082
0.892,73
-0.235,8809
-0.0341,6620
0.0154,4629
-0.0849,7104
0.0349,4042
0.07,3685
-0.139,7979
-0.0229,5732
-3.2e-05,5376
0.117,2211
0.192,2121
-0.203,8160
-0.139,7836
0.103,2277
0.0191,3974
0.0165,4720
-0.0549,6578
0.293,796
-0.0678,7111
0.162,1947
0.0762,3382
-0.0431,5451
-0.0561,6335
-0.0581,6354
0.0613,4136
0.184,2607
-0.0946,9032
0.253,756
0.0925,3384
0.0184,5004
-0.125,7388
-0.0768,7061
0.189,780
0.318,508
-0.288,10791
-0.232,7682
-0.246,9630
-0.0816,9182
0.0331,3541
-0.175,8663
-0.14,8390
-0.215,10528
-0.0166,5823
-0.0628,8079
0.0133,4627
-0.0995,7265
-0.00895,5693
-0.272,9805
-0.262,9327
0.172,2531
-0.0122,6024
-0.178,9430
-0.695,11017
-0.159,6542
-0.173,8587
0.123,2914
-0.156,10438
-0.259,10663
0.116,1865
0.0308,4485
0.175,1591
-0.0717,7690
-0.0965,8218
0.594,606
0.229,1293
-0.215,9647
0.476,267
-0.238,10838
-0.143,9862
0.26,1218
-0.0133,5497
-0.29,9533
0.204,1323
-0.0248,6334
0.127,1639
-0.242,7821
-0.0758,6504
0.00907,5192
-0.148,4965
0.036,3570
-0.0408,6745
-0.521,8661
0.157,2217
-0.0532,6251
0.145,3066
-0.111,7749
-0.0118,5651
0.275,214
0.194,1257
0.0263,4700
-0.00479,5714
-0.188,9978
0.318,1074
0.176,2206
-0.0182,5982
0.134,3306
0.117,3148
-0.123,9359
-0.128,8891
0.151,2275
-0.245,10634
0.134,3185
-0.457,9644
-0.0124,5881
0.0237,4856
-0.0711,6760
-0.0681,6493
0.412,340
-0.131,10451
0.00769,5079
-0.154,10118
-0.038,6151
-0.295,9866
0.0168,4791
-0.059,6059
-0.0193,5907
0.0387,4554
0.0726,2837
-0.159,7150
-0.0218,5969
0.0171,4671
0.171,2936
-0.129,8173
0.129,2599
-0.308,6685
-0.129,8439
-0.125,5928
-0.0157,5800
-0.077,8652
-0.136,7873
0.028,4681
-0.209,9360
0.369,1704
0.0309,3691
-0.305,7879
-0.0598,7046
-0.0231,6081
-0.323,5903
-0.128,6630
0.02,4642
-0.191,9851
0.101,3396
-0.202,10074
0.0403,4311
-0.0181,5573
-0.216,9762
-0.0355,7242
-0.122,7835
-0.268,8724
0.0667,4470
0.124,3394
0.0492,3325
0.00969,5237
0.99,197
-0.274,8662
-0.0437,6197
-0.343,10742
-0.0543,7069
-0.138,9896
0.111,1953
-0.127,8067
-0.136,5771
0.0539,4538
-0.158,10267
-0.128,9233
0.111,3001
-0.29,9661
-0.0237,5935
0.084,3362
0.171,928
-0.174,9489
-0.167,8754
-0.0242,6364
-0.126,9624
-0.209,10166
0.291,197
-0.132,8606
-0.285,9624
0.00169,4983
0.0867,3256
0.222,1069
-0.0597,6749
0.202,2382
0.0748,3330
0.168,1243
-0.0552,7302
0.0299,4632
0.209,1441
-0.163,8788
0.0641,4070
0.0923,2830
-0.212,10143
0.383,634
-0.199,10160
0.283,1431
-0.214,9137
0.0154,4825
-0.0309,6383
0.178,2890
0.0154,5127
-0.0822,7575
-0.131,8171
-0.0369,7010
-0.0821,7739
-0.202,6374
-0.0702,7202
0.725,25
0.0405,4216
0.0909,1531
0.075,2772
0.306,1959
-0.232,8919
0.128,1605
-0.333,10298
-0.295,10578
0.267,1097
-0.328,9835
0.182,2334
0.181,998
0.0295,4418
0.0991,2891
0.0036,5564
-0.0292,6422
-0.222,10272
-0.226,9906
-0.139,10005
-0.0692,6675
0.0175,4615
-0.344,9030
-0.342,8279
-0.241,8379
0.0447,4530
-0.11,8320
-0.0666,8399
-0.0361,6921
0.0584,2997
0.221,1052
0.692,123
0.0739,3076
0.0508,2614
-0.0566,6817
-0.126,7935
-0.126,6517
-0.126,6573
-0.24,9684
-0.375,8890
-0.21,9349
0.033,4463
-0.286,10059
-0.0891,8140
0.075,3078
0.0608,3450
-0.11,8644
0.405,216
-0.151,8163
-0.611,10359
-0.0126,5999
0.195,1047
-0.342,10986
0.217,1397
-0.121,7919
-0.193,9174
-0.0981,7491
-0.195,10524
-0.172,8004
-0.169,9301
-0.0149,5322
0.146,1733
0.11,549
0.129,3299
0.143,1860
-0.0556,7108
0.292,490
-0.0382,5681
-0.0298,6833
-0.0743,7786
-0.229,8681
0.0529,4443
-0.367,10413
-0.23,7456
-0.159,10236
-0.193,8133
0.0131,5110
-0.111,8548
0.0867,3460
0.0205,5112
0.196,270
-0.143,8180
-0.0976,7229
-0.0845,6572
-0.00242,5338
-0.164,8225
0.599,16
-0.0255,5582
-0.154,7371
0.0544,4064
-0.202,8456
0.0393,4374
0.00978,5107
0.0409,3329
-0.0944,8771
-0.0774,7399
0.0485,4272
-0.0847,6619
-0.0336,6479
-0.117,8968
0.097,3193
-0.127,7094
0.278,2793
-0.163,6665
-0.00219,5641
-0.0189,5853
-0.0952,7408
-0.0573,6485
-0.0596,6406
-0.139,10596
-0.0881,8497
0.191,1600
-0.0402,5897
-0.235,10742
-0.206,9785
-0.0122,5739
0.0215,4870
0.0985,2997
-0.0348,6905
-0.0172,5626
-0.255,9159
-0.27,8390
0.0342,4095
-0.166,9539
0.0118,5267
0.203,2678
-0.126,7611
-0.129,6176
0.151,1319
0.0136,4447
0.127,3004
0.104,3695
0.125,2678
-0.0766,7429
-0.103,8123
-0.0692,7604
-0.0166,5909
-0.141,7926
-0.273,10533
-0.163,8788
-0.214,8579
-0.323,10777
0.181,1064
0.0545,3222
0.00401,5259
-0.2,7663
0.0454,3622
-0.126,9133
0.131,2508
-0.116,7809
0.0408,3614
-0.163,5509
-0.164,9703
0.138,1746
0.175,1655
0.17,1466
-0.168,8183
-0.0527,6878
0.123,1892
-0.0759,7909
-0.589,7242
0.0989,3707
-0.0789,7227
0.0606,4280
-0.13,8063
-0.197,10010
0.26,1393
-0.398,7666
-0.301,10888
-0.108,9435
-0.0452,7711
0.589,19
0.0538,3103
-0.00648,5431
0.225,1737
-0.182,9007
-0.0901,8228
0.0225,5153
-0.592,8597
-0.0871,6493
0.263,2003
0.0654,3105
-4.46e-05,5199
-0.107,7948
-0.0447,6133
0.12,3449
0.165,2137
-0.113,8533
-0.00276,5487
-0.139,7388
0.0548,3858
-0.161,9528
0.000894,5131
0.0185,4956
0.0182,4595
0.206,1648
0.0498,4514
-0.0839,6929
0.0682,3633
0.251,603
-0.0312,7093
-0.1,7910
0.0422,4295
-0.133,7998
0.186,508
-0.0102,5880
-0.0235,6329
0.0794,3588
-0.154,8216
0.708,32
-0.252,10142
-0.339,10790
0.0254,4074
-0.153,9775
0.219,1994
0.237,1082
-0.0943,6758
0.134,1360
0.0393,4418
0.0381,4126
-0.0664,6745
0.151,2741
0.114,1680
-0.231,10873
0.0343,4130
-0.101,8273
0.0685,3583
0.138,1692
0.101,4030
0.07,3335
-0.0141,6116
0.18,1700
-0.0342,6069
0.738,66
-0.339,10273
-0.255,10167
-0.213,10489
0.0139,4901
0.241,1346
0.211,965
0.0776,3969
0.048,4243
0.0522,3413
-0.148,8185
-0.11,6212
0.118,1320
0.735,67
-0.049,6439
-0.124,6618
-0.104,7556
0.0999,3025
0.255,122
-0.0764,7065
-0.0702,6692
-0.04,6258
0.699,157
-0.611,9496
-0.262,9441
0.037,4154
0.0261,4325
0.0765,3389
0.201,3093
0.397,2021
-0.0351,6756
0.15,1174
0.0733,3933
0.522,137
-0.426,9121
-0.183,7972
0.589,324
-0.0631,7282
0.359,238
-0.126,8133
0.0186,4783
-0.231,9133
-0.178,8899
-0.202,8220
-0.19,10687
-0.229,10461
-0.305,10087
0.00475,5045
0.168,1567
-0.215,9500
-0.091,7264
0.104,2360
-0.0561,8021
0.119,2601
0.0225,4606
-0.15,8863
-0.0868,7707
-0.261,9778
-0.0375,4985
-0.237,9806
0.143,2350
0.0345,4372
-0.046,6249
0.185,1972
-0.00323,5139
0.0186,4859
-0.0248,6156
0.0559,3916
-0.237,8714
0.108,2045
0.129,2313
0.0464,4384
-0.0147,6428
0.065,3828
-0.262,8580
-0.201,7477
-0.0434,7724
-0.0564,6783
0.0646,3694
-0.0779,8477
-0.113,9101
-0.00497,5514
-0.0613,6673
-0.0895,6673
-0.164,9567
-0.0365,7107
-0.289,9392
-0.0515,6176
0.0855,3405
0.00472,4879
0.085,3150
0.0939,3052
-0.126,7627
0.193,1325
-0.178,8193
0.573,469
-0.131,8671
-0.215,10142
-0.0892,7529
0.486,1097
-0.0967,5598
-0.195,6082
0.0237,4544
-0.067,6591
-0.143,4344
1.62,26
-0.0965,6422
-0.0945,6965
-0.197,9646
-0.124,10143
-0.0139,5944
0.829,253
0.231,967
0.186,1372
-0.0279,6493
0.166,1479
0.27,178
0.0614,3138
-0.119,8484
-0.053,6353
0.142,372
-0.117,10321
-0.0126,5759
-0.0722,6077
-0.0556,6727
-0.0704,6659
-0.193,10128
-0.125,9583
0.529,48
0.0465,3295
-0.0412,7175
0.153,3101
-0.0819,8196
0.296,145
-0.139,9284
-0.12,8179
-0.15,7612
0.47,65
-0.211,10425
-0.152,9968
0.309,968
-0.0719,7432
0.0219,4828
0.444,538
-0.0296,6344
-0.179,8630
-0.00745,5754
-0.167,7745
0.502,341
-0.0876,8844
-0.286,9483
-0.059,6544
-0.291,9806
0.0901,2669
0.318,969
-0.223,9161
-0.158,10262
-0.0919,8400
-0.15,9147
0.118,3334
-0.218,9351
-0.205,8073
0.0671,3134
-0.0301,7145
0.359,1173
0.681,518
-0.137,7745
0.0828,3916
0.0567,3764
0.203,1175
0.0293,4301
-0.13,7719
-0.107,8166
-0.155,8089
-0.232,8878
-0.273,10725
-0.257,10531
-0.17,9096
0.0658,3897
-0.509,9991
0.0367,4305
-0.152,8166
-0.0149,6091
-0.00871,5343
-0.28,8530
-0.129,8600
0.0188,4760
0.0164,4526
-0.213,7276
0.183,2391
-0.0902,7819
0.0929,3037
-0.133,10355
-0.0508,6725
-0.0913,8054
-0.0139,6023
-0.192,7858
-0.0591,6337
0.148,2077
-0.000365,5345
0.0371,4505
0.12,3171
-0.296,10074
-0.0179,5484
-0.293,10827
0.047,4398
-0.0935,7949
-0.0824,8696
-0.0265,6261
-0.0514,7891
0.0552,2436
0.0628,2296
-0.0543,7227
0.0808,3956
-0.182,8090
-0.308,10592
-0.0128,6336
-0.166,9712
-0.0476,7735
0.099,3160
0.0117,4966
-0.128,8079
-0.309,8583
0.196,1122
-0.19,8592
0.039,4104
-0.0855,8816
-0.394,10207
0.32,419
0.057,3712
-0.012,5537
0.111,3105
-0.112,6544
-0.0504,7180
0.00707,5211
-0.11,9387
-0.0874,9376
-0.0541,7150
-0.171,7190
-0.38,10202
0.0297,4113
-0.0406,6757
0.158,3241
1.08,5
-0.197,9469
-0.103,7985
0.251,323
0.0238,4755
0.0648,3542
-0.149,8398
-0.0747,7917
-0.239,10746
0.0671,3260
-0.266,9881
-0.101,7735
0.203,1416
0.174,1182
-0.0543,6578
-0.115,7939
-0.0321,6079
0.284,2865
-0.206,7335
0.00909,5199
0.265,993
-0.271,10192
0.0099,5031
-0.199,7570
-0.242,9584
0.272,1132
-0.282,8940
0.326,353
0.178,792
0.175,2219
-0.259,9361
0.374,589
0.3,1098
-0.124,9748
0.66,10
-0.00106,5435
0.045,4012
-0.0916,8854
-0.16,7718
0.279,453
0.169,608
-0.322,10484
0.0322,4589
0.325,227
-0.26,9253
-0.052,7381
-0.0105,5056
-0.273,9562
0.0325,4398
0.0683,3092
-0.015,5852
-0.0111,5536
0.241,450
-0.0393,5871
0.463,229
-0.0234,5739
-0.103,8015
0.168,1448
0.0175,4745
-0.26,10018
-0.237,10304
-0.111,7860
-0.0435,6203
0.0651,2241
0.551,40
0.00125,5195
0.24,1488
-0.175,8182
0.436,713
-0.103,8357
0.083,3923
-0.259,9442
-0.192,8468
0.337,1052
0.0917,1939
-0.137,9645
-0.127,7176
0.119,2932
-0.153,9933
-0.3,10514
0.035,3150
0.0461,2682
-0.0598,7332
0.214,2186
0.0692,3376
-0.254,10339
0.242,658
0.138,1465
0.0979,3605
0.225,745
0.18,2947
-0.283,8001
0.0277,4232
-0.268,9380
0.00132,5443
-0.0262,5900
0.133,2621
-0.089,7512
0.0101,5007
-0.0186,5781
-0.75,9831
0.133,3158
0.0933,3825
0.314,1275
0.045,2959
-0.0782,7178
-0.122,8275
-0.109,8566
0.056,3529
-0.0392,5591
-0.0907,9215
-0.101,8939
0.0493,3732
0.151,3208
0.302,851
-0.464,10043
-0.0847,8984
0.229,622
-0.158,7353
0.0995,2932
0.405,1804
-0.221,8526
-0.153,9505
0.404,20
-0.407,10818
0.0045,5194
0.406,906
-0.417,10434
0.0494,3627
0.0543,1533
-0.168,8176
-0.0811,6044
-0.064,6308
-0.0258,6122
-0.0792,9563
0.0833,3646
0.144,1868
-0.0989,8910
-0.0648,6507
0.0387,4240
0.104,2246
-0.00442,5398
-0.129,8443
-0.0155,5591
-0.377,9271
0.218,466
0.00666,5029
0.0927,1333
-0.00158,5330
0.117,2271
-0.392,7953
-0.0467,7396
-0.00495,5137
-0.126,9154
-0.065,7885
0.163,1234
-0.293,9426
-0.188,8775
-0.154,10292
0.201,1241
-0.0399,6313
-0.461,10323
0.133,2946
-0.186,7499
-0.035,5969
0.0895,2816
-0.0634,7900
-0.131,8458
-0.0908,7755
-0.299,9961
-0.0213,6256
-0.106,8709
-0.0912,7000
-0.183,8949
-0.216,8520
0.174,1870
0.362,40
0.314,839
-0.149,8622
-0.0996,7457
-0.129,7136
0.5,838
0.0203,4617
0.0944,2083
0.07,4264
-0.168,9056
0.000348,5139
0.272,1235
-0.0488,6457
0.073,3105
0.0212,4769
-0.119,7749
-0.0358,6336
-0.0775,6953
-0.0311,6444
0.15,3150
-0.025,5190
-0.0361,6366
0.96,156
-0.154,8667
-0.135,9392
0.0863,2809
-0.48,10849
0.0031,5109
0.168,1167
-0.124,8291
-0.0257,5870
-0.0361,6096
0.056,3778
-0.257,9862
-0.247,10714
-0.0438,6207
0.0427,3742
-0.105,9246
0.591,397
-0.221,9129
-0.302,9598
-0.149,7407
-0.168,9670
0.173,1387
-0.021,5490
-0.118,8204
0.324,391
0.366,916
-0.14,9657
0.104,2781
0.158,1947
0.0533,4323
0.158,356
0.168,3175
-0.256,9983
-0.146,8099
-0.0658,6391
-0.166,9296
-0.343,10797
0.339,2686
0.0322,4370
-0.122,9774
-0.0233,5579
-0.0756,8121
-0.236,9834
-0.144,8452
0.015,4833
-0.12,9724
-0.0605,7016
0.226,537
-0.632,10420
-0.257,5966
-0.0301,6521
0.00684,5192
0.113,3891
-0.242,8774
-0.0856,6117
-0.271,9600
-0.248,7708
-0.102,8011
0.15,2610
0.0335,4515
-0.0483,6140
0.361,79
-0.00169,5489
-0.0351,6341
0.233,205
0.0863,3719
0.252,2170
-0.00319,5456
-0.262,10513
0.227,1124
0.0511,3744
-0.034,6844
-0.142,8654
0.0751,1934
0.0102,5034
0.0352,4434
-0.0338,6185
-0.0394,6579
-0.197,8937
-0.0154,5754
-0.0281,6425
0.392,1851
0.304,1870
0.189,2056
-0.114,9564
0.326,2545
-0.0839,7403
-0.149,9766
-0.219,9826
-0.235,8825
-0.181,8784
0.0419,4019
0.0723,3646
0.108,2697
-0.152,9594
0.464,105
0.0525,3464
0.141,1242
0.427,135
-0.222,8206
0.412,1631
0.0775,3128
0.0878,2928
0.00572,5388
0.201,1133
0.163,1784
0.0417,4129
-0.0895,6184
-0.181,8476
0.312,399
-0.147,8666
0.113,3677
-0.0804,6815
-0.116,6937
0.308,2200
-0.117,8129
0.0678,3602
-0.0124,5937
-0.262,9653
-0.0484,6564
-0.226,8809
0.146,572
-0.0243,5806
0.734,0
0.521,773
-0.118,7437
0.173,2712
-0.0611,6473
-0.00763,5643
0.471,151
-0.0792,7249
0.00386,5261
-0.287,10439
0.0349,3943
0.144,2448
-0.0143,5779
0.106,2624
0.0887,3519
-0.117,8515
0.117,2612
-0.133,10390
0.164,3052
0.0334,4426
-0.068,6364
0.000228,5412
0.125,2220
0.14,2136
0.0212,5052
0.146,2795
0.0433,4504
-0.196,7612
0.00327,5385
0.046,3797
-0.0974,8208
-0.17,8927
0.0802,3046
-0.43,9492
-0.106,7124
0.52,26
0.392,1195
-0.0319,6131
-0.277,9211
0.165,1656
-0.0146,5895
0.0637,3309
0.168,1278
-0.0692,6674
-0.149,8069
-0.0571,6438
-0.248,10465
0.138,1797
-0.226,9921
0.0581,3905
0.0151,4909
0.308,668
-0.0952,9595
0.0247,4217
-0.0146,5915
-0.451,10988
-0.128,9132
0.0116,4721
0.121,2097
0.0183,4520
0.1,2556
0.388,517
-0.193,8785
-0.155,7945
0.13,2945
0.111,1755
0.128,1813
-0.106,7537
-0.155,7763
-0.125,7380
0.0521,2460
-0.375,8783
-0.0588,6217
-0.179,8459
0.227,1163
-0.0215,5929
-0.211,10940
-0.199,9774
0.0441,4550
-0.00999,5196
0.121,3142
-0.12,7545
0.0937,2616
-0.201,9815
0.0455,4085
-0.174,8398
0.609,237
-0.341,10348
-0.087,8613
-0.0723,8657
0.18,2756
-0.235,10367
-0.123,7183
-0.182,8536
0.197,1153
0.0339,3736
0.0912,2893
0.06,3872
-0.0775,8879
-0.0519,5625
-0.207,10872
-0.0161,6211
-0.0579,6379
-0.144,8857
0.123,2520
0.0901,3462
0.0346,4004
-0.208,9344
0.244,2284
0.15,1423
0.0343,4690
0.204,2258
-0.0777,8097
-0.0583,6653
0.0681,3635
-0.0535,7017
0.185,3344
-0.105,8134
-0.0253,5753
0.0764,3452
0.321,1902
0.0225,4650
-0.000171,5571
-0.0325,5752
0.0486,3720
0.0658,2830
-0.0952,7362
-0.0591,7917
-0.369,9637
-0.0816,7183
0.106,4241
0.056,3733
0.341,1192
0.233,1220
0.545,1194
0.268,1169
-0.0989,8497
-0.342,10530
0.283,1151
0.354,837
0.157,1733
0.229,2044
-0.0334,6167
-0.0311,6930
-0.254,8405
0.125,2446
0.0677,3626
-0.12,7449
-0.11,8477
-0.108,7747
-0.104,7638
-0.13,8042
-0.181,8149
0.294,682
0.207,464
-0.0271,6973
-0.0469,6387
-0.0875,6974
-0.185,7907
-0.0772,7137
0.0623,3242
0.135,1769
0.0556,3527
-0.151,10166
-0.146,8142
0.435,1351
-0.0157,6169
0.091,2726
-0.153,9580
0.0837,3399
-0.252,8598
0.0659,4262
-0.0537,8078
-0.151,8923
0.179,2031
-0.339,10444
0.263,2095
-0.276,10308
0.0327,4258
-0.0195,6200
0.223,1693
0.225,2193
-0.113,8322
0.161,3018
-0.011,5987
0.172,1216
0.209,1031
-0.193,8501
-0.18,7773
0.428,571
-0.133,8202
-0.211,8351
-0.0895,7571
0.222,1326
-0.0622,6442
0.319,163
-0.252,8288
0.207,814
-0.27,10142
-0.494,10729
-0.212,6762
-0.0334,6215
0.0831,1826
0.138,1458
-0.0763,7017
-0.261,9408
-0.399,8987
-0.277,10320
-0.0277,6139
0.162,1248
0.144,2645
0.0224,4677
0.0765,3150
-0.0313,6031
-0.0479,7638
0.00983,5078
-0.103,8647
-0.382,10865
0.118,3499
0.145,3273
0.202,899
0.157,1265
0.0689,4118
0.432,175
0.088,3397
-0.163,8784
-0.184,9335
-0.266,10845
-0.0553,8009
0.397,177
0.00972,4768
-0.0858,6593
0.0216,4643
-0.237,10886
0.145,2668
0.112,2750
-0.042,6562
0.243,169
-0.0671,7400
-0.17,9841
-0.0582,6767
0.116,3314
-0.23,7851
-0.0967,7070
-0.209,10002
-0.0553,7595
0.126,3359
-0.266,10394
0.249,1427
-0.179,7059
-0.158,9764
0.131,2440
-0.119,8266
0.128,2606
-0.0229,5681
-0.0173,5568
0.157,97
-0.264,9312
-0.228,8640
0.481,383
-0.127,8291
-0.0946,7759
0.0222,4788
0.144,1621
0.0567,3708
0.092,3506
-0.32,8204
0.534,48
-0.0429,6998
0.259,2120
0.00965,5224
-0.0205,5706
0.134,2664
0.0446,3289
-0.0824,7902
-0.107,7843
-0.083,7633
0.0859,3769
-0.126,7458
0.353,1341
-0.153,10033
-0.12,8673
-0.413,10099
0.296,2087
-0.229,9589
-0.172,7069
0.0255,4595
-0.175,9104
-0.201,10203
-0.0337,6355
-0.165,7794
0.126,1569
0.0134,4809
0.138,2398
-0.319,8247
0.355,674
-0.0771,6034
-0.131,9058
0.103,2198
0.1,1386
-0.004,5382
-0.135,8491
-0.26,9599
0.0025,5313
-0.0927,8983
-0.00929,5611
0.328,2443
-0.17,9668
0.0248,4545
-0.0914,7655
-0.133,8363
0.00586,4923
0.0114,4866
0.115,2852
-0.311,10381
0.14,3612
0.193,575
-0.0846,7022
0.00749,5324
0.229,1078
0.04,3489
0.229,1633
-0.0158,6165
-0.0271,5914
-0.212,9585
-0.145,9264
-0.0668,8025
-0.131,9214
-0.303,10521
0.43,199
-0.0251,5974
0.143,1171
0.126,2099
0.513,933
-0.291,10465
-0.181,10450
-0.144,8060
-0.0776,7255
0.121,3214
-0.0703,8214
0.219,329
-0.0415,6081
-0.2,9668
0.212,2251
0.302,1341
0.089,3289
-0.294,10350
-0.164,8434
0.0489,4303
-0.0358,6103
-0.15,8569
-0.508,10753
-0.107,8985
0.0398,4259
-0.0289,6606
0.131,2377
-0.168,8899
-0.0497,8498
-0.189,10700
0.0745,3086
0.397,717
-0.296,9843
0.0809,3212
0.617,318
0.0304,3536
-0.0321,6560
-0.212,10298
-0.0259,5645
-0.325,8622
0.22,2341
0.0298,4359
0.221,1246
0.3,287
0.235,1133
-0.0578,6855
0.1,2743
-0.258,10737
0.17,1197
0.284,537
-0.0913,7049
0.289,884
-0.194,8934
-0.398,10600
0.104,3185
0.263,1497
-0.127,7947
-0.0331,5881
-0.0613,7122
0.0939,2105
0.018,4702
0.0596,4156
0.00648,5188
-0.0472,7836
-0.291,9961
0.0714,3707
-0.0955,9138
0.00219,5363
-0.00883,5457
-0.344,10132
-0.0553,7715
-0.214,10687
-0.17,10930
0.152,1119
0.0389,3917
-0.173,7124
0.0231,4560
-0.037,6073
-0.0448,6337
-0.0327,5885
-0.0386,5795
0.00858,4959
0.113,3897
-0.289,10292
0.085,2130
0.0517,4315
0.313,876
-0.151,8065
-0.00369,5492
-0.0179,5915
-0.086,8039
-0.281,9617
-0.136,7892
-0.13,8832
-0.0271,6011
0.219,585
-0.159,9293
-0.0712,8016
0.378,563
-0.061,6661
0.0768,3415
-0.0898,9531
-0.06,7983
-0.0818,7368
-0.0577,6766
-0.224,9431
-0.141,8423
0.0334,4412
0.0305,4114
-0.247,8037
0.405,109
0.182,1833
-0.333,10352
0.146,1429
0.261,239
-0.087,6937
0.0514,4402
-0.0752,8498
1.47,14
-0.13,9659
0.266,675
-0.318,10855
0.0318,4551
-0.128,7332
0.0381,4343
-0.141,9393
-0.0255,6395
0.48,341
0.26,1574
0.131,3552
-0.00498,5649
-0.225,8298
-0.163,9993
-0.0392,5900
-0.0303,6127
-0.101,7016
0.103,2719
-0.1,9213
-0.21,10375
-0.064,7124
-0.212,8384
0.0297,4787
0.086,2874
0.0331,4595
0.0715,3714
-0.249,9188
0.128,2056
-0.00893,5343
0.289,746
0.0167,4925
-0.256,10490
-0.00984,5904
-0.0531,7173
0.0986,2348
-0.0482,6534
-0.0687,8014
-0.139,9081
-0.011,5407
-0.0965,9135
-0.0786,6536
-0.013,5622
-0.00305,5489
0.0419,3994
-0.126,7667
0.115,2937
0.127,2567
0.241,1493
0.0799,1477
-0.0289,6174
-0.0115,5376
-0.108,8168
0.195,357
0.112,2184
0.233,1513
0.238,648
0.12,2447
-0.0706,6241
0.232,1290
0.249,1666
0.0466,3596
0.0373,3868
-0.176,10056
-0.254,9609
0.126,2261
-0.206,8578
-0.197,9902
-0.0153,5837
0.057,3782
0.602,755
0.244,1632
0.256,1887
0.018,4842
0.0448,4105
0.214,1162
0.0559,4346
-0.347,10914
0.0361,4149
0.454,8
-0.111,8843
-0.166,8621
0.34,2115
0.259,1091
-0.0994,7689
0.183,1666
-0.0833,9316
-0.0442,6370
-0.0707,7254
0.458,1411
0.157,2429
0.00591,5222
-0.117,10419
-0.0339,5964
-0.169,8779
0.0677,2773
-0.307,10507
-0.211,10086
-0.03,6674
-0.0896,8283
0.0373,4525
0.0628,3432
-0.00717,4980
-0.119,8461
0.0667,2106
0.0791,3444
-0.314,10986
-0.47,9991
-0.0342,6045
0.0722,1686
0.0318,3884
-0.0465,6787
-0.171,9430
-0.188,8624
0.286,272
-0.0279,6105
0.061,2881
-0.0499,7368
-0.286,10050
0.0723,4199
0.0769,3623
0.0306,4226
-0.0333,6788
-0.0858,7852
0.0161,4990
-0.0234,6075
0.0357,4712
-0.0213,6621
-0.0425,6985
-0.0354,6342
0.256,2887
-0.0028,5501
-0.219,8097
-0.241,9131
-0.126,7965
0.0112,5201
0.036,3813
0.174,805
0.0624,4318
-0.166,9441
0.0346,4131
-0.176,9546
0.0217,4733
0.205,1202
-0.171,9031
-0.0427,6262
-0.0682,6924
0.117,3383
-0.494,10520
-0.116,7228
-0.22,7972
0.0915,3027
-0.0439,6593
-0.158,7783
-0.19,9919
-0.2,9043
0.0458,4424
-0.194,9913
0.0593,3969
0.257,1104
0.0371,4179
-0.107,7671
0.484,428
-0.0298,5840
0.0338,4695
-0.0565,6373
-0.24,8254
0.0352,4428
-0.186,8314
0.0793,3133
0.00618,5154
-0.0323,6502
-0.0293,5714
0.24,2075
-0.345,10092
-0.127,9515
-0.0349,5931
0.151,1146
-0.152,9995
-0.112,7558
-0.318,9436
-0.184,8956
-0.0132,5888
-0.24,9251
-0.0629,6639
0.291,2828
-0.052,4359
0.0539,4376
0.0653,3961
0.00927,5000
0.287,1374
0.0714,2596
0.0976,2808
-0.107,8852
0.232,287
-0.123,8483
0.0513,4053
-0.00217,5591
0.0945,4117
0.108,2399
0.13,1088
0.197,2322
-0.0497,6623
-0.141,7734
-0.0989,7538
0.0834,2871
-0.0122,5248
-0.0716,6608
-0.0631,6188
0.156,3008
-0.0792,7036
-0.033,6328
-0.0871,8333
0.749,25
0.0174,4578
0.1,2295
0.311,1533
0.153,1119
-0.232,10422
-0.138,8835
-0.164,9789
-0.0281,5509
-0.16,7487
0.14,1623
-0.0628,7946
-0.116,7424
-0.0995,7438
-0.195,8465
-0.203,9196
0.0355,3904
-0.309,10186
-0.367,9366
0.139,2499
-0.145,8991
0.0827,3996
-0.0771,7346
0.0374,4081
0.00249,5220
-0.108,7638
0.0362,4393
-0.121,8354
-0.14,9529
0.00462,5430
0.233,2342
0.0757,3344
0.168,1587
-0.0918,7998
-0.0249,5670
0.0756,3284
0.328,802
0.128,1399
-0.0436,6619
0.0687,3150
0.0368,4418
-0.242,10248
0.019,4894
0.225,1321
0.235,2895
0.0575,3705
0.0761,2601
0.0498,3430
-0.148,9918
-0.0226,5928
0.0709,3244
-0.132,9673
0.0235,4047
-0.196,9291
0.254,353
0.168,1742
-0.383,10436
0.171,2077
-0.128,8270
0.0257,4564
-0.299,10449
-0.279,10562
0.15,2703
-0.00417,5536
-0.0924,7226
0.00722,5025
0.353,71
-0.174,6872
0.255,1656
0.179,2087
0.0512,3771
0.0366,4360
0.118,2764
-0.238,10110
0.164,2299
-0.0594,6524
0.00831,5329
0.0207,4528
-0.126,7941
-0.0564,6318
-0.0949,6918
-0.186,9765
-0.0527,6910
-0.0319,6360
0.0269,4922
-0.236,9820
0.0124,4925
-0.0769,8296
-0.0136,5756
0.0351,4412
-0.149,9819
0.569,367
-0.348,10922
-0.251,10569
0.0984,2547
0.255,1219
0.221,1557
-0.133,9373
0.254,781
0.0299,4390
0.0546,3148
-0.0523,5728
0.0206,4813
-0.108,5181
0.00611,5054
0.105,2619
-0.0398,5548
0.64,871
0.172,1671
-0.168,9109
0.0364,4305
-0.149,10767
-0.212,9206
0.154,2457
-0.168,7921
-0.0534,6263
-0.085,7707
-0.0847,6940
0.245,2073
-0.222,9764
0.65,51
0.19,2029
0.204,1171
-0.0887,9261
-0.0851,6215
-0.107,7266
-0.276,9646
-0.339,10788
-0.0674,7534
-0.32,10450
0.145,2186
0.0145,4744
-0.111,5307
0.0986,2184
0.137,1322
-0.105,9189
0.279,312
-0.0508,5988
-0.306,10523
0.0778,3989
0.0088,5000
-0.0437,6822
0.324,1015
0.0209,4738
-0.288,9405
-0.249,9894
0.0441,3862
0.0413,4528
-0.0243,5728
-0.213,9553
-0.376,8853
0.334,1443
-0.0595,7499
0.0753,3721
-0.204,9115
0.173,1630
-0.016,5983
-0.236,9841
-0.0937,7781
0.0944,2867
0.282,1110
0.113,2950
-0.359,9942
0.28,1319
-0.0219,6185
-0.00256,5570
0.0346,3896
0.00548,5216
0.0678,3928
-0.146,8889
-0.0888,9054
-0.128,9556
-0.176,9153
0.248,1481
0.251,957
-0.0716,8296
0.411,242
-0.122,9194
-0.22,9891
-0.0272,6080
-0.307,10232
0.186,1086
-0.00653,5993
0.217,733
-0.0529,6976
0.392,1499
0.0681,3059
-0.0183,5334
-0.0381,6917
-0.0863,9168
-0.245,9546
-0.0145,5539
0.0465,4543
-0.132,8221
-0.0518,7194
0.191,1431
0.0849,2525
0.161,1283
0.000986,5238
-0.237,10063
0.0732,3871
-0.233,10626
0.00902,4944
0.236,703
-0.31,9544
0.835,90
-0.111,9403
0.0184,4558
0.017,4773
-0.139,8258
-0.184,8690
0.0348,4002
0.178,1436
-0.31,10141
-0.0169,6577
0.136,1195
-0.191,7317
-0.0381,6187
0.0144,4814
0.293,456
-0.201,10476
-0.175,9992
0.0648,3527
-0.122,7302
-0.185,9840
-0.039,6872
-0.14,8223
0.082,3360
-0.25,10331
-0.0683,7103
-0.254,10977
-0.206,10639
-0.0256,6279
-0.243,8914
0.00879,4994
-0.0875,7490
-0.0421,7332
0.015,4721
-0.33,10525
-0.145,8079
-0.193,7605
0.228,1199
-0.0677,7455
-0.0583,6290
0.0282,4138
-0.172,9081
0.0527,4614
-0.109,8730
-0.071,7296
0.0334,4025
-0.0196,6101
0.0422,4221
-0.161,8896
0.126,1293
0.105,2836
0.0668,2818
0.0212,4647
0.206,1657
0.0463,3919
0.141,1137
-0.00435,5548
-0.12,7408
-0.222,10398
-0.0526,7938
-0.316,9866
0.0507,4037
0.141,1255
0.0618,3476
0.235,1319
-0.113,9007
-0.0426,6315
-0.254,9585
-0.0499,8013
-0.221,10578
-0.0175,5456
-0.279,10391
0.00113,5523
-0.0733,6146
-0.123,7814
-0.0974,9508
0.0858,3155
-0.0384,6020
0.135,1449
-0.167,8427
0.261,949
-0.00846,5499
-0.173,7961
-0.00359,5219
-0.0842,6931
-0.0637,6649
0.0519,3224
-0.29,10080
-0.0685,7089
0.00407,5352
-0.0131,5693
0.000862,5236
-0.101,9260
0.0776,2081
0.218,2336
0.163,1763
-0.375,9614
0.184,2947
0.0941,1372
-0.00894,5793
-0.068,6723
-0.223,8721
0.0256,4475
0.0285,4729
-0.0144,5734
-0.0784,8804
-0.0404,6560
0.0311,4511
0.344,621
-0.0828,6358
-0.0373,7048
-0.189,10727
0.0201,4616
0.0613,3920
-0.161,8809
-0.11,6526
-0.0478,6572
0.223,1330
0.0908,2295
-0.00686,5655
0.1,2070
-0.0374,6359
-0.047,6889
-0.008,5694
0.0969,3167
-0.0027,5207
-0.00116,5404
-0.0121,5552
-0.12,7610
-0.236,9948
0.118,3492
0.0251,4645
0.0922,2312
0.0193,4925
-0.231,9935
-0.0186,5254
-0.0524,7809
0.135,2750
-0.0773,7589
-0.155,9501
0.0452,4351
0.136,2610
0.274,452
0.266,1168
0.0265,4477
-0.0693,7937
0.0429,3885
-0.0228,5852
-0.195,8564
0.0547,3720
-0.0356,6461
-0.24,9660
-0.198,8968
-0.185,9609
-0.0725,7862
-0.0678,8251
-0.0531,6783
-0.156,8524
-0.123,8495
-0.0985,7554
-0.0773,8498
-0.0605,8088
-0.0474,6859
0.0231,4402
0.017,4808
-0.204,6206
0.109,1623
-0.175,9780
0.0178,4569
0.204,1721
-0.0357,6594
-0.0223,5693
-0.00883,5582
-0.0927,8428
0.0197,4634
-0.388,8444
0.194,2999
-0.0893,8100
-0.00932,5600
-0.0696,6079
0.19,1867
-0.104,7907
0.0194,4923
0.166,1545
-0.0844,8572
-0.0577,8280
0.00996,4934
-0.176,9477
-0.0907,8648
-0.159,8818
0.137,3196
0.0871,3065
0.0395,4126
0.00621,5366
-0.00815,5400
0.0568,4311
0.0612,4153
-0.0466,7349
-0.0648,6644
-0.116,8410
-0.0795,8083
0.000951,5402
0.234,740
0.0833,2218
0.0582,3249
-0.013,5827
-0.00626,5732
0.115,2984
-0.206,7928
0.269,814
-0.124,10142
0.347,790
-0.272,9510
-0.292,9645
0.345,1025
-0.226,9274
0.53,33
-0.0516,7147
0.0702,3413
0.113,2523
-0.244,10491
0.112,1959
-0.101,8332
-0.0188,5551
0.359,1546
-0.113,7495
-0.269,10301
0.0922,3462
0.137,1323
0.107,2566
0.232,1029
-0.0192,5837
-0.0258,5734
-0.197,9895
0.148,2420
-0.278,9936
-0.118,8386
0.147,1167
-0.213,9700
-0.179,8014
0.125,2856
-0.186,8294
-0.12,10016
0.394,17
-0.0407,6146
-0.0786,7154
-0.296,8988
0.105,2067
-0.111,9029
0.0968,2632
0.268,1288
0.348,490
-0.277,10088
-0.314,10770
0.104,2682
0.0661,2872
-0.0733,8527
-0.0775,7518
0.108,3123
0.183,2627
0.0134,4848
-0.0543,5985
-0.0871,7625
-0.253,10091
0.0705,3220
0.789,483
0.153,1907
-0.00388,5608
-0.24,8502
-0.0169,5342
0.233,2348
0.0549,3800
0.0457,3773
0.0528,3883
-0.127,8694
0.114,3681
0.17,2803
0.0442,4181
0.0342,3928
0.0448,3023
0.0612,4133
-0.038,6626
-0.056,7480
0.0704,3425
0.0479,4082
-0.0812,8431
-0.116,7512
0.134,3300
-0.0524,6644
0.122,3031
0.234,412
-0.0218,5951
0.0627,4171
0.556,477
-0.114,8874
-0.00922,5053
0.254,1103
0.221,1133
-0.0643,7341
-0.0431,7009
-0.0479,7547
-0.0318,6291
0.115,2344
-0.131,8557
0.0731,3648
-0.0664,7326
-0.201,8690
0.724,822
-0.173,9894
0.000373,5321
-0.144,9033
-0.139,8071
0.402,111
0.432,24
-0.142,9729
0.0754,2740
0.0491,3519
-0.189,8062
-0.131,6740
0.488,404
0.126,1560
-0.0785,7737
-0.0677,7712
0.0277,4609
-0.128,8837
-0.0915,6890
-0.0394,7078
0.117,2853
-0.279,10211
-0.0321,6038
-0.0675,7905
0.194,2905
-0.0441,6399
-0.00708,5841
-0.163,10082
0.766,177
-0.154,9170
0.243,904
-0.115,8712
0.00345,5184
-0.126,7713
0.0215,4692
-0.205,9814
-0.175,10016
-0.00839,5689
0.0194,4559
0.155,1368
0.0312,4973
0.834,109
0.0417,4720
-0.0279,6338
0.0307,4381
0.226,642
-0.197,7981
0.101,2706
0.353,1341
0.00624,5352
-0.0625,7175
0.0531,4465
-0.0727,7508
-0.0277,5331
-0.314,9589
0.00802,5023
0.46,122
-0.283,9960
-0.0649,5761
0.393,1233
-0.00769,5726
0.00144,5276
-0.254,10345
-0.143,8663
-0.322,10663
-0.0434,5096
-0.184,7726
-0.1,7728
-0.0726,8190
-0.155,8897
-0.323,9063
0.0381,4412
-0.124,8231
-0.00146,5533
-0.0145,5527
-0.0426,5920
-0.134,7936
0.057,4356
0.195,1215
0.0434,4208
-0.098,6950
-0.0939,7871
0.0188,4564
-0.491,8572
0.0603,4038
-0.118,8324
0.0843,1452
0.14,1798
-0.166,8132
0.193,3486
0.0811,3783
-0.0711,8081
-0.117,10136
-0.0981,6291
0.935,163
-0.204,8108
-0.0772,7169
0.0114,4902
-0.0179,6049
-0.112,9477
0.12,1597
-0.134,8311
-0.122,8117
-0.27,10897
-0.249,9688
-0.0599,6579
0.339,474
0.0391,4635
-0.171,7314
0.166,1142
-0.0435,6390
-0.109,8340
0.00712,5183
0.14,1803
0.138,2517
-0.0845,7976
0.0611,4014
-0.0625,6301
-0.00139,5581
0.143,2614
-0.183,8907
0.0286,4234
-0.0347,6829
-0.051,7238
-0.125,8681
-0.434,10866
-0.331,6957
-0.0982,7927
0.228,327
-0.371,9153
0.204,1515
0.101,2771
0.0882,3450
0.046,4374
-0.0205,6131
-0.202,9649
0.349,1187
0.0892,2443
-0.155,8781
0.0738,3162
-0.025,6396
0.62,46
-0.624,10420
0.433,293
0.0674,3438
-0.097,8366
0.0746,4144
-0.115,9225
0.135,2788
-0.0545,6460
-0.0567,5948
0.224,955
-0.0723,8244
-0.0377,6155
0.0942,2473
0.438,228
-0.429,8705
0.388,100
-0.0289,6828
0.044,4322
0.0116,5016
-0.675,9342
0.0734,3413
0.0733,2666
0.0316,4110
-0.0156,5431
-0.187,7041
-0.045,6651
-0.294,9133
-0.035,6538
-0.267,10193
-0.341,9686
0.00368,5371
-0.761,10690
0.107,2797
-0.0164,6017
-0.286,9924
0.0409,4360
-0.161,10522
0.0328,4385
0.265,2676
-0.0254,5776
0.263,771
0.0588,3701
0.245,330
0.128,3061
-0.101,7972
0.0384,4472
-0.0169,6117
0.133,2564
-0.0427,6540
-0.0746,5451
0.343,467
-0.111,8220
-0.214,10235
0.129,2452
-0.161,10312
-0.411,8213
0.0836,2897
0.0313,4363
0.513,299
-0.0888,6404
-0.061,7077
0.579,1107
0.0782,3064
0.146,2861
0.0199,4783
-0.145,7814
-0.00189,5353
-0.32,10823
0.0842,1484
0.103,1920
-0.0125,5913
0.0601,3470
-0.0765,8123
0.11,3121
0.0184,4824
0.03,4559
0.118,2035
0.00592,5081
0.114,1534
-0.103,7048
-0.212,9508
-0.312,9261
0.0333,4307
-0.051,6559
-0.156,10214
-0.15,8543
-0.0527,5655
-0.0633,7784
0.242,2176
0.00786,5295
0.245,907
0.422,273
-0.174,9504
0.161,521
0.0576,3261
-0.0459,6138
-0.329,10143
-0.572,10816
-0.0127,5326
-0.00621,5440
0.054,2969
0.374,2036
0.13,2260
0.0577,3933
0.112,2214
-0.143,8746
-0.0651,8241
-0.462,10868
0.52,1087
0.181,3428
0.101,2233
-0.0589,7009
0.0181,4515
-0.133,6739
-0.203,10634
0.149,2688
0.433,553
0.101,2910
-0.0696,6583
-0.21,9544
0.633,42
0.31,1440
0.183,2106
-0.157,9556
0.061,3451
0.333,156
-0.106,7367
0.032,4423
-0.148,9322
0.0998,1429
0.436,187
-0.136,9004
-0.281,9227
-0.377,9544
0.0251,4417
-0.121,9174
-0.111,9161
0.0941,2847
-0.148,8686
0.00603,5222
-0.419,10161
-0.0422,6404
0.251,826
-0.0538,6623
0.0423,3044
0.255,2086
-0.315,8049
0.341,278
-0.184,8384
-0.169,9151
-0.447,10785
0.402,203
0.121,2805
0.0625,3078
0.239,1229
0.0313,4562
0.0416,4271
0.067,4424
-0.0612,6982
0.321,50
-0.0207,6011
-0.396,10116
0.0112,5145
0.0947,3705
0.165,2465
0.0812,2255
0.273,133
-0.148,7797
0.149,2184
-0.0446,5728
0.167,2390
-0.359,10539
-0.0993,8187
-0.099,7963
0.0675,3786
-0.194,7957
-0.208,7912
-0.273,9629
0.0672,2015
-0.186,7741
-0.293,10896
0.51,501
0.0976,2464
0.0984,2620
-0.0397,6481
-0.0494,5516
-0.474,10903
0.0449,3582
-0.0248,5401
0.0504,3832
-0.0662,7441
-0.0703,6673
-0.104,6771
0.153,3068
0.27,1892
-0.0959,8159
-0.114,8950
-0.0906,7527
0.0282,4526
0.0524,4229
-0.0784,7952
-0.16,9673
0.0166,4288
-0.12,4491
0.398,890
-0.0937,9087
0.0759,2255
0.0163,4701
-0.00952,6049
0.136,2494
-0.00401,5498
0.0203,4679
-0.0179,5538
-0.298,10951
-0.106,8600
0.00273,5065
-0.35,9604
1.01,45
-0.227,9859
0.0344,4257
0.0407,4080
0.0631,4330
-0.128,8926
-0.233,8516
-0.295,9268
-0.186,9751
0.0516,3854
0.0129,5053
-0.191,7655
-1.19e-05,5353
0.166,629
0.336,684
-0.241,9916
-0.23,6747
0.0157,4928
0.022,4412
-0.231,8763
-0.0751,7155
-0.243,9382
-0.207,8619
-0.244,9072
0.0583,2873
-0.0376,6813
0.0988,2379
-0.0672,7997
0.33,192
0.93,36
-0.0539,5983
-0.158,7285
0.244,236
0.217,993
0.062,3552
-0.425,10086
-0.0972,8746
0.0636,4053
-0.0486,6669
-0.00354,4780
0.111,2580
-0.212,7959
0.396,1318
0.315,1346
-0.101,8704
-0.0256,6323
0.0433,3588
0.22,2306
0.299,2426
0.157,1967
-0.105,7520
0.232,1242
-0.159,8714
-0.119,8919
-0.0672,6102
0.268,1803
0.00313,5100
-0.187,10452
-0.153,8441
0.034,4448
-0.283,7485
0.496,251
0.0194,4589
-0.164,8401
-0.186,8811
-0.203,8855
-0.153,8610
0.0782,3978
-0.157,8521
-0.225,8610
0.149,2438
-0.156,8627
0.0294,3964
0.0639,3635
0.217,1706
-0.14,8919
0.0472,4091
0.0808,3276
0.0109,4649
0.113,1471
-0.155,8543
-0.0131,5750
-0.0483,6721
-0.134,7831
-0.244,10748
-0.176,7014
0.0706,3081
-0.221,10520
-0.104,7728
-0.0475,6434
-0.192,10142
0.0626,4299
-0.112,8726
0.174,1629
0.174,1765
0.0668,3622
-0.3,7969
-0.254,9593
0.0763,2726
0.18,1790
0.324,2115
0.178,1798
-0.207,9843
-0.138,9303
-0.265,10557
-0.111,9156
-0.178,9263
-0.133,6136
0.195,2863
-0.0462,6850
0.0857,2045
0.074,3196
0.00196,5298
0.0899,2662
-0.0551,7029
0.201,2005
-0.265,10642
-0.099,8486
-0.111,6558
0.0228,4709
-0.0484,6840
0.0737,4012
0.138,801
0.457,178
-0.132,8611
-0.0904,5356
0.0408,4190
0.0447,3914
-0.212,8302
0.0052,5161
-0.0687,7576
-0.356,10094
0.189,2134
-0.123,7282
0.0284,4328
-0.0294,6561
-0.153,8135
0.136,2643
0.142,2272
-0.0497,7048
-0.034,6675
-0.0184,6129
0.0247,4972
-0.00906,5573
0.855,990
-0.0216,6203
-0.117,8240
0.261,769
0.446,957
-0.177,9251
-0.00941,5396
-0.0189,5791
-0.0119,5912
-0.137,9157
-0.137,7409
-0.0484,6166
0.201,2382
-0.135,8782
-0.127,9828
-0.218,10519
-0.0931,7120
0.332,495
-0.0399,6040
0.231,1998
0.0868,3013
-0.118,9529
0.278,1140
0.219,3077
0.0951,2343
0.114,1521
-0.372,10926
-0.246,8285
-0.142,9852
-0.00233,5403
0.063,3735
0.0396,3205
-0.2,10061
0.0271,4139
-0.0736,8619
-0.105,8412
-0.0135,5583
-0.0982,8245
-0.168,9045
-0.0703,6596
0.143,1169
-0.243,9552
0.0133,4734
-0.226,8572
-0.323,8349
-0.309,8543
0.45,881
-0.108,8344
-0.203,7568
0.232,1176
-0.13,9807
0.0699,3382
0.264,1004
-0.196,10365
0.00919,5017
-0.313,8466
-0.0812,8924
0.331,307
0.0748,3790
0.268,1737
-0.263,8783
0.086,4047
0.0272,4247
0.00363,5028
0.0398,4129
0.252,464
0.00368,5206
0.226,1716
-0.0356,7398
-0.0525,7597
0.106,3474
0.0945,3387
0.0714,3864
-0.18,9379
0.143,1280
0.0165,4950
-0.243,9983
-0.13,8646
0.548,1246
-0.0709,7162
0.0272,4318
-0.144,8744
0.0285,4501
0.15,2277
-0.0687,6893
0.097,3475
0.513,47
0.176,684
0.0205,4652
-0.169,7099
0.386,1855
-0.0314,6317
-0.0566,6721
-0.0272,5872
0.326,1095
0.0832,3217
0.265,945
-0.106,5795
-0.133,7668
0.0553,3682
-0.214,10200
0.0972,2621
0.276,570
0.294,556
-0.121,8897
0.171,2340
-0.111,7767
0.747,354
-0.148,10029
-0.0304,6941
-0.126,8869
-0.0474,6665
0.117,2700
0.0627,3967
-0.078,6842
-0.19,9893
-0.233,10670
0.26,2091
-0.279,5910
-0.325,10071
-0.0794,8981
-0.0374,6223
-0.121,9991
-0.102,6724
-0.00735,5226
0.0981,3045
-0.0756,8988
-0.25,4920
-0.66,10986
-0.217,8953
0.11,3229
0.152,1172
-0.0385,6530
-0.393,10898
-0.156,7956
-0.145,5622
-0.00143,5518
-0.0542,7602
-0.0494,8169
-0.182,9933
-0.131,7809
0.144,1223
-0.293,9889
-0.0337,6879
-0.0105,5768
0.254,1930
-0.157,10218
0.391,2331
0.227,928
-0.0742,7049
-0.132,7861
0.581,143
0.0348,4343
-0.0339,6358
0.925,158
0.0454,4356
-0.258,8838
0.217,1743
-0.11,8069
0.215,2189
0.0283,4557
-0.169,9442
0.174,819
-0.295,10886
-0.0393,5840
0.0909,3752
0.0617,3818
0.2,765
0.169,869
-0.344,8689
-0.125,7321
-0.114,7964
0.0109,5021
-0.153,8622
-0.136,9160
0.298,1121
-0.193,7979
0.173,2703
-0.326,10708
-0.00899,5902
-0.0492,6680
0.0516,4025
0.166,2484
0.272,1117
-0.0781,6381
-0.263,9959
0.1,3016
0.148,2616
-0.164,8124
-0.129,8079
-0.361,7742
-0.0327,6384
0.0392,4405
-0.124,8165
0.043,4039
0.403,232
-0.0411,6635
-0.00517,5745
-0.0491,7079
-0.00482,5435
-0.106,7515
0.0244,4633
-0.0752,5645
-0.0599,7737
0.073,3394
-0.0679,6666
-0.167,8486
-0.415,9638
-0.258,10014
0.00435,5121
-0.0682,6686
0.0388,4228
0.146,2125
-0.0163,5540
0.114,3180
-0.153,9516
0.0305,4163
-0.00202,5473
-0.0764,7159
-0.226,8856
-0.0508,6364
-0.0959,8115
-0.281,10580
0.172,411
-0.0402,7172
0.0286,4370
-0.127,9314
-0.148,10216
-0.131,9540
0.523,379
-0.27,7951
-0.153,7595
-0.0345,5635
-0.13,9307
0.0792,3162
0.0476,3396
0.0813,3565
0.297,1072
-0.109,8368
0.17,560
0.105,2478
0.112,3057
-0.0605,6708
-0.268,9842
0.417,1010
0.459,178
-0.0537,6921
-0.0892,6504
-0.335,10116
-0.264,8571
0.28,282
0.245,717
-0.124,9850
0.0789,3431
0.0272,4548
0.0493,4147
-0.194,10429
0.0222,4496
-0.106,9075
-0.202,8961
-0.00853,5584
0.003,4984
-0.0165,5786
0.00155,5254
-0.00927,5691
0.0808,2259
-0.0111,5411
-0.206,9336
0.409,768
-0.236,9311
-0.0674,7088
-0.0505,6892
0.0297,4805
0.276,1061
-0.181,9253
0.47,839
0.135,816
0.00627,5300
0.568,181
-0.00418,5470
-0.0799,6870
-0.131,6974
-0.234,10915
-0.0771,8292
0.321,459
0.0478,3898
0.299,439
-0.00674,5757
0.0664,3052
-0.0778,7843
0.171,2923
-0.0413,5943
2.04,4
-0.241,10501
0.257,599
0.149,1655
-0.0945,8312
0.0883,2623
-0.029,6312
-0.239,8432
0.243,2195
-0.261,9950
-0.0766,7114
-0.00657,5431
-0.231,8998
-0.274,8797
-0.095,8562
0.186,501
0.144,1590
0.137,2116
0.1,2769
0.33,631
0.00864,5160
0.011,4978
0.0711,3244
-0.22,10336
0.0728,3725
-0.13,8347
-0.0365,7577
-0.029,5846
-0.14,9927
0.223,1195
-0.228,10368
0.0486,4170
-0.23,8356
-0.0222,6069
0.14,1893
-0.211,10773
-0.245,8981
-0.254,9450
-0.0429,5687
-0.107,7641
0.0499,3788
-0.18,8830
-0.0781,7272
0.112,2714
-0.154,8038
0.0117,4930
-0.0902,8063
0.128,2712
0.0269,4760
-0.148,9037
0.701,489
-0.0407,6986
-0.0347,6670
-0.269,9145
0.324,694
-0.436,9467
0.0773,4205
0.0391,3891
-0.0227,5716
-0.0706,6776
-0.0458,5942
-0.00489,5337
-0.0514,5888
-0.0644,7938
0.0948,3034
-0.00294,5537
-0.16,7984
-0.255,10642
0.292,2225
0.0796,2021
0.0646,3346
0.0368,4711
0.00247,5384
0.192,1007
-0.0928,6469
-0.129,10118
-0.12,10354
0.332,822
0.0262,4375
0.0844,3494
-0.34,10440
0.0938,3614
0.244,1926
-0.179,8261
-0.159,8097
-0.0994,6342
-0.0279,5894
0.12,2140
0.0945,2139
-0.459,8273
-0.127,7447
-0.00621,5093
-0.00358,5434
0.00907,4914
0.153,1124
-0.163,9577
0.0586,4310
0.0417,4872
0.0405,4269
-0.112,8493
-0.116,7626
-0.457,10428
-0.0701,6636
-0.356,9821
-0.324,10516
0.341,436
-0.0621,9453
0.0543,4326
-0.456,8742
-0.0172,5777
-0.111,8138
-0.0313,6618
0.0833,3618
-0.182,6220
-0.319,10882
-0.16,8068
0.209,2207
0.295,913
-0.142,9932
0.0909,3210
0.0275,4287
-0.106,7349
-0.284,10518
-0.0205,6321
-0.11,8093
0.0509,4106
0.54,374
0.0734,3737
0.159,3359
-0.473,8439
-0.1,9740
-0.0405,5869
-0.124,8097
-0.0524,6411
0.121,3274
0.0279,4494
-0.0572,6553
0.404,1064
0.257,590
0.0375,4461
0.0876,2995
-0.0319,6252
-0.212,10665
-0.24,8909
-0.215,9648
-0.122,7906
0.0371,4315
-0.0337,6080
-0.172,9693
-0.281,10200
-0.0863,7100
0.52,1572
0.448,1100
-0.256,10335
0.172,2698
0.0886,3076
-0.0847,7650
-0.16,9093
0.138,2655
0.0141,4947
-0.0207,5983
0.00446,5186
0.219,1464
0.163,2379
-0.048,6124
0.0407,3865
0.0896,3260
-0.091,6784
-0.0876,7983
0.0998,2910
-0.224,9106
0.0433,2675
0.0565,4046
-0.231,9650
-0.12,7876
0.149,2718
0.696,430
0.0115,4956
-0.0519,7637
-0.169,9401
-0.166,10250
-0.0771,6792
0.345,485
0.195,1886
-0.0971,7513
0.0457,4074
0.0666,3309
0.14,3279
-0.35,10436
0.306,1815
0.0253,4907
0.241,1514
0.193,2182
-0.167,9422
-0.126,8581
0.158,994
0.00806,4963
-0.0608,6400
-0.0533,6114
-0.121,7838
0.138,2784
0.364,286
0.0885,1552
-0.0455,6549
-0.277,10832
0.439,1325
0.0394,4456
-0.115,8753
-0.296,10585
-0.166,8983
0.225,1292
0.17,2803
-0.118,8439
-0.0982,8893
-0.129,10556
-0.145,8289
0.235,1392
-0.116,7498
-0.216,7996
0.0195,5138
-0.0467,6550
-0.143,9200
-0.391,9210
-0.0502,6049
-0.112,7134
0.0188,4860
0.253,1257
-0.322,10388
-0.0624,7322
-0.138,8916
0.161,1912
-0.0147,5807
-0.0122,6039
-0.151,8084
0.485,51
-0.348,9736
-0.118,6827
0.00684,5058
-0.112,7785
0.00402,5031
-0.163,8919
0.117,1526
0.367,781
-0.139,8381
0.0744,3859
0.163,1797
0.177,1152
-0.0902,7754
-0.253,8696
-0.127,8774
-0.169,7586
-0.0542,6764
0.0694,3210
0.128,2855
-0.202,9005
-0.0812,7622
0.0147,4546
-0.0709,7724
-0.0177,5444
0.312,1540
-0.123,10109
-0.0937,9708
0.197,1492
0.261,1000
-0.161,9418
-0.14,7304
-0.0331,5683
-0.108,9152
0.0836,2755
-0.289,9837
-0.102,8277
-0.18,8950
0.247,234
-0.149,10875
0.167,294
1.14,414
-0.4,8204
0.0704,2571
-0.199,10034
0.0978,2171
-0.125,8537
-0.464,9328
-0.00409,5122
-0.155,8315
-0.135,8094
0.126,1355
0.0424,4074
0.0977,3276
0.391,1460
-0.0683,5874
-0.0217,5952
0.198,1451
-0.035,6340
0.0758,2237
-0.121,7800
-0.0747,7017
0.257,1456
0.0332,4214
0.0128,4849
-0.182,9698
0.239,2086
0.283,2286
-0.0963,9179
0.111,2844
-0.0645,7425
0.061,3816
0.162,1672
-0.239,10385
0.0422,4108
0.418,691
0.254,864
0.00784,5162
-0.476,10342
0.21,2020
0.217,736
-0.0406,6371
-0.0689,6545
-0.0894,7014
0.0453,4241
-0.0153,5938
-0.0461,6689
0.0925,2004
0.0923,3741
-0.0662,6497
-0.134,7490
-0.13,8668
0.0401,3184
-0.15,9246
-0.148,9005
-0.0588,7799
0.0507,3656
0.0873,3522
-0.208,10263
-0.107,7849
0.16,2153
-0.125,7907
-0.0958,7432
-0.139,9048
-0.385,10316
0.0503,4406
-0.131,9717
-0.00237,5306
0.273,798
0.355,1547
-0.0707,7738
-0.205,7252
-0.056,7341
0.375,580
-0.288,10203
-0.107,7251
-0.165,9592
-0.107,9090
-0.0518,6870
0.2,2812
0.513,1037
-0.0573,5769
0.00611,5011
-0.153,9341
-0.287,10164
-0.00141,5523
0.0896,3003
0.257,1638
-0.0418,7495
-0.00503,5658
-0.273,9947
0.147,985
-0.00673,5328
-0.199,9155
0.0389,4342
-0.0409,6338
0.302,711
0.074,3842
-0.386,9557
0.198,1730
-0.101,9014
-0.145,8652
-0.11,8171
-0.128,7148
-0.101,5550
-0.273,7976
-0.0494,7684
0.356,1668
-0.196,9421
0.263,1002
-0.28,9732
0.263,2869
-0.186,10327
-0.369,8680
-0.0969,6822
-0.175,9718
-0.246,9076
0.0543,4385
0.0782,2773
0.171,2210
-0.0783,7731
-0.241,9491
0.0791,3259
-0.13,9160
-0.0846,9432
-0.113,8496
-0.0853,6833
0.208,1382
-0.0188,5583
-0.0868,6044
-0.337,10913
0.124,2524
-0.0173,5828
-0.142,8294
-0.0153,5630
-0.0863,7246
0.00672,5354
0.367,373
0.000141,5454
0.136,1359
-0.119,7079
0.538,268
0.0286,4503
0.131,1918
0.0775,3364
0.134,2193
-0.182,9694
0.0682,4375
0.176,717
-0.0555,7845
-0.151,9209
-0.0198,5678
-0.113,7557
-0.0231,5516
0.13,2092
-0.0759,7726
0.0508,4268
-0.0968,6637
-0.189,9637
-0.0503,6208
0.104,2785
-0.0701,8380
-0.068,6467
-0.0719,6422
0.304,2033
-0.00812,5381
-0.0899,8746
-0.0899,7392
-0.224,8418
0.176,1246
0.388,386
0.46,17
0.19,1058
-0.0038,5443
-0.0805,7459
-0.178,9030
-0.435,10421
0.514,146
-0.153,8816
-0.2,10619
0.113,1488
0.155,1475
0.27,1638
-0.0291,6451
0.179,2702
-0.0311,6412
0.104,1864
-0.16,8749
0.0647,2549
-0.0128,5542
0.082,3141
-0.0852,7728
-0.037,5770
-0.0803,7849
0.509,826
-0.103,7170
-0.0562,7857
0.1,1925
-0.0235,6309
-0.112,8239
0.0517,3359
-0.25,8958
-0.0775,7776
0.156,1401
-0.264,9953
0.142,2586
0.24,708
-0.236,9989
0.0795,3400
-0.0431,7038
0.136,1833
-0.0458,6617
-0.264,8451
-0.162,9719
0.0758,2366
-0.0595,6747
0.253,1251
0.287,325
0.167,2552
0.103,2967
-0.212,10372
-0.00792,5742
-0.00861,5699
-0.178,10467
0.188,1955
0.189,1879
-0.0973,8336
-0.02,6668
0.175,2453
0.174,2150
0.169,2733
-0.464,8943
-0.052,6843
-0.0947,8296
0.062,4196
-0.1,9526
-0.192,10149
-0.0439,6069
0.615,53
-0.00288,5345
0.571,127
0.194,1007
0.0819,3712
-0.633,8494
1.16,13
0.0142,5044
0.504,245
0.113,2694
-0.0826,6152
0.161,3054
-0.0807,7674
-0.0306,6694
-0.355,10470
-0.467,10348
-0.00659,5349
-0.0633,6616
0.0105,5115
0.073,3191
0.147,1923
-0.291,9423
-0.228,9655
-0.219,6968
-0.233,10907
0.0524,3692
0.0327,4682
0.231,1448
0.015,4670
0.181,2708
0.0603,3707
0.17,859
-0.126,8774
-0.0577,7379
-0.308,10530
-0.303,9533
0.0704,3549
-0.359,10210
-0.0929,6707
-0.0695,6786
-0.0673,6404
-0.0409,6525
0.0606,4018
-0.0973,9243
-0.0777,7398
0.35,257
-0.0819,7591
-0.346,10167
-0.0161,5931
0.183,178
-0.0769,7666
-0.201,7913
-0.0357,5940
-0.0401,5769
0.0226,3846
0.196,849
0.15,2350
-0.248,10644
-0.225,9681
-0.0915,6905
0.0172,4769
0.00706,4908
-0.0889,7387
-0.0245,6381
0.335,562
0.0465,4006
-0.262,10834
0.0419,4172
-0.119,8227
0.455,877
-0.0166,5544
-0.00648,5763
0.0525,3523
0.206,1863
0.655,484
-0.124,7517
0.311,2083
0.643,388
-0.00487,5814
0.103,2399
-0.159,8648
-0.0426,6589
-0.169,6258
0.318,595
-0.12,7422
-0.235,10498
0.0703,3259
-0.293,10750
0.465,925
0.0391,3588
0.111,1881
-0.166,10013
0.0546,3373
-0.169,8244
-0.277,9066
-0.251,8677
0.0161,4565
0.11,2480
-0.0551,6052
-0.0606,6457
-0.112,7192
0.0405,4325
0.152,2472
0.0314,4037
0.27,483
-0.0867,7601
0.145,2765
-0.0537,6233
0.0285,3852
0.00991,5077
0.255,1546
-0.206,9815
-0.0226,6547
0.472,602
-0.112,8784
-0.0643,7891
0.332,317
-0.0768,6275
0.0642,4186
-0.106,9382
-0.0684,7671
-0.113,9400
0.00822,5180
-0.113,8637
-0.258,10660
-0.228,7474
0.145,2089
0.0133,4865
-0.193,9373
0.0522,3501
0.12,2454
0.0791,2223
-0.014,6479
0.128,1555
-0.257,10309
0.0291,4656
-0.13,7385
0.45,736
-0.0222,5667
-0.189,10257
-0.208,8869
0.329,1094
0.0423,3756
-0.105,6271
0.116,3408
-0.253,10934
-0.0445,6998
-0.179,9242
0.338,557
0.142,3043
-0.128,10378
0.0146,4932
0.0242,4901
-0.0883,6758
0.12,2723
0.171,2832
-0.198,8931
0.133,1724
-6.94e-18,5514
